0 0 0.24024758
1 0 0.24051198
2 0 0.24085842
3 0 0.24117947
4 0 0.24124612
5 0 0.24129178
6 0 0.24148831
7 0 0.24157351
8 0 0.24157205
9 0 0.24138333
10 0 0.24097195
11 0 0.24022901
12 0 0.23921192
13 0 0.23746042
14 0 0.23586273
15 0 0.23421256
16 0 0.23291494
17 0 0.23204847
18 0 0.23160829
19 0 0.23169862
20 0 0.2322433
21 0 0.23305483
22 0 0.23413274
23 0 0.23525213
24 0 0.2367126
25 0 0.23802513
26 0 0.23874657
27 0 0.23941211
28 0 0.23990162
29 0 0.24026808
30 0 0.2405796
0 1 0.23336905
1 1 0.23329507
2 1 0.23388712
3 1 0.23465374
4 1 0.23553364
5 1 0.23554291
6 1 0.23533197
7 1 0.23483318
8 1 0.2345341
9 1 0.23426896
10 1 0.23400456
11 1 0.23374942
12 1 0.23357292
13 1 0.23351847
14 1 0.23361221
15 1 0.23387052
16 1 0.23434782
17 1 0.23484148
18 1 0.23547773
19 1 0.2361462
20 1 0.23685397
21 1 0.23754758
22 1 0.2382246
23 1 0.2420518
24 1 0.24150833
25 1 0.24100076
26 1 0.24075466
27 1 0.24065554
28 1 0.24065919
29 1 0.2407488
30 1 0.2408489
0 2 0.23315299
1 2 0.23295815
2 2 0.2337089
3 2 0.23522088
4 2 0.23615497
5 2 0.23637348
6 2 0.23625214
7 2 0.2360285
8 2 0.23585713
9 2 0.23573627
10 2 0.235612
11 2 0.23574287
12 2 0.23591962
13 2 0.23611397
14 2 0.2363962
15 2 0.23676461
16 2 0.23721066
17 2 0.2376716
18 2 0.23816575
19 2 0.23857322
20 2 0.23905127
21 2 0.23970337
22 2 0.23976196
23 2 0.23990382
24 2 0.2400508
25 2 0.2402417
26 2 0.24038503
27 2 0.24049416
28 2 0.24065602
29 2 0.24081497
30 2 0.24092703
0 3 0.23501092
1 3 0.23501459
2 3 0.23572724
3 3 0.23723044
4 3 0.23823412
5 3 0.23838621
6 3 0.23852025
7 3 0.23885472
8 3 0.23884203
9 3 0.2389209
10 3 0.2392522
11 3 0.23938183
12 3 0.2393999
13 3 0.23955737
14 3 0.2398335
15 3 0.24001221
16 3 0.24038503
17 3 0.24063747
18 3 0.24086599
19 3 0.24106203
20 3 0.24138968
21 3 0.24152665
22 3 0.24169657
23 3 0.24183232
24 3 0.24193193
25 3 0.24204496
26 3 0.24216434
27 3 0.24226469
28 3 0.24232768
29 3 0.24242827
30 3 0.24250762
0 4 0.23818089
1 4 0.23842894
2 4 0.23952515
3 4 0.24121414
4 4 0.24243023
5 4 0.24249932
6 4 0.24240166
7 4 0.24233378
8 4 0.24228399
9 4 0.24220438
10 4 0.24227446
11 4 0.24238285
12 4 0.24250615
13 4 0.24259722
14 4 0.24269097
15 4 0.24283403
16 4 0.24297954
17 4 0.24311358
18 4 0.2432044
19 4 0.24332745
20 4 0.24345978
21 4 0.24356867
22 4 0.24366975
23 4 0.24375007
24 4 0.24383186
25 4 0.24390021
26 4 0.24398835
27 4 0.24416584
28 4 0.24420832
29 4 0.24423274
30 4 0.24426545
0 5 0.24031056
1 5 0.24045631
2 5 0.24153177
3 5 0.24325763
4 5 0.24430403
5 5 0.24490365
6 5 0.24456477
7 5 0.24421027
8 5 0.24392903
9 5 0.2437862
10 5 0.24370173
11 5 0.24368317
12 5 0.24380231
13 5 0.24393928
14 5 0.24392903
15 5 0.24389778
16 5 0.24392292
17 5 0.2439217
18 5 0.24396051
19 5 0.2440074
20 5 0.24406575
21 5 0.24415901
22 5 0.24421857
23 5 0.24426228
24 5 0.24431379
25 5 0.24436775
26 5 0.24442244
27 5 0.24445271
28 5 0.24448225
29 5 0.2444969
30 5 0.24451742
0 6 0.24067946
1 6 0.24101174
2 6 0.24210356
3 6 0.24417195
4 6 0.24498738
5 6 0.24492611
6 6 0.2445428
7 6 0.24441975
8 6 0.2442098
9 6 0.24401619
10 6 0.2439051
11 6 0.24381061
12 6 0.2437867
13 6 0.2437818
14 6 0.24380207
15 6 0.2438443
16 6 0.24393147
17 6 0.24403669
18 6 0.24406989
19 6 0.24411921
20 6 0.24420832
21 6 0.24433894
22 6 0.24445443
23 6 0.24463753
24 6 0.2447264
25 6 0.24490121
26 6 0.24504086
27 6 0.24514657
28 6 0.24522983
29 6 0.24527645
30 6 0.24534042
0 7 0.2392771
1 7 0.2394458
2 7 0.24052882
3 7 0.24272539
4 7 0.24343072
5 7 0.24361189
6 7 0.24332404
7 7 0.24288946
8 7 0.24251054
9 7 0.24223833
10 7 0.24204521
11 7 0.24187675
12 7 0.24170877
13 7 0.24156083
14 7 0.24149002
15 7 0.2414324
16 7 0.24142948
17 7 0.24146658
18 7 0.2415159
19 7 0.2414805
20 7 0.24147025
21 7 0.24160697
22 7 0.24196927
23 7 0.24243681
24 7 0.24298175
25 7 0.24354157
26 7 0.24392073
27 7 0.2442386
28 7 0.24444392
29 7 0.2446456
30 7 0.2448514
0 8 0.20905349
1 8 0.21519762
2 8 0.21969965
3 8 0.22359766
4 8 0.227659
5 8 0.22953892
6 8 0.2303646
7 8 0.2309342
8 8 0.23143224
9 8 0.23174012
10 8 0.23220766
11 8 0.23248182
12 8 0.2327416
13 8 0.23297818
14 8 0.23322989
15 8 0.23362565
16 8 -0.0020808424
17 8 5.2588695E-4
18 8 -0.0018664836
19 8 0.00349395
20 8 -0.0021848478
21 8 0.07013535
22 8 0.10814936
23 8 0.12774244
24 8 0.14350414
25 8 0.15313296
26 8 0.16090408
27 8 0.16734801
28 8 0.17275362
29 8 0.17740774
30 8 0.18147397
0 9 0.16566171
1 9 0.17351657
2 9 0.17936969
3 9 0.18447621
4 9 0.18993528
5 9 0.19293801
6 9 0.19510162
7 9 0.1968558
8 9 0.19841588
9 9 0.19987097
10 9 0.20110953
11 9 0.20228556
12 9 0.20328997
13 9 0.20419453
14 9 0.090101965
15 9 -0.0014944077
16 9 -0.0013523157
17 9 -0.0017827421
18 9 -0.00202591
19 9 0.0123122
20 9 -9.0821704E-5
21 9 3.2739757E-4
22 9 0.0017534448
23 9 0.049398217
24 9 0.09026994
25 9 0.107821226
26 9 0.11980994
27 9 0.12902004
28 9 0.13637856
29 9 0.14365967
30 9 0.14869905
0 10 0.13891838
1 10 0.14706524
2 10 0.15347598
3 10 0.15892968
4 10 0.16380133
5 10 0.16787781
6 10 0.17051212
7 10 0.17278951
8 10 0.17516991
9 10 0.17698929
10 10 0.17855863
11 10 0.18005207
12 10 0.18136947
13 10 0.18262975
14 10 -0.0012478218
15 10 -3.2178225E-4
16 10 0.0037219808
17 10 0.002345495
18 10 -0.0017444114
19 10 0.00677525
20 10 0.002173373
21 10 3.0835433E-4
22 10 -1.16212716E-4
23 10 -7.96643E-4
24 10 0.051167775
25 10 0.083072074
26 10 0.09919683
27 10 0.1106577
28 10 0.11908507
29 10 0.12665673
30 10 0.13251887
0 11 0.12475777
1 11 0.13288973
2 11 0.13914374
3 11 0.14442042
4 11 0.14890756
5 11 0.15247524
6 11 0.15531316
7 11 0.15815769
8 11 0.16013013
9 11 0.16198856
10 11 0.16364215
11 11 0.16516536
12 11 0.16659044
13 11 -0.0018918746
14 11 2.2095065E-4
15 11 0.0074073398
16 11 0.03776083
17 11 0.039560664
18 11 0.053456627
19 11 0.0013987031
20 11 5.1099417E-4
21 11 0.0033853056
22 11 0.00392047
23 11 -0.0014487526
24 11 0.0075726258
25 11 0.0786096
26 11 0.0942739
27 11 0.104932025
28 11 0.113163844
29 11 0.119844854
30 11 0.12546603
0 12 0.11917858
1 12 0.12746704
2 12 0.13323568
3 12 0.13858171
4 12 0.14270262
5 12 0.14609233
6 12 0.1494664
7 12 0.15185975
8 12 0.15387394
9 12 0.15564935
10 12 0.15727438
11 12 0.1587788
12 12 0.1601067
13 12 -4.5606165E-4
14 12 -8.5230795E-4
15 12 0.0110004125
16 12 -7.697872E-4
17 12 0.018699016
18 12 0.023715207
19 12 -0.0012163272
20 12 3.0298316E-4
21 12 0.005956634
22 12 0.012888136
23 12 3.427787E-4
24 12 0.00843177
25 12 0.06779645
26 12 0.08573959
27 12 0.09711379
28 12 0.10566153
29 12 0.113733426
30 12 0.11924792
0 13 0.113685824
1 13 0.12112368
2 13 0.1273369
3 13 0.13167682
4 13 0.13580383
5 13 0.13930877
6 13 0.1420615
7 13 0.14429787
8 13 0.1464561
9 13 0.14824836
10 13 0.14996274
11 13 0.15185584
12 13 0.010368079
13 13 -0.001089128
14 13 0.004908278
15 13 4.8096437E-5
16 13 0.032544687
17 13 0.028167667
18 13 0.0145488065
19 13 0.026703045
20 13 0.011765072
21 13 0.0030784162
22 13 0.0034841842
23 13 -0.0017988556
24 13 0.046900377
25 13 0.075155936
26 13 0.08861903
27 13 0.09822782
28 13 0.105522856
29 13 0.111467525
30 13 0.11648909
0 14 0.110128395
1 14 0.11725521
2 14 0.1229428
3 14 0.12734814
4 14 0.13109331
5 14 0.13504967
6 14 0.13769229
7 14 0.13996698
8 14 0.14198361
9 14 0.14374487
10 14 0.14537966
11 14 0.14692119
12 14 0.10721502
13 14 -2.3584346E-4
14 14 0.015069078
15 14 0.007838011
16 14 0.013751919
17 14 0.006536477
18 14 0.010140536
19 14 0.0037571376
20 14 -0.0011418632
21 14 -0.0013735562
22 14 0.011511651
23 14 0.0022466164
24 14 0.043411795
25 14 0.07127917
26 14 0.084673174
27 14 0.0939907
28 14 0.10120419
29 14 0.10707268
30 14 0.11203467
0 15 0.107266776
1 15 0.11533209
2 15 0.120724745
3 15 0.12464668
4 15 0.12810889
5 15 0.13137652
6 15 0.13394956
7 15 0.13615467
8 15 0.13814934
9 15 0.14005023
10 15 0.14171629
11 15 0.14319701
12 15 0.14466798
13 15 -0.0016806897
14 15 -0.0011374686
15 15 0.0010879072
16 15 0.004828199
17 15 0.0041592433
18 15 -8.35462E-4
19 15 -7.1021594E-4
20 15 0.008436653
21 15 0.01063737
22 15 -1.2939652E-4
23 15 0.004483223
24 15 0.05536071
25 15 0.07457487
26 15 0.08625034
27 15 0.094616435
28 15 0.101287924
29 15 0.10681096
30 15 0.11156738
0 16 0.10675847
1 16 0.1151336
2 16 0.119664915
3 16 0.1233095
4 16 0.12702416
5 16 0.12978616
6 16 0.13222346
7 16 0.13426158
8 16 0.13623182
9 16 0.1379213
10 16 0.13944134
11 16 0.1409106
12 16 0.14243162
13 16 0.035713926
14 16 0.0013537805
15 16 0.002572305
16 16 -2.036164E-4
17 16 0.016976334
18 16 -0.0016374763
19 16 0.0011084154
20 16 -0.0014660868
21 16 6.086519E-4
22 16 -1.7114519E-4
23 16 0.037415124
24 16 0.067642145
25 16 0.081323266
26 16 0.09072771
27 16 0.09913457
28 16 0.104756
29 16 0.109562956
30 16 0.11371317
0 17 0.107953064
1 17 0.11402054
2 17 0.118741564
3 17 0.12286345
4 17 0.12691796
5 17 0.13026786
6 17 0.1326595
7 17 0.13468833
8 17 0.13678676
9 17 0.13818058
10 17 0.13983637
11 17 0.14117354
12 17 0.14243382
13 17 0.14337403
14 17 0.042721845
15 17 -0.0013374228
16 17 -0.001804471
17 17 0.0022785994
18 17 -0.0015017319
19 17 4.5093463E-4
20 17 -0.0013879607
21 17 -0.002061555
22 17 0.04665306
23 17 0.07126183
24 17 0.084154606
25 17 0.09335958
26 17 0.10038704
27 17 0.10606876
28 17 0.110876694
29 17 0.11492949
30 17 0.11840904
0 18 0.11473589
1 18 0.120201305
2 18 0.12466377
3 18 0.12858449
4 18 0.1323238
5 18 0.13487267
6 18 0.1369706
7 18 0.1387819
8 18 0.14031538
9 18 0.14188644
10 18 0.14326929
11 18 0.14465138
12 18 0.14560623
13 18 0.14657329
14 18 0.14195383
15 18 0.14128366
16 18 0.0029507286
17 18 0.0036145572
18 18 -0.0012246281
19 18 -0.0019131151
20 18 0.044335883
21 18 0.07809714
22 18 0.09269649
23 18 0.102432474
24 18 0.10964108
25 18 0.11539068
26 18 0.1200431
27 18 0.123959415
28 18 0.12733667
29 18 0.13081571
30 18 0.13332772
0 19 0.1341456
1 19 0.13744864
2 19 0.14025337
3 19 0.14272362
4 19 0.1453013
5 19 0.14704058
6 19 0.14850837
7 19 0.14984629
8 19 0.15121129
9 19 0.15223353
10 19 0.15326455
11 19 0.15420523
12 19 0.1550888
13 19 0.15607466
14 19 0.15672188
15 19 0.1577009
16 19 0.127125
17 19 0.10394227
18 19 0.08214847
19 19 0.0025718168
20 19 0.08435627
21 19 0.107749455
22 19 0.11933947
23 19 0.12694798
24 19 0.13247566
25 19 0.13675746
26 19 0.14021431
27 19 0.14305101
28 19 0.14534305
29 19 0.14746466
30 19 0.14970249
0 20 0.15579803
1 20 0.15693648
2 20 0.15839915
3 20 0.15994702
4 20 0.16160062
5 20 0.16243877
6 20 0.16313799
7 20 0.16385724
8 20 0.1644266
9 20 0.16514218
10 20 0.16577695
11 20 0.16633604
12 20 0.16688927
13 20 0.16788831
14 20 0.16799891
15 20 0.16835804
16 20 0.16887002
17 20 0.16932315
18 20 0.16971964
19 20 0.17013346
20 20 0.17058268
21 20 0.17113152
22 20 0.17163153
23 20 0.17211299
24 20 0.17257905
25 20 0.17304292
26 20 0.1734155
27 20 0.17383811
28 20 0.1742219
29 20 0.1746699
30 20 0.17506616
0 21 0.17569482
1 21 0.17599487
2 21 0.17677931
3 21 0.17748074
4 21 0.17800076
5 21 0.17835331
6 21 0.17859112
7 21 0.17882988
8 21 0.17910211
9 21 0.17946465
10 21 0.17979035
11 21 0.18007648
12 21 0.18031502
13 21 0.18057209
14 21 0.18086581
15 21 0.18112582
16 21 0.18137264
17 21 0.18162338
18 21 0.18188022
19 21 0.1821378
20 21 0.18241368
21 21 0.18273132
22 21 0.18297985
23 21 0.18320055
24 21 0.18346448
25 21 0.1837406
26 21 0.1840204
27 21 0.18424842
28 21 0.18447475
29 21 0.18474917
30 21 0.18502456
0 22 0.18418397
1 22 0.184579
2 22 0.18566519
3 22 0.18642253
4 22 0.18689348
5 22 0.18717986
6 22 0.18737933
7 22 0.18757538
8 22 0.18770942
9 22 0.18785566
10 22 0.18791816
11 22 0.18801191
12 22 0.18814278
13 22 0.18827388
14 22 0.1884294
15 22 0.18860176
16 22 0.18880147
17 22 0.1889692
18 22 0.18912277
19 22 0.18926851
20 22 0.18946116
21 22 0.1896926
22 22 0.18994968
23 22 0.19011937
24 22 0.19029343
25 22 0.19050877
26 22 0.19067967
27 22 0.19080785
28 22 0.19096361
29 22 0.19097045
30 22 0.19110228
0 23 0.18980978
1 23 0.1901782
2 23 0.19138622
3 23 0.1923694
4 23 0.1931077
5 23 0.19337356
6 23 0.19347635
7 23 0.1936702
8 23 0.1937886
9 23 0.19389164
10 23 0.19404276
11 23 0.19412845
12 23 0.19425981
13 23 0.19437896
14 23 0.19448051
15 23 0.19460796
16 23 0.19468975
17 23 0.19480132
18 23 0.19494268
19 23 0.19509698
20 23 0.19522808
21 23 0.19543682
22 23 0.19558185
23 23 0.1957901
24 23 0.1959676
25 23 0.19612995
26 23 0.19623713
27 23 0.19639094
28 23 0.19654207
29 23 0.19673055
30 23 0.19688876
0 24 0.1954068
1 24 0.19576447
2 24 0.19657113
3 24 0.19737095
4 24 0.19777621
5 24 0.19786094
6 24 0.19796568
7 24 0.19800547
8 24 0.1980665
9 24 0.19805185
10 24 0.19833751
11 24 0.19844933
12 24 0.19854552
13 24 0.19864245
14 24 0.19874962
15 24 0.19886413
16 24 0.19896032
17 24 0.19909094
18 24 0.19917493
19 24 0.19927868
20 24 0.19934045
21 24 0.19943322
22 24 0.19944935
23 24 0.19966102
24 24 0.19983996
25 24 0.20011854
26 24 0.20014857
27 24 0.2002389
28 24 0.20034853
29 24 0.20047718
30 24 0.2006249
0 25 0.19889343
1 25 0.1990636
2 25 0.1998927
3 25 0.20057924
4 25 0.20087393
5 25 0.20105337
6 25 0.20117104
7 25 0.20130338
8 25 0.20133804
9 25 0.2015231
10 25 0.20164664
11 25 0.2017133
12 25 0.20178752
13 25 0.20187736
14 25 0.20195694
15 25 0.20208195
16 25 0.20216642
17 25 0.20223722
18 25 0.20232975
19 25 0.20244694
20 25 0.20256633
21 25 0.20267767
22 25 0.20280609
23 25 0.20290373
24 25 0.20309979
25 25 0.20317888
26 25 0.20320258
27 25 0.2031999
28 25 0.20340423
29 25 0.20336053
30 25 0.20376068
0 26 0.20187491
1 26 0.20212784
2 26 0.2030783
3 26 0.20350629
4 26 0.20401801
5 26 0.20404439
6 26 0.20404707
7 26 0.2040937
8 26 0.20415863
9 26 0.20428315
10 26 0.20435932
11 26 0.20440474
12 26 0.20450483
13 26 0.20454414
14 26 0.20464742
15 26 0.20476876
16 26 0.20488498
17 26 0.20498312
18 26 0.20507272
19 26 0.20525607
20 26 0.20536007
21 26 0.20547506
22 26 0.20561326
23 26 0.20566721
24 26 0.2058933
25 26 0.20601682
26 26 0.20611326
27 26 0.20618187
28 26 0.20627488
29 26 0.20641527
30 26 0.20653489
0 27 0.20223942
1 27 0.20138736
2 27 0.20179605
3 27 0.20113125
4 27 0.20068495
5 27 0.20025599
6 27 0.19987927
7 27 0.19942078
8 27 0.19904651
9 27 0.19873205
10 27 0.198494
11 27 0.1984
12 27 0.19831896
13 27 0.19831626
14 27 0.19827965
15 27 0.19839709
16 27 0.19844665
17 27 0.19851133
18 27 0.19859289
19 27 0.19870153
20 27 0.19884387
21 27 0.19898766
22 27 0.19912389
23 27 0.19922912
24 27 0.19929627
25 27 0.19971594
26 27 0.19994593
27 27 0.20018715
28 27 0.20046303
29 27 0.20082876
30 27 0.2011879
0 28 0.19850329
1 28 0.19900012
2 28 0.20083998
3 28 0.20111905
4 28 0.20154557
5 28 0.20193303
6 28 0.20223331
7 28 0.20250016
8 28 0.20272796
9 28 0.20294671
10 28 0.20314617
11 28 0.20330828
12 28 0.203466
13 28 0.2035539
14 28 0.20367914
15 28 0.2038061
16 28 0.2038725
17 28 0.20390595
18 28 0.2039062
19 28 0.20390692
20 28 0.20390156
21 28 0.20384857
22 28 0.20376045
23 28 0.20360932
24 28 0.20337395
25 28 0.20311102
26 28 0.20288104
27 28 0.20267937
28 28 0.20257366
29 28 0.20265886
30 28 0.20294134
0 29 0.2010397
1 29 0.2014274
2 29 0.20343012
3 29 0.20391181
4 29 0.20413472
5 29 0.2042922
6 29 0.20453927
7 29 0.20476876
8 29 0.20491305
9 29 0.2050583
10 29 0.20515352
11 29 0.20521042
12 29 0.20520261
13 29 0.20516305
14 29 0.20495895
15 29 0.20470601
16 29 0.20430781
17 29 0.20394257
18 29 0.2034411
19 29 0.2029472
20 29 0.20258635
21 29 0.20237638
22 29 0.20233977
23 29 0.20245989
24 29 0.2028244
25 29 0.20343108
26 29 0.20402241
27 29 0.20457466
28 29 0.2051528
29 29 0.20568113
30 29 0.20615257
0 30 0.20239373
1 30 0.20249358
2 30 0.20388007
3 30 0.20384882
4 30 0.20396918
5 30 0.2039245
6 30 0.20391254
7 30 0.2038061
8 30 0.20389253
9 30 0.20379926
10 30 0.20380512
11 30 0.20374385
12 30 0.2037226
13 30 0.20372993
14 30 0.20378925
15 30 0.20384248
16 30 0.20404463
17 30 0.20423286
18 30 0.2045583
19 30 0.2049587
20 30 0.20533028
21 30 0.20578977
22 30 0.20617162
23 30 0.20654467
24 30 0.20695409
25 30 0.2073833
26 30 0.20776367
27 30 0.20803517
28 30 0.20825367
29 30 0.20847365
30 30 0.20873171
