0 0 0.37706044
1 0 0.3773063
2 0 0.37672475
3 0 0.37934124
4 0 0.3809272
5 0 0.38142723
6 0 0.3822844
7 0 0.3833037
8 0 0.38347486
9 0 0.3843213
10 0 0.38468412
11 0 0.38490775
12 0 0.384919
13 0 0.38506132
14 0 0.38524783
15 0 0.38539603
16 0 0.38552493
17 0 0.38529935
18 0 0.38535404
19 0 0.38537845
20 0 0.38532573
21 0 0.38522977
22 0 0.38515458
23 0 0.38525248
24 0 0.38524443
25 0 0.38551664
26 0 0.38562846
27 0 0.38570634
28 0 0.38579375
29 0 0.38591093
30 0 0.38603446
0 1 0.3869725
1 1 0.38684258
2 1 0.38676983
3 1 0.3876324
4 1 0.3880445
5 1 0.38837045
6 1 0.38603398
7 1 0.3857857
8 1 0.38619244
9 1 0.38757992
10 1 0.38792855
11 1 0.3893353
12 1 0.39018273
13 1 0.39081505
14 1 0.391277
15 1 0.39135388
16 1 0.39169717
17 1 0.39198524
18 1 0.39235342
19 1 0.39235562
20 1 0.392349
21 1 0.39233485
22 1 0.39233094
23 1 0.39240834
24 1 0.39239296
25 1 0.39236587
26 1 0.3924176
27 1 0.39246988
28 1 0.39241958
29 1 0.3924855
30 1 0.39262196
0 2 0.39146668
1 2 0.39098328
2 2 0.38899398
3 2 0.38823104
4 2 0.3870733
5 2 0.3894996
6 2 0.38945273
7 2 0.38891414
8 2 0.38893563
9 2 0.38976425
10 2 0.39060655
11 2 0.39202747
12 2 0.39295402
13 2 0.3936547
14 2 0.39433172
15 2 0.39463422
16 2 0.39525703
17 2 0.3955683
18 2 0.39582562
19 2 0.39618868
20 2 0.39634836
21 2 0.39628243
22 2 0.39645723
23 2 0.39657125
24 2 0.39647433
25 2 0.39660275
26 2 0.39673728
27 2 0.3967119
28 2 0.39673898
29 2 0.3967353
30 2 0.39657444
0 3 0.39673093
1 3 0.39604804
2 3 0.39517793
3 3 0.39395866
4 3 0.39325723
5 3 0.39613864
6 3 0.39731175
7 3 0.4001736
8 3 0.39780882
9 3 0.3971738
10 3 0.39749584
11 3 0.39882323
12 3 0.39974096
13 3 0.40029153
14 3 0.4005845
15 3 0.40109867
16 3 0.40150395
17 3 0.4016973
18 3 0.40178642
19 3 0.40176103
20 3 0.40143436
21 3 0.40131864
22 3 0.40138164
23 3 0.40148294
24 3 0.40146318
25 3 0.4015037
26 3 0.40139213
27 3 0.40142778
28 3 0.40141875
29 3 0.40150273
30 3 0.4015523
0 4 0.39988062
1 4 0.3994507
2 4 0.39787498
3 4 0.3981843
4 4 0.3972849
5 4 0.40067777
6 4 0.4024776
7 4 0.40332794
8 4 0.40020925
9 4 0.39965552
10 4 0.40024856
11 4 0.40145317
12 4 0.40232548
13 4 0.40288165
14 4 0.40332672
15 4 0.40363875
16 4 0.40399104
17 4 0.40428963
18 4 0.40441415
19 4 0.4045948
20 4 0.40453964
21 4 0.4044654
22 4 0.40432942
23 4 0.4042696
24 4 0.4040201
25 4 0.40414584
26 4 0.40416437
27 4 0.40421566
28 4 0.40429524
29 4 0.40430453
30 4 0.40434897
0 5 0.40256256
1 5 0.4016983
2 5 0.4011868
3 5 0.40084818
4 5 0.39958155
5 5 0.40007278
6 5 0.40094364
7 5 0.39939967
8 5 0.3995664
9 5 0.4000039
10 5 0.3998191
11 5 0.400762
12 5 0.4014439
13 5 0.40211454
14 5 0.40252057
15 5 0.4026822
16 5 0.40277228
17 5 0.40284917
18 5 0.40302277
19 5 0.40309992
20 5 0.40299714
21 5 0.4030728
22 5 0.40287408
23 5 0.4030965
24 5 0.40303743
25 5 0.4031856
26 5 0.4031817
27 5 0.40223712
28 5 0.40182596
29 5 0.40199542
30 5 0.4022366
0 6 0.40209502
1 6 0.40122244
2 6 0.40112308
3 6 0.40098318
4 6 0.40087625
5 6 0.40093362
6 6 0.40172586
7 6 0.4023709
8 6 0.40209696
9 6 0.4024285
10 6 0.4030655
11 6 0.40390536
12 6 0.40446272
13 6 0.40497056
14 6 0.40537828
15 6 0.40570006
16 6 0.40590563
17 6 0.4057965
18 6 0.40557602
19 6 0.4057579
20 6 0.40573618
21 6 0.40560287
22 6 0.4050455
23 6 0.40508482
24 6 0.40524033
25 6 0.4054818
26 6 0.40555844
27 6 0.40561217
28 6 0.4054271
29 6 0.4053309
30 6 0.40540612
0 7 0.40468293
1 7 0.40476766
2 7 0.4041158
3 7 0.40189555
4 7 0.40174127
5 7 0.40072536
6 7 0.40028444
7 7 0.40180743
8 7 0.40189433
9 7 0.40193585
10 7 0.40288043
11 7 0.40378937
12 7 0.4045035
13 7 0.4049984
14 7 0.40533873
15 7 0.40540734
16 7 0.40555552
17 7 0.40549228
18 7 0.40533018
19 7 0.40533385
20 7 0.4054459
21 7 0.4053148
22 7 0.404347
23 7 0.40432918
24 7 0.40456137
25 7 0.40467173
26 7 0.4046778
27 7 0.40461728
28 7 0.40476888
29 7 0.40505797
30 7 0.4050245
0 8 0.40524253
1 8 0.40447518
2 8 0.40371785
3 8 0.4035301
4 8 0.40360382
5 8 0.40310237
6 8 0.40451548
7 8 0.40662292
8 8 0.40622154
9 8 0.40611413
10 8 0.40687364
11 8 0.40761048
12 8 0.40812734
13 8 0.4084098
14 8 0.4086349
15 8 0.40880826
16 8 0.40863052
17 8 0.40851527
18 8 0.40848988
19 8 0.40833753
20 8 0.4082052
21 8 0.4081991
22 8 0.4082533
23 8 0.4082836
24 8 0.40833193
25 8 0.40844083
26 8 0.4085353
27 8 0.4086796
28 8 0.40877163
29 8 0.4089457
30 8 0.40906534
0 9 0.40897867
1 9 0.4084589
2 9 0.40721986
3 9 0.40669885
4 9 0.4069081
5 9 0.40678284
6 9 0.40721887
7 9 0.40853456
8 9 0.40707752
9 9 0.40743664
10 9 0.40801382
11 9 0.40874624
12 9 0.4093505
13 9 0.40952066
14 9 0.40870985
15 9 0.40876213
16 9 0.40877873
17 9 0.40873525
18 9 0.40857315
19 9 0.4083925
20 9 0.4082372
21 9 0.4082477
22 9 0.4081415
23 9 0.40843862
24 9 0.40869644
25 9 0.40888932
26 9 0.40910807
27 9 0.4091066
28 9 0.40929216
29 9 0.40950236
30 9 0.40974918
0 10 0.40971965
1 10 0.40887564
2 10 0.4078175
3 10 0.40839565
4 10 0.40814883
5 10 0.4077694
6 10 0.40820912
7 10 0.40927017
8 10 0.4076449
9 10 0.4076708
10 10 0.4080546
11 10 0.40856925
12 10 0.40900064
13 10 0.40922892
14 10 0.40929338
15 10 0.40928215
16 10 0.40889516
17 10 0.40853578
18 10 0.40559897
19 10 -0.001302266
20 10 -0.0017566186
21 10 0.11802109
22 10 0.19289944
23 10 0.22975229
24 10 0.25540674
25 10 0.27504423
26 10 0.29049003
27 10 0.30281103
28 10 0.31469914
29 10 0.3228062
30 10 0.32966617
0 11 0.35336062
1 11 0.35599104
2 11 0.35878405
3 11 0.3609203
4 11 0.3651418
5 11 0.3662473
6 11 0.36688745
7 11 0.37058136
8 11 0.3728204
9 11 0.37426403
10 11 0.37593862
11 11 0.37742913
12 11 0.3789084
13 11 0.37992233
14 11 0.38064572
15 11 0.38106737
16 11 0.28457028
17 11 -0.0011699398
18 11 0.0017246357
19 11 5.2857253E-4
20 11 4.1480127E-4
21 11 -0.001297139
22 11 -0.0022558938
23 11 0.08667247
24 11 0.1453052
25 11 0.17671901
26 11 0.19949597
27 11 0.21745303
28 11 0.23232973
29 11 0.244816
30 11 0.25556713
0 12 0.23421672
1 12 0.25157636
2 12 0.2662897
3 12 0.27790707
4 12 0.29161897
5 12 0.3008227
6 12 0.30971056
7 12 0.3124872
8 12 0.31419158
9 12 0.31585395
10 12 0.31861034
11 12 0.32098904
12 12 0.32324713
13 12 0.32513484
14 12 0.3271134
15 12 -0.0013420616
16 12 0.0039756466
17 12 0.0022890975
18 12 -0.0020495919
19 12 -0.0012815137
20 12 -0.0012238957
21 12 -0.0020483711
22 12 -0.0019663386
23 12 0.008788465
24 12 0.09167108
25 12 0.13575013
26 12 0.16150735
27 12 0.18087068
28 12 0.19633357
29 12 0.2114842
30 12 0.2221826
0 13 0.20122598
1 13 0.21604334
2 13 0.22761847
3 13 0.23840111
4 13 0.24956827
5 13 0.2699082
6 13 0.27606037
7 13 0.27945057
8 13 0.2814252
9 13 0.28412616
10 13 0.28603026
11 13 0.288752
12 13 0.29085505
13 13 0.29302743
14 13 0.29525477
15 13 -9.643702E-4
16 13 0.0037615323
17 13 0.005339681
18 13 0.0044085146
19 13 1.4868392E-4
20 13 -0.0013923553
21 13 -0.0023425652
22 13 -0.0015095446
23 13 -0.001520531
24 13 0.06637284
25 13 0.12367499
26 13 0.15030552
27 13 0.1729255
28 13 0.18755072
29 13 0.19964588
30 13 0.2099146
0 14 0.18100765
1 14 0.19970325
2 14 0.21198761
3 14 0.22330004
4 14 0.23958203
5 14 0.24853846
6 14 0.25561914
7 14 0.2617208
8 14 0.26345837
9 14 0.26540226
10 14 0.26807833
11 14 0.27093506
12 14 0.27406377
13 14 0.27658212
14 14 0.17756863
15 14 0.20151407
16 14 0.18984129
17 14 0.15802316
18 14 0.010023347
19 14 0.008501107
20 14 0.0021535973
21 14 -0.001373312
22 14 5.9131766E-4
23 14 -0.0014094454
24 14 0.07363589
25 14 0.1266726
26 14 0.15767819
27 14 0.1727314
28 14 0.1908142
29 14 0.20269036
30 14 0.21275057
0 15 0.20482028
1 15 0.21777847
2 15 0.22696148
3 15 0.2351181
4 15 0.2491857
5 15 0.26076645
6 15 0.26683733
7 15 0.278035
8 15 0.2799657
9 15 0.28000745
10 15 0.28119937
11 15 0.28324652
12 15 0.28528172
13 15 0.28736767
14 15 0.2798905
15 15 0.26109287
16 15 0.0042344397
17 15 0.060052678
18 15 0.12077455
19 15 0.045549035
20 15 -8.969864E-4
21 15 0.0019863585
22 15 -0.0019621882
23 15 -0.002339147
24 15 0.061423548
25 15 0.12575339
26 15 0.14933822
27 15 0.16677843
28 15 0.18057722
29 15 0.19206642
30 15 0.20173869
0 16 0.18579727
1 16 0.20003162
2 16 0.21128374
3 16 0.22230613
4 16 0.23924536
5 16 0.24824062
6 16 0.25727347
7 16 0.2613309
8 16 0.26274303
9 16 0.26419595
10 16 0.26653507
11 16 0.26903853
12 16 0.25460815
13 16 0.2561836
14 16 0.2537385
15 16 0.1127361
16 16 0.07767794
17 16 -0.001750271
18 16 0.120846085
19 16 0.0070328224
20 16 -0.0014812239
21 16 -0.0014802472
22 16 -0.0020835279
23 16 -0.0021772794
24 16 0.08154715
25 16 0.1265908
26 16 0.15018101
27 16 0.16757752
28 16 0.18143955
29 16 0.19284572
30 16 0.20260394
0 17 0.181076
1 17 0.19632722
2 17 0.2088074
3 17 0.2221428
4 17 0.23693502
5 17 0.24934122
6 17 0.25649562
7 17 0.26088923
8 17 0.26199767
9 17 0.26295397
10 17 0.2647958
11 17 0.26711762
12 17 0.26984933
13 17 0.27256373
14 17 0.118581645
15 17 0.10259825
16 17 0.028698437
17 17 0.025476953
18 17 0.027518976
19 17 -0.002283482
20 17 -0.0023469597
21 17 -0.0017156025
22 17 -0.0018222935
23 17 -0.0022580912
24 17 0.08527621
25 17 0.12599851
26 17 0.14921078
27 17 0.16602354
28 17 0.17960773
29 17 0.19074218
30 17 0.20016126
0 18 0.17781107
1 18 0.19312014
2 18 0.20472188
3 18 0.21826847
4 18 0.23427165
5 18 0.24210747
6 18 0.24882363
7 18 0.25548095
8 18 0.25752348
9 18 0.2600379
10 18 0.2629564
11 18 0.2654977
12 18 0.26813692
13 18 0.27065942
14 18 0.21045049
15 18 0.19541022
16 18 0.24317071
17 18 0.044658888
18 18 0.0015149157
19 18 -0.0016811781
20 18 -0.0018240025
21 18 -2.0752271E-4
22 18 -0.002190219
23 18 -0.0012077822
24 18 0.09292378
25 18 0.13107403
26 18 0.1539025
27 18 0.17084026
28 18 0.1843976
29 18 0.19551495
30 18 0.20487814
0 19 0.1859362
1 19 0.19940564
2 19 0.21070537
3 19 0.2216174
4 19 0.23902807
5 19 0.24741907
6 19 0.25679153
7 19 0.25946197
8 19 0.26120296
9 19 0.2633346
10 19 0.26521742
11 19 0.2672807
12 19 0.2691838
13 19 0.27087963
14 19 0.09054118
15 19 0.010232578
16 19 -0.0019358207
17 19 -5.332113E-4
18 19 -0.0018777143
19 19 -0.0019265432
20 19 -9.511864E-4
21 19 -0.0023469597
22 19 -0.001511986
23 19 0.078783184
24 19 0.121161036
25 19 0.14423658
26 19 0.16106594
27 19 0.17445555
28 19 0.1856608
29 19 0.19507696
30 19 0.20332782
0 20 0.1779097
1 20 0.19346976
2 20 0.20325701
3 20 0.21705264
4 20 0.23338833
5 20 0.24125345
6 20 0.24726477
7 20 0.2517734
8 20 0.25260592
9 20 0.2533105
10 20 0.25453198
11 20 0.2564424
12 20 0.2581951
13 20 0.25983575
14 20 0.2612308
15 20 -7.9737545E-4
16 20 -0.0012656443
17 20 0.0013825895
18 20 -0.0020054018
19 20 7.443962E-4
20 20 -0.002240757
21 20 -9.5338374E-4
22 20 0.077161334
23 20 0.12312762
24 20 0.14644633
25 20 0.1634339
26 20 0.17685646
27 20 0.19047996
28 20 0.19945765
29 20 0.20716724
30 20 0.21399985
0 21 0.17996149
1 21 0.19375491
2 21 0.20435885
3 21 0.21493615
4 21 0.23282485
5 21 0.24144535
6 21 0.24903066
7 21 0.25260395
8 21 0.25331223
9 21 0.2541157
10 21 0.25580055
11 21 0.2574766
12 21 0.25951496
13 21 0.26140684
14 21 0.26309532
15 21 0.26453456
16 21 0.15851682
17 21 -0.001341085
18 21 0.011797788
19 21 -0.0015835203
20 21 -0.0018913863
21 21 0.09850639
22 21 0.13844083
23 21 0.16145755
24 21 0.17827006
25 21 0.191437
26 21 0.20199211
27 21 0.21244344
28 21 0.21974066
29 21 0.22606498
30 21 0.2314845
0 22 0.19972132
1 22 0.2115572
2 22 0.22155418
3 22 0.23422086
4 22 0.24875575
5 22 0.252279
6 22 0.25828227
7 22 0.26368225
8 22 0.26423794
9 22 0.26551163
10 22 0.2673835
11 22 0.26891598
12 22 0.2706023
13 22 0.27216408
14 22 0.27343583
15 22 0.27474102
16 22 0.2760594
17 22 0.27722812
18 22 0.27842563
19 22 0.28006312
20 22 0.28153726
21 22 0.28316596
22 22 0.28476924
23 22 0.28641894
24 22 0.2881055
25 22 0.28975174
26 22 0.29128033
27 22 0.2925267
28 22 0.293796
29 22 0.29503453
30 22 0.29643324
0 23 0.29636514
1 23 0.29660293
2 23 0.29721498
3 23 0.30119357
4 23 0.30579764
5 23 0.305428
6 23 0.30946615
7 23 0.30997765
8 23 0.30941758
9 23 0.30981576
10 23 0.310734
11 23 0.31135926
12 23 0.31206924
13 23 0.3125834
14 23 0.31317082
15 23 0.31367007
16 23 0.31414616
17 23 0.31454387
18 23 0.3151064
19 23 0.31576997
20 23 0.31629318
21 23 0.3171738
22 23 0.31796774
23 23 0.31873974
24 23 0.3196089
25 23 0.32032204
26 23 0.3209336
27 23 0.32167608
28 23 0.32235992
29 23 0.3230628
30 23 0.32390487
0 24 0.32306036
1 24 0.32293683
2 24 0.3236495
3 24 0.32516903
4 24 0.32718956
5 24 0.32530257
6 24 0.3270797
7 24 0.32915762
8 24 0.32935587
9 24 0.3293141
10 24 0.32971328
11 24 0.330414
12 24 0.33120674
13 24 0.33186176
14 24 0.33237082
15 24 0.3328393
16 24 0.33322337
17 24 0.3336572
18 24 0.33406442
19 24 0.3344702
20 24 0.3348784
21 24 0.33540845
22 24 0.33577076
23 24 0.33624122
24 24 0.33667287
25 24 0.33720878
26 24 0.3376121
27 24 0.3378914
28 24 0.3382989
29 24 0.33870685
30 24 0.3391812
0 25 0.33733255
1 25 0.3373489
2 25 0.3383836
3 25 0.34071028
4 25 0.3463405
5 25 0.34470597
6 25 0.34462783
7 25 0.34508145
8 25 0.34417495
9 25 0.344152
10 25 0.344287
11 25 0.3440226
12 25 0.34393054
13 25 0.34391078
14 25 0.34388342
15 25 0.34393176
16 25 0.34391224
17 25 0.3439596
18 25 0.34409487
19 25 0.3442565
20 25 0.34441006
21 25 0.3444623
22 25 0.34464005
23 25 0.34493864
24 25 0.34529337
25 25 0.34567717
26 25 0.34606975
27 25 0.34641302
28 25 0.34676337
29 25 0.3472873
30 25 0.34779513
0 26 0.3470368
1 26 0.34718207
2 26 0.34751314
3 26 0.3495737
4 26 0.35025024
5 26 0.3499858
6 26 0.3511621
7 26 0.35171315
8 26 0.35154346
9 26 0.3517715
10 26 0.35210255
11 26 0.3525369
12 26 0.3531453
13 26 0.3534119
14 26 0.35366216
15 26 0.3538621
16 26 0.35391533
17 26 0.3540137
18 26 0.35410404
19 26 0.3542
20 26 0.35429204
21 26 0.35440776
22 26 0.35448468
23 26 0.35475054
24 26 0.35502326
25 26 0.3552122
26 26 0.35531452
27 26 0.35544342
28 26 0.3556285
29 26 0.3559278
30 26 0.35627326
0 27 0.3540982
1 27 0.35428765
2 27 0.35476226
3 27 0.35710117
4 27 0.3578453
5 27 0.35705233
6 27 0.35777402
7 27 0.35788366
8 27 0.357504
9 27 0.3576671
10 27 0.3579315
11 27 0.3582723
12 27 0.3586527
13 27 0.3588717
14 27 0.35893565
15 27 0.3588141
16 27 0.35875645
17 27 0.35870275
18 27 0.35869664
19 27 0.35856116
20 27 0.35852355
21 27 0.35845178
22 27 0.3584298
23 27 0.3584769
24 27 0.35847962
25 27 0.3586681
26 27 0.3586703
27 27 0.35884044
28 27 0.35901648
29 27 0.35933068
30 27 0.35985732
0 28 0.35884875
1 28 0.3586034
2 28 0.35912684
3 28 0.36104336
4 28 0.36141592
5 28 0.36045033
6 28 0.36140618
7 28 0.36164054
8 28 0.3613837
9 28 0.36124283
10 28 0.36171794
11 28 0.36220673
12 28 0.36246014
13 28 0.36271504
14 28 0.3627348
15 28 0.3626652
16 28 0.3625971
17 28 0.36251116
18 28 0.36251408
19 28 0.3624489
20 28 0.3622658
21 28 0.36224455
22 28 0.36223382
23 28 0.36204705
24 28 0.36230877
25 28 0.36242938
26 28 0.36245158
27 28 0.36256072
28 28 0.36276922
29 28 0.3631374
30 28 0.36374408
0 29 0.3606403
1 29 0.3610783
2 29 0.3623969
3 29 0.3635202
4 29 0.3639631
5 29 0.36278826
6 29 0.3640566
7 29 0.36432174
8 29 0.36449483
9 29 0.36470675
10 29 0.36523068
11 29 0.3656931
12 29 0.36594823
13 29 0.36604223
14 29 0.36613232
15 29 0.36600682
16 29 0.36577365
17 29 0.3656035
18 29 0.36548412
19 29 0.36540353
20 29 0.365374
21 29 0.3653015
22 29 0.36525998
23 29 0.36532518
24 29 0.36547825
25 29 0.36560398
26 29 0.3652861
27 29 0.3649648
28 29 0.36508444
29 29 0.36488888
30 29 0.3651623
0 30 0.36268964
1 30 0.3633415
2 30 0.36490694
3 30 0.36577392
4 30 0.36644775
5 30 0.36554685
6 30 0.3660769
7 30 0.36668286
8 30 0.36687842
9 30 0.3670447
10 30 0.3672766
11 30 0.36745557
12 30 0.36750367
13 30 0.3678572
14 30 0.36793384
15 30 0.3678484
16 30 0.36773413
17 30 0.36761352
18 30 0.3675403
19 30 0.36748412
20 30 0.3674275
21 30 0.3672776
22 30 0.3671145
23 30 0.36697045
24 30 0.36705104
25 30 0.3671543
26 30 0.36717287
27 30 0.3671079
28 30 0.36717993
29 30 0.36739746
30 30 0.36751783
