0 0 0.30266064
1 0 0.30299243
2 0 0.29824626
3 0 0.29984224
4 0 0.30036226
5 0 0.30077705
6 0 0.3013408
7 0 0.30170554
8 0 0.30194432
9 0 0.30237842
10 0 0.30271655
11 0 0.3030813
12 0 0.30321142
13 0 0.30329663
14 0 0.3032693
15 0 0.30321923
16 0 0.30309984
17 0 0.3029873
18 0 0.30297095
19 0 0.302959
20 0 0.30300438
21 0 0.30297682
22 0 0.30282128
23 0 0.30264378
24 0 0.30252
25 0 0.30251488
26 0 0.30263916
27 0 0.3027136
28 0 0.30289158
29 0 0.3030742
30 0 0.3033325
0 1 0.30431423
1 1 0.30456862
2 1 0.30496097
3 1 0.30594364
4 1 0.30676544
5 1 0.30718413
6 1 0.3073582
7 1 0.3072515
8 1 0.30695415
9 1 0.30650714
10 1 0.30619243
11 1 0.30592632
12 1 0.3056504
13 1 0.30547562
14 1 0.3053328
15 1 0.305199
16 1 0.30504274
17 1 0.30482912
18 1 0.30450514
19 1 0.30414185
20 1 0.3036853
21 1 0.3034524
22 1 0.30329883
23 1 0.30326027
24 1 0.30331153
25 1 0.3034309
26 1 0.30352345
27 1 0.30363306
28 1 0.3037683
29 1 0.30388063
30 1 0.30397633
0 2 0.30438843
1 2 0.30454224
2 2 0.30491385
3 2 0.30557695
4 2 0.3065291
5 2 0.30704424
6 2 0.30663678
7 2 0.30633965
8 2 0.30595413
9 2 0.3055623
10 2 0.3053411
11 2 0.3051475
12 2 0.30497074
13 2 0.3048218
14 2 0.30467165
15 2 0.3044844
16 2 0.30420315
17 2 0.3038467
18 2 0.30345044
19 2 0.3030095
20 2 0.30260667
21 2 0.30245972
22 2 0.30242455
23 2 0.30247754
24 2 0.30257177
25 2 0.30273607
26 2 0.3029243
27 2 0.30306837
28 2 0.30319628
29 2 0.30329493
30 2 0.30339795
0 3 0.30439478
1 3 0.30466092
2 3 0.30527785
3 3 0.30569535
4 3 0.30590433
5 3 0.3054666
6 3 0.30499807
7 3 0.3044607
8 3 0.30406594
9 3 0.3036875
10 3 0.3034375
11 3 0.3031328
12 3 0.3030034
13 3 0.30285814
14 3 0.30277148
15 3 0.30269554
16 3 0.30254737
17 3 0.30230686
18 3 0.30196434
19 3 0.30148703
20 3 0.30105904
21 3 0.30077705
22 3 0.30066523
23 3 0.30070966
24 3 0.30088204
25 3 0.30103537
26 3 0.30127072
27 3 0.30145797
28 3 0.30160934
29 3 0.3017329
30 3 0.3017766
0 4 0.30162326
1 4 0.30202025
2 4 0.3022937
3 4 0.30309838
4 4 0.30410084
5 4 0.3045027
6 4 0.30362868
7 4 0.30255127
8 4 0.30164158
9 4 0.3015466
10 4 0.3010073
11 4 0.3005461
12 4 0.30028927
13 4 0.30009225
14 4 0.30001363
15 4 0.29998726
16 4 0.2999328
17 4 0.29973993
18 4 0.29943132
19 4 0.29902533
20 4 0.29866374
21 4 0.29849845
22 4 0.29846478
23 4 0.29858756
24 4 0.29879364
25 4 0.29906633
26 4 0.2993637
27 4 0.29958028
28 4 0.29982197
29 4 0.3000141
30 4 0.30013838
0 5 0.2993288
1 5 0.2997822
2 5 0.3003979
3 5 0.30111423
4 5 0.3025571
5 5 0.30306274
6 5 0.302332
7 5 0.30154416
8 5 0.30077803
9 5 0.3001367
10 5 0.29958075
11 5 0.29909882
12 5 0.29883808
13 5 0.2986042
14 5 0.2985241
15 5 0.29843646
16 5 0.2983271
17 5 0.2981132
18 5 0.29784244
19 5 0.29744914
20 5 0.29716933
21 5 0.29707363
22 5 0.29719839
23 5 0.2974064
24 5 0.29767007
25 5 0.29801774
26 5 0.29837492
27 5 0.29862225
28 5 0.29892376
29 5 0.2984826
30 5 0.2982929
0 6 0.2989721
1 6 0.29947335
2 6 0.29997578
3 6 0.30315235
4 6 0.30382812
5 6 0.30392066
6 6 0.3031721
7 6 0.30251318
8 6 0.30190158
9 6 0.30132565
10 6 0.30082223
11 6 0.30060005
12 6 0.30043185
13 6 0.30036885
14 6 0.30024043
15 6 0.30001485
16 6 0.29957366
17 6 0.29903582
18 6 0.29848137
19 6 0.29802823
20 6 0.29770622
21 6 0.29756656
22 6 0.29757878
23 6 0.29774234
24 6 0.2979743
25 6 0.29821527
26 6 0.29843497
27 6 0.2985822
28 6 0.29872236
29 6 0.29884833
30 6 0.29890594
0 7 0.29855022
1 7 0.29917768
2 7 0.30002388
3 7 0.30101582
4 7 0.30269897
5 7 0.30329737
6 7 0.30259398
7 7 0.3022429
8 7 0.30191064
9 7 0.30149484
10 7 0.30128196
11 7 0.3011296
12 7 0.30106294
13 7 0.3010168
14 7 0.3009465
15 7 0.3007092
16 7 0.30034468
17 7 0.2997878
18 7 0.29915228
19 7 0.29850236
20 7 0.29813102
21 7 0.2979545
22 7 0.29795817
23 7 0.29810905
24 7 0.29836908
25 7 0.2986325
26 7 0.2989477
27 7 0.29919136
28 7 0.29939812
29 7 0.29951093
30 7 0.29961836
0 8 0.26258653
1 8 0.2698442
2 8 0.27504572
3 8 0.27966565
4 8 0.2835705
5 8 0.28601584
6 8 0.28689012
7 8 0.28784767
8 8 0.2885127
9 8 0.2892217
10 8 0.28987968
11 8 0.29058427
12 8 0.29114485
13 8 0.29158333
14 8 0.29187873
15 8 0.29191
16 8 0.29162627
17 8 0.29127276
18 8 0.06041767
19 8 -0.0016584726
20 8 0.009457176
21 8 0.10236924
22 8 0.14172971
23 8 0.16512215
24 8 0.17566748
25 8 0.18769038
26 8 0.1954068
27 8 0.20178922
28 8 0.20732813
29 8 0.21200374
30 8 0.21611904
0 9 0.19241676
1 9 0.2027094
2 9 0.2115357
3 9 0.21842472
4 9 0.22422999
5 9 0.22829182
6 9 0.23067883
7 9 0.23308878
8 9 0.23528363
9 9 0.23736545
10 9 0.23932593
11 9 0.24110599
12 9 0.24279644
13 9 0.24467172
14 9 0.24611779
15 9 -0.0018965134
16 9 -0.0020144351
17 9 -7.148547E-4
18 9 0.013808073
19 9 0.0018694134
20 9 -0.0023056993
21 9 -0.0018237584
22 9 0.012930862
23 9 0.09241352
24 9 0.10806635
25 9 0.124117374
26 9 0.13400131
27 9 0.14209397
28 9 0.1488553
29 9 0.15476677
30 9 0.15992579
0 10 0.15007211
1 10 0.15999317
2 10 0.16729699
3 10 0.17366502
4 10 0.17888555
5 10 0.18389954
6 10 0.18654802
7 10 0.18902926
8 10 0.1913584
9 10 0.19350003
10 10 0.19553131
11 10 0.19734116
12 10 0.19904797
13 10 0.2004872
14 10 0.009782865
15 10 0.006592142
16 10 1.733425E-4
17 10 0.026824629
18 10 0.0060118106
19 10 0.0022292822
20 10 -0.0017348898
21 10 -0.0015937744
22 10 -3.3545436E-4
23 10 0.0026936447
24 10 0.06335839
25 10 0.08856361
26 10 0.10310363
27 10 0.11546905
28 10 0.12353631
29 10 0.12997025
30 10 0.1357306
0 11 0.13154987
1 11 0.14044185
2 11 0.14746906
3 11 0.15318398
4 11 0.15743943
5 11 0.1616807
6 11 0.16463631
7 11 0.16731042
8 11 0.17021012
9 11 0.17245089
10 11 0.17457542
11 11 0.17645119
12 11 0.17819291
13 11 0.0031758298
14 11 0.007099474
15 11 0.022469094
16 11 0.032710463
17 11 0.07500896
18 11 0.07493938
19 11 0.006843122
20 11 0.008433479
21 11 -5.2954914E-4
22 11 -1.9971009E-4
23 11 -0.0016616465
24 11 0.04882472
25 11 0.08096852
26 11 0.09857743
27 11 0.10855513
28 11 0.11643806
29 11 0.12300359
30 11 0.12879322
0 12 0.12460469
1 12 0.13325375
2 12 0.1399804
3 12 0.1450115
4 12 0.1490953
5 12 0.15409856
6 12 0.15700118
7 12 0.15951757
8 12 0.16184671
9 12 0.16404621
10 12 0.1660975
11 12 0.16794862
12 12 0.16950406
13 12 0.0013545129
14 12 0.0018149691
15 12 0.020225652
16 12 0.08652452
17 12 0.10514394
18 12 0.12111098
19 12 0.090191565
20 12 0.0116705885
21 12 0.010244298
22 12 1.9214161E-4
23 12 -0.0010630045
24 12 0.04727709
25 12 0.0833836
26 12 0.098832324
27 12 0.1109514
28 12 0.11851451
29 12 0.12467818
30 12 0.12993997
0 13 0.12579197
1 13 0.13403966
2 13 0.14052998
3 13 0.14496756
4 13 0.1491517
5 13 0.15284853
6 13 0.15560883
7 13 0.15805003
8 13 0.16057815
9 13 0.16264312
10 13 0.16447859
11 13 0.1662003
12 13 0.0025962312
13 13 1.8188755E-4
14 13 0.00942739
15 13 0.075562194
16 13 0.1038219
17 13 0.117470056
18 13 0.12002698
19 13 0.067252
20 13 0.016145023
21 13 0.00862562
22 13 0.0025967194
23 13 -1.12794696E-4
24 13 0.011944762
25 13 0.0827393
26 13 0.09728225
27 13 0.10750873
28 13 0.11510308
29 13 0.121286035
30 13 0.12655175
0 14 0.12375946
1 14 0.13160992
2 14 0.13778628
3 14 0.14221531
4 14 0.14643876
5 14 0.1491312
6 14 0.1523512
7 14 0.15478899
8 14 0.15696822
9 14 0.15899365
10 14 0.16088405
11 14 0.16261528
12 14 0.005542077
13 14 -6.5137714E-4
14 14 0.025315573
15 14 0.0706129
16 14 0.10014094
17 14 0.11446318
18 14 0.12369916
19 14 0.12695849
20 14 0.01643409
21 14 0.00727184
22 14 -7.1583124E-4
23 14 -0.0012815137
24 14 0.019442191
25 14 0.07740597
26 14 0.09345431
27 14 0.105837554
28 14 0.11344632
29 14 0.119644895
30 14 0.124812454
0 15 0.12213761
1 15 0.12983793
2 15 0.13601282
3 15 0.14036274
4 15 0.14427295
5 15 0.1482193
6 15 0.15150549
7 15 0.1538583
8 15 0.15595137
9 15 0.15800706
10 15 0.15991554
11 15 0.16154373
12 15 0.0077886935
13 15 -9.5851073E-4
14 15 0.010480385
15 15 0.07156652
16 15 0.08134499
17 15 0.10832173
18 15 0.11867296
19 15 0.12648752
20 15 0.022461036
21 15 0.018675579
22 15 -1.8554971E-4
23 15 3.4082553E-4
24 15 0.050908983
25 15 0.08206644
26 15 0.09646388
27 15 0.10621061
28 15 0.113627225
29 15 0.12070839
30 15 0.12558004
0 16 0.121587306
1 16 0.12888552
2 16 0.13483532
3 16 0.13931464
4 16 0.14357227
5 16 0.14724956
6 16 0.15011875
7 16 0.15251893
8 16 0.15470207
9 16 0.15671846
10 16 0.15895751
11 16 0.16086037
12 16 0.16179837
13 16 0.0027725033
14 16 0.011823423
15 16 0.064299814
16 16 0.1024188
17 16 0.11948059
18 16 0.12481392
19 16 0.12919949
20 16 -2.2973985E-4
21 16 0.0044080266
22 16 0.00332842
23 16 -1.772488E-4
24 16 0.055735715
25 16 0.082503214
26 16 0.09843022
27 16 0.10740911
28 16 0.11436479
29 16 0.11992298
30 16 0.124791704
0 17 0.11842857
1 17 0.12599753
2 17 0.13213703
3 17 0.13653627
4 17 0.1411755
5 17 0.14501712
6 17 0.14880696
7 17 0.15156555
8 17 0.15419133
9 17 0.15662105
10 17 0.15888792
11 17 0.16079518
12 17 0.1626104
13 17 0.0512044
14 17 0.01093962
15 17 0.031971194
16 17 0.10107528
17 17 0.11670857
18 17 0.12489522
19 17 0.05740957
20 17 0.00561532
21 17 0.01001529
22 17 0.0043552914
23 17 0.05329403
24 17 0.08674425
25 17 0.10000324
26 17 0.109247275
27 17 0.11633723
28 17 0.12215446
29 17 0.12699096
30 17 0.1311878
0 18 0.12541647
1 18 0.13194025
2 18 0.13713637
3 18 0.14111032
4 18 0.1451995
5 18 0.14858358
6 18 0.15199915
7 18 0.15435758
8 18 0.15651119
9 18 0.15857299
10 18 0.16038942
11 18 0.16195486
12 18 0.16343756
13 18 0.16478865
14 18 0.086952016
15 18 0.015052476
16 18 0.01701027
17 18 0.05037382
18 18 -4.7022203E-4
19 18 -0.0012053407
20 18 0.0012466011
21 18 0.019470025
22 18 0.069238365
23 18 0.088234745
24 18 0.099655576
25 18 0.10954733
26 18 0.115934394
27 18 0.12120864
28 18 0.12573141
29 18 0.12975223
30 18 0.13335067
0 19 0.1302012
1 19 0.13567322
2 19 0.14028804
3 19 0.1439165
4 19 0.1470628
5 19 0.14993198
6 19 0.15233533
7 19 0.15445256
8 19 0.15677242
9 19 0.15858348
10 19 0.16028786
11 19 0.16191313
12 19 0.1635274
13 19 0.16475765
14 19 0.16604844
15 19 0.16705652
16 19 0.10421742
17 19 0.14967954
18 19 0.097280785
19 19 0.08572372
20 19 0.13026541
21 19 0.14128609
22 19 0.14766778
23 19 0.15227479
24 19 0.15593232
25 19 0.15889257
26 19 0.16131522
27 19 0.16348663
28 19 0.16536117
29 19 0.16711242
30 19 0.16868104
0 20 0.17606714
1 20 0.17714505
2 20 0.1786712
3 20 0.17952423
4 20 0.18069173
5 20 0.18179306
6 20 0.18282506
7 20 0.18367542
8 20 0.18470521
9 20 0.18555558
10 20 0.18642081
11 20 0.18721111
12 20 0.18798065
13 20 0.18869063
14 20 0.18942721
15 20 0.19016379
16 20 0.19082567
17 20 0.19142212
18 20 0.19189918
19 20 0.19243166
20 20 0.19302054
21 20 0.19360867
22 20 0.19420366
23 20 0.19484869
24 20 0.1954339
25 20 0.19607136
26 20 0.19656062
27 20 0.19711557
28 20 0.19758262
29 20 0.19809996
30 20 0.19866027
0 21 0.20081362
1 21 0.20128603
2 21 0.20203972
3 21 0.20227653
4 21 0.20314594
5 21 0.20361054
6 21 0.20414034
7 21 0.20453389
8 21 0.20506026
9 21 0.205509
10 21 0.20598508
11 21 0.20638695
12 21 0.20680907
13 21 0.20722851
14 21 0.2076626
15 21 0.20808204
16 21 0.20844215
17 21 0.2088274
18 21 0.20917483
19 21 0.20961624
20 21 0.20996976
21 21 0.21030326
22 21 0.21061894
23 21 0.21100664
24 21 0.21131256
25 21 0.21161994
26 21 0.21191144
27 21 0.21217293
28 21 0.21241902
29 21 0.2127098
30 21 0.21303084
0 22 0.21402183
1 22 0.21438023
2 22 0.21505432
3 22 0.21512902
4 22 0.21582264
5 22 0.21603382
6 22 0.21642666
7 22 0.2166979
8 22 0.21693179
9 22 0.21728507
10 22 0.21760978
11 22 0.21792057
12 22 0.2181862
13 22 0.21848601
14 22 0.21883026
15 22 0.21919256
16 22 0.21946332
17 22 0.21975873
18 22 0.22002363
19 22 0.22025971
20 22 0.22057076
21 22 0.22082491
22 22 0.22106564
23 22 0.22127828
24 22 0.22150974
25 22 0.2217307
26 22 0.22180589
27 22 0.22201927
28 22 0.22208835
29 22 0.22239378
30 22 0.22257592
0 23 0.22336817
1 23 0.22361036
2 23 0.22421779
3 23 0.22430398
4 23 0.22522195
5 23 0.22527541
6 23 0.22547758
7 23 0.22566508
8 23 0.22585745
9 23 0.22613993
10 23 0.22636773
11 23 0.22657524
12 23 0.2268211
13 23 0.22701788
14 23 0.2272022
15 23 0.22740631
16 23 0.2276678
17 23 0.22785017
18 23 0.22800934
19 23 0.22826912
20 23 0.22850886
21 23 0.22856526
22 23 0.2288951
23 23 0.22920321
24 23 0.22943027
25 23 0.22958432
26 23 0.22975938
27 23 0.22989537
28 23 0.23005283
29 23 0.23024277
30 23 0.23035313
0 24 0.23081872
1 24 0.23091906
2 24 0.2314679
3 24 0.23127039
4 24 0.23153894
5 24 0.23176819
6 24 0.23190443
7 24 0.23200965
8 24 0.23215492
9 24 0.23228553
10 24 0.23246035
11 24 0.23260438
12 24 0.23277456
13 24 0.23292056
14 24 0.23312026
15 24 0.2332831
16 24 0.23347037
17 24 0.23382169
18 24 0.23387174
19 24 0.2341088
20 24 0.23425627
21 24 0.23439983
22 24 0.23460564
23 24 0.23482098
24 24 0.2349572
25 24 0.2351198
26 24 0.23524359
27 24 0.23534906
28 24 0.23545429
29 24 0.23556854
30 24 0.2356601
0 25 0.23530585
1 25 0.23537518
2 25 0.23609516
3 25 0.23620357
4 25 0.23659933
5 25 0.23648848
6 25 0.23660006
7 25 0.23669991
8 25 0.23681001
9 25 0.23694918
10 25 0.23708273
11 25 0.23725949
12 25 0.23742355
13 25 0.23756076
14 25 0.23777024
15 25 0.23796506
16 25 0.2381638
17 25 0.23834324
18 25 0.2384619
19 25 0.23868725
20 25 0.23892894
21 25 0.23932764
22 25 0.23935059
23 25 0.23950611
24 25 0.23965845
25 25 0.23983644
26 25 0.23993702
27 25 0.24011305
28 25 0.24024586
29 25 0.24037722
30 25 0.24047244
0 26 0.24004713
1 26 0.24022731
2 26 0.24099074
3 26 0.24105448
4 26 0.24138406
5 26 0.24141605
6 26 0.24145927
7 26 0.2415203
8 26 0.24162894
9 26 0.24180692
10 26 0.24197465
11 26 0.24213578
12 26 0.24229716
13 26 0.2424334
14 26 0.24261162
15 26 0.24282818
16 26 0.24298956
17 26 0.24318096
18 26 0.24335162
19 26 0.24356134
20 26 0.24376497
21 26 0.24393293
22 26 0.24410628
23 26 0.24428158
24 26 0.2444349
25 26 0.24457918
26 26 0.24474837
27 26 0.24482235
28 26 0.24493636
29 26 0.24499227
30 26 0.24511777
0 27 0.24435383
1 27 0.24454622
2 27 0.24533579
3 27 0.24527182
4 27 0.24555552
5 27 0.24556504
6 27 0.24570176
7 27 0.24584384
8 27 0.24594712
9 27 0.24611191
10 27 0.24627818
11 27 0.24646714
12 27 0.24657921
13 27 0.24678282
14 27 0.24693102
15 27 0.24711096
16 27 0.24728186
17 27 0.24745032
18 27 0.24758436
19 27 0.24780847
20 27 0.24795325
21 27 0.24811757
22 27 0.24827138
23 27 0.24840882
24 27 0.2485873
25 27 0.24875112
26 27 0.2489037
27 27 0.24902432
28 27 0.24913785
29 27 0.2492626
30 27 0.24935782
0 28 0.24861172
1 28 0.24887758
2 28 0.24958487
3 28 0.24940884
4 28 0.24973087
5 28 0.24966617
6 28 0.24975894
7 28 0.24984269
8 28 0.24992815
9 28 0.25006095
10 28 0.2502216
11 28 0.2503417
12 28 0.25046134
13 28 0.2505905
14 28 0.25075236
15 28 0.25091472
16 28 0.25105122
17 28 0.25117692
18 28 0.2513139
19 28 0.25143892
20 28 0.2515971
21 28 0.25173432
22 28 0.25190523
23 28 0.25216988
24 28 0.252342
25 28 0.25243062
26 28 0.252487
27 28 0.25264546
28 28 0.25270942
29 28 0.25279978
30 28 0.25273654
0 29 0.25188228
1 29 0.25206733
2 29 0.25288984
3 29 0.25278902
4 29 0.2530295
5 29 0.2529748
6 29 0.25300777
7 29 0.25304782
8 29 0.2531074
9 29 0.25320652
10 29 0.25331956
11 29 0.25342208
12 29 0.25351658
13 29 0.253623
14 29 0.2537341
15 29 0.25390208
16 29 0.25400436
17 29 0.25413352
18 29 0.25424534
19 29 0.25439134
20 29 0.25453416
21 29 0.25468796
22 29 0.25483227
23 29 0.25495312
24 29 0.2551301
25 29 0.25523192
26 29 0.25536963
27 29 0.2554524
28 29 0.25556958
29 29 0.25564894
30 29 0.25575587
0 30 0.25506836
1 30 0.25527662
2 30 0.25607643
3 30 0.25566065
4 30 0.25576735
5 30 0.25569776
6 30 0.2557493
7 30 0.2558179
8 30 0.25587475
9 30 0.25595632
10 30 0.2560713
11 30 0.25620875
12 30 0.25628468
13 30 0.25637624
14 30 0.256501
15 30 0.2566675
16 30 0.2568301
17 30 0.25694925
18 30 0.2570701
19 30 0.25721586
20 30 0.2573389
21 30 0.25746244
22 30 0.257585
23 30 0.2576636
24 30 0.25786868
25 30 0.25801468
26 30 0.2581619
27 30 0.25822172
28 30 0.25837603
29 30 0.25843754
30 30 0.25853032
