0 0 0.37477183
1 0 0.37445936
2 0 0.37443078
3 0 0.37415636
4 0 0.3745399
5 0 0.37447718
6 0 0.37409216
7 0 0.37381652
8 0 0.3734364
9 0 0.37274593
10 0 0.3722901
11 0 0.37191293
12 0 0.37158749
13 0 0.3711956
14 0 0.37101495
15 0 0.37085113
16 0 0.3706597
17 0 0.3712132
18 0 0.37119585
19 0 0.3714173
20 0 0.3715047
21 0 0.37157747
22 0 0.37155232
23 0 0.37148225
24 0 0.37163043
25 0 0.37161213
26 0 0.37174445
27 0 0.3721092
28 0 0.3718558
29 0 0.3720633
30 0 0.37292758
0 1 0.37809417
1 1 0.37794864
2 1 0.37746817
3 1 0.37843376
4 1 0.38176706
5 1 0.3827566
6 1 0.38365382
7 1 0.3829004
8 1 0.38201782
9 1 0.3813762
10 1 0.38072237
11 1 0.3799592
12 1 0.3792116
13 1 0.3786264
14 1 0.37792498
15 1 0.37697402
16 1 0.37629896
17 1 0.37561023
18 1 0.37525037
19 1 0.3749303
20 1 0.3741776
21 1 0.37367612
22 1 0.3727928
23 1 0.37232184
24 1 0.37167025
25 1 0.37130818
26 1 0.37112898
27 1 0.3706453
28 1 0.37028423
29 1 0.3699009
30 1 0.369897
0 2 0.36569577
1 2 0.3657556
2 2 0.36703223
3 2 0.3673091
4 2 0.36900637
5 2 0.37217194
6 2 0.3714666
7 2 0.3711097
8 2 0.37023076
9 2 0.3686116
10 2 0.36806178
11 2 0.367583
12 2 0.36693236
13 2 0.36630005
14 2 0.3655002
15 2 0.36479
16 2 0.36426094
17 2 0.36374116
18 2 0.36316326
19 2 0.36300725
20 2 0.3628066
21 2 0.36235124
22 2 0.3622736
23 2 0.36199528
24 2 0.36197454
25 2 0.36176822
26 2 0.36191472
27 2 0.36167032
28 2 0.36151677
29 2 0.36159343
30 2 0.36110294
0 3 0.35648787
1 3 0.35692808
2 3 0.35814023
3 3 0.3585289
4 3 0.3608683
5 3 0.36411056
6 3 0.36353314
7 3 0.36289373
8 3 0.36216033
9 3 0.36269817
10 3 0.36148965
11 3 0.36089054
12 3 0.36038467
13 3 0.36074722
14 3 0.36055434
15 3 0.35986707
16 3 0.36042643
17 3 0.36004677
18 3 0.3600912
19 3 0.3594469
20 3 0.35993862
21 3 0.3602062
22 3 0.35999402
23 3 0.35978138
24 3 0.36030728
25 3 0.3603678
26 3 0.3601271
27 3 0.3599772
28 3 0.3595619
29 3 0.35954896
30 3 0.35935268
0 4 0.35116503
1 4 0.3515144
2 4 0.35202956
3 4 0.35251638
4 4 0.35610214
5 4 0.35806334
6 4 0.35935146
7 4 0.35802647
8 4 0.3573597
9 4 0.35638386
10 4 0.35612753
11 4 0.35603476
12 4 0.35359526
13 4 0.3549903
14 4 0.3547093
15 4 0.35529083
16 4 0.3557264
17 4 0.3561329
18 4 0.3563802
19 4 0.3562552
20 4 0.35665756
21 4 0.3570477
22 4 0.35753867
23 4 0.3575167
24 4 0.3578104
25 4 0.35868517
26 4 0.35871643
27 4 0.3591261
28 4 0.3591322
29 4 0.35909557
30 4 0.35888782
0 5 0.3508589
1 5 0.35167432
2 5 0.35283256
3 5 0.3530662
4 5 0.35495222
5 5 0.35909778
6 5 0.35887927
7 5 0.35835093
8 5 0.35593
9 5 0.35440972
10 5 0.35312602
11 5 0.3532344
12 5 0.35271952
13 5 0.35268092
14 5 0.35294974
15 5 0.3544742
16 5 0.35379863
17 5 0.35302934
18 5 0.3524722
19 5 0.3527532
20 5 0.35311136
21 5 0.35309914
22 5 0.35409257
23 5 0.3547337
24 5 0.3557442
25 5 0.3565914
26 5 0.35706967
27 5 0.35722005
28 5 0.35751376
29 5 0.35755113
30 5 0.35818884
0 6 0.3454506
1 6 0.34577727
2 6 0.34582388
3 6 0.3462326
4 6 0.34901607
5 6 0.35191995
6 6 0.35126904
7 6 0.3505078
8 6 0.35090503
9 6 0.3498364
10 6 0.3486848
11 6 0.34834665
12 6 0.34741157
13 6 0.3467426
14 6 0.34634978
15 6 0.34569085
16 6 0.3450656
17 6 0.34509268
18 6 0.34531704
19 6 0.34528896
20 6 0.3456442
21 6 0.3462304
22 6 0.34744477
23 6 0.34752315
24 6 0.3482646
25 6 0.34864914
26 6 0.34878317
27 6 0.34907272
28 6 0.3495564
29 6 0.34983298
30 6 0.34984592
0 7 0.33749467
1 7 0.33767092
2 7 0.33641067
3 7 0.3377703
4 7 0.34100276
5 7 0.34308922
6 7 0.3432899
7 7 0.34236974
8 7 0.3418468
9 7 0.34104818
10 7 0.34079355
11 7 0.33964655
12 7 0.33933356
13 7 0.3391944
14 7 0.33855107
15 7 0.33869976
16 7 0.33641994
17 7 0.3362854
18 7 0.33605543
19 7 0.3351599
20 7 0.33709404
21 7 0.33652616
22 7 0.33967805
23 7 0.34083018
24 7 0.34196958
25 7 0.34325206
26 7 0.34426528
27 7 0.34512565
28 7 0.3458068
29 7 0.34620208
30 7 0.3466911
0 8 0.3184751
1 8 0.323169
2 8 0.32328448
3 8 0.32646057
4 8 0.33126336
5 8 0.33346042
6 8 0.33348924
7 8 0.3331987
8 8 0.33405685
9 8 0.3340293
10 8 0.33454394
11 8 0.33463794
12 8 0.3343672
13 8 0.33451197
14 8 0.33451048
15 8 0.3352993
16 8 0.33563405
17 8 0.33585036
18 8 0.33498704
19 8 0.33418748
20 8 0.33404025
21 8 0.33298287
22 8 0.3330764
23 8 0.3320146
24 8 0.33669388
25 8 0.33612064
26 8 0.33655715
27 8 0.33880085
28 8 0.34040853
29 8 0.34104794
30 8 0.3417235
0 9 0.30023944
1 9 0.30700007
2 9 0.30989853
3 9 0.3137902
4 9 0.3196326
5 9 0.32417098
6 9 0.32494295
7 9 0.3244461
8 9 0.3237127
9 9 0.32439706
10 9 0.32433528
11 9 0.3241263
12 9 0.32463193
13 9 0.32438192
14 9 0.32502085
15 9 0.32447127
16 9 -0.0017344016
17 9 -0.0016650645
18 9 -0.0019607234
19 9 -0.0015510491
20 9 -7.937133E-4
21 9 7.902953E-4
22 9 -0.0015561761
23 9 0.057741605
24 9 0.16459358
25 9 0.19739632
26 9 0.22678009
27 9 0.25432956
28 9 0.2670158
29 9 0.2706687
30 9 0.27586895
0 10 0.2585435
1 10 0.26575017
2 10 0.26765326
3 10 0.27199438
4 10 0.2790006
5 10 0.28548434
6 10 0.28719726
7 10 0.28689697
8 10 0.2871079
9 10 0.2878511
10 10 0.28856277
11 10 0.28951958
12 10 0.29066312
13 10 0.29084235
14 10 0.29114214
15 10 -8.122683E-4
16 10 -0.0020605784
17 10 -9.636378E-4
18 10 -7.714962E-5
19 10 -0.0018132601
20 10 -0.0019328909
21 10 -8.6329447E-4
22 10 0.0060686963
23 10 -9.780423E-4
24 10 0.007292592
25 10 0.13036846
26 10 0.1624185
27 10 0.18742792
28 10 0.19676472
29 10 0.23020983
30 10 0.23988648
0 11 0.24002223
1 11 0.24578671
2 11 0.24547885
3 11 0.24562143
4 11 0.25449315
5 11 0.26032406
6 11 0.2623248
7 11 0.2634801
8 11 0.26416665
9 11 0.26694646
10 11 0.26864767
11 11 0.26971507
12 11 0.27083448
13 11 0.27197242
14 11 0.032934587
15 11 -0.0012619823
16 11 -2.5439842E-4
17 11 -0.0020959794
18 11 0.0012732128
19 11 -0.0022646831
20 11 0.018714398
21 11 -0.001303975
22 11 -0.0018618449
23 11 -0.0019267873
24 11 -0.0013972382
25 11 0.10792792
26 11 0.15778953
27 11 0.18307263
28 11 0.1887187
29 11 0.19110473
30 11 0.2095723
0 12 0.22193602
1 12 0.22475123
2 12 0.22383009
3 12 0.22637309
4 12 0.23339273
5 12 0.2440157
6 12 0.24345075
7 12 0.24630846
8 12 0.24848013
9 12 0.24978629
10 12 0.25112054
11 12 0.2532126
12 12 0.2537937
13 12 0.25566456
14 12 0.004845777
15 12 -0.0018554971
16 12 5.407797E-4
17 12 -0.0017300069
18 12 -0.0013239948
19 12 -0.0015005112
20 12 0.0031367668
21 12 -0.0016833753
22 12 0.013951629
23 12 -0.0021806974
24 12 -0.0021872893
25 12 0.061687224
26 12 0.11997254
27 12 0.14395142
28 12 0.16283037
29 12 0.17191523
30 12 0.18938425
0 13 0.21398325
1 13 0.21611342
2 13 0.2143817
3 13 0.22276121
4 13 0.2258787
5 13 0.22672954
6 13 0.22875424
7 13 0.22920151
8 13 0.23229726
9 13 0.23932496
10 13 0.23721212
11 13 0.24055372
12 13 0.24136257
13 13 0.1506632
14 13 0.006679057
15 13 -0.0010639811
16 13 -0.0012641795
17 13 -0.0022009613
18 13 -0.0012202335
19 13 0.0019543755
20 13 -0.0017309835
21 13 -0.0013589076
22 13 -0.0019617
23 13 -0.0019492486
24 13 -0.0018713665
25 13 -0.0023352408
26 13 0.08139212
27 13 0.10747943
28 13 0.15111364
29 13 0.20526022
30 13 0.20092006
0 14 0.20966703
1 14 0.21279867
2 14 0.20644164
3 14 0.20785376
4 14 0.21330746
5 14 0.21795817
6 14 0.2208503
7 14 0.22877596
8 14 0.23352213
9 14 0.23637813
10 14 0.23786032
11 14 0.23726046
12 14 0.2373242
13 14 0.016509285
14 14 -8.0396736E-4
15 14 0.0073084612
16 14 -0.001173602
17 14 -0.0018625773
18 14 -0.0011806821
19 14 -0.0016208744
20 14 0.0046026097
21 14 0.0044053406
22 14 4.2236974E-5
23 14 -0.0016943619
24 14 -0.0021938812
25 14 0.0076568555
26 14 0.10917184
27 14 0.13512535
28 14 0.15057482
29 14 0.15581489
30 14 0.16179764
0 15 0.20049037
1 15 0.20422187
2 15 0.19394535
3 15 0.1997262
4 15 0.20937039
5 15 0.21163777
6 15 0.21308261
7 15 0.21241927
8 15 0.2234563
9 15 0.22630082
10 15 0.22306542
11 15 0.23342252
12 15 0.23083287
13 15 0.012849074
14 15 -0.0022939804
15 15 -0.0016128176
16 15 -9.45327E-4
17 15 -0.0012895705
18 15 -0.0018293737
19 15 0.0018403602
20 15 -0.0012192569
21 15 -0.0015732662
22 15 -0.0017595484
23 15 -0.0015508049
24 15 -0.002061555
25 15 0.049926788
26 15 0.10431092
27 15 0.13268293
28 15 0.15866454
29 15 0.1604214
30 15 0.1671532
0 16 0.20291278
1 16 0.20279412
2 16 0.19957165
3 16 0.19486406
4 16 0.20369403
5 16 0.20635252
6 16 0.20779884
7 16 0.20838062
8 16 0.20913869
9 16 0.21285214
10 16 0.21742935
11 16 0.21789469
12 16 0.2189511
13 16 0.21772355
14 16 -0.0013474327
15 16 4.9048604E-4
16 16 -0.0021015946
17 16 -0.00197879
18 16 -0.0021633632
19 16 -0.002058381
20 16 -0.0014531473
21 16 -0.0019241017
22 16 -0.0016220951
23 16 -0.002016144
24 16 -0.0015022203
25 16 0.071576536
26 16 0.13243635
27 16 0.16437386
28 16 0.18843257
29 16 0.19913536
30 16 0.20606688
0 17 0.20166764
1 17 0.20269695
2 17 0.19865637
3 17 0.1996466
4 17 0.20430684
5 17 0.20814845
6 17 0.20847584
7 17 0.20919973
8 17 0.21020658
9 17 0.2168163
10 17 0.22623003
11 17 0.22396486
12 17 0.2253638
13 17 0.22653031
14 17 0.22293334
15 17 -0.0019101854
16 17 -0.0016972916
17 17 -0.0020644846
18 17 -0.002339147
19 17 -0.0022058443
20 17 -0.002347448
21 17 -0.002071809
22 17 -0.0021948577
23 17 -0.0021738615
24 17 0.046736065
25 17 0.10238511
26 17 0.12475777
27 17 0.15601484
28 17 0.18385902
29 17 0.2013749
30 17 0.20653489
0 18 0.20735131
1 18 0.2053154
2 18 0.20175748
3 18 0.19931823
4 18 0.20179044
5 18 0.21917059
6 18 0.21171369
7 18 0.21189924
8 18 0.21767643
9 18 0.21657607
10 18 0.22179002
11 18 0.22164474
12 18 0.22294335
13 18 0.22802742
14 18 0.22317822
15 18 -0.0015930419
16 18 -6.211033E-4
17 18 1.3818571E-4
18 18 -0.0023347526
19 18 -5.063554E-4
20 18 -0.0022278172
21 18 -0.0022253757
22 18 -0.0019888
23 18 0.07355557
24 18 0.1034342
25 18 0.13770157
26 18 0.15506096
27 18 0.19051269
28 18 0.20516525
29 18 0.21068877
30 18 0.21527478
0 19 0.21571375
1 19 0.21357846
2 19 0.20836818
3 19 0.20924173
4 19 0.21349448
5 19 0.21482483
6 19 0.21600722
7 19 0.21603847
8 19 0.21855584
9 19 0.21730947
10 19 0.21700503
11 19 0.21802092
12 19 0.21819817
13 19 0.21984735
14 19 0.23085949
15 19 0.23331338
16 19 0.033384055
17 19 0.02234165
18 19 -1.3281453E-4
19 19 0.0029668421
20 19 0.034310583
21 19 0.057248436
22 19 0.11118212
23 19 0.13468224
24 19 0.15603314
25 19 0.16352887
26 19 0.17384592
27 19 0.18605924
28 19 0.20230754
29 19 0.21058525
30 19 0.21308309
0 20 0.23320962
1 20 0.22838826
2 20 0.22413698
3 20 0.2229978
4 20 0.22301294
5 20 0.22916073
6 20 0.22597319
7 20 0.23041955
8 20 0.2323893
9 20 0.23502141
10 20 0.23937085
11 20 0.23913135
12 20 0.23958398
13 20 0.24401546
14 20 0.24264897
15 20 0.24508944
16 20 0.2447933
17 20 0.24267437
18 20 0.24264239
19 20 0.24619688
20 20 0.21097173
21 20 0.24168704
22 20 0.23994215
23 20 0.23905005
24 20 0.23811033
25 20 0.23789573
26 20 0.24081765
27 20 0.2398213
28 20 0.24314068
29 20 0.24336164
30 20 0.24734338
0 21 0.25329563
1 21 0.24895254
2 21 0.24401447
3 21 0.24334356
4 21 0.24387604
5 21 0.24789149
6 21 0.25130805
7 21 0.25267354
8 21 0.25301975
9 21 0.2507409
10 21 0.25015494
11 21 0.25174993
12 21 0.25187227
13 21 0.25342527
14 21 0.25450635
15 21 0.25436962
16 21 0.2541482
17 21 0.25470996
18 21 0.25532323
19 21 0.257273
20 21 0.25500512
21 21 0.2537197
22 21 0.2557312
23 21 0.2532717
24 21 0.2537026
25 21 0.25882939
26 21 0.26003742
27 21 0.26196104
28 21 0.26233286
29 21 0.2635675
30 21 0.26417226
0 22 0.26184946
1 22 0.25881475
2 22 0.25459984
3 22 0.2541189
4 22 0.25376755
5 22 0.25405246
6 22 0.2544199
7 22 0.25597656
8 22 0.26170713
9 22 0.26385778
10 22 0.26373547
11 22 0.26309484
12 22 0.26226988
13 22 0.26308924
14 22 0.26372254
15 22 0.26343542
16 22 0.26488417
17 22 0.26555094
18 22 0.26570377
19 22 0.26495352
20 22 0.26559317
21 22 0.26609
22 22 0.2652223
23 22 0.26543278
24 22 0.2651862
25 22 0.2662702
26 22 0.26494154
27 22 0.26555192
28 22 0.26721722
29 22 0.26826605
30 22 0.26845917
0 23 0.26672602
1 23 0.2638463
2 23 0.26002595
3 23 0.25852326
4 23 0.26422498
5 23 0.26114804
6 23 0.26176378
7 23 0.26242834
8 23 0.26361293
9 23 0.2645055
10 23 0.26421717
11 23 0.26381922
12 23 0.26375866
13 23 0.2637106
14 23 0.26477504
15 23 0.26247278
16 23 0.26333776
17 23 0.26516908
18 23 0.2659628
19 23 0.26670793
20 23 0.2686313
21 23 0.26835054
22 23 0.26933005
23 23 0.26973534
24 23 0.2704624
25 23 0.26952195
26 23 0.2703027
27 23 0.27064916
28 23 0.27150416
29 23 0.26862082
30 23 0.26931125
0 24 0.2689609
1 24 0.26550993
2 24 0.2621329
3 24 0.26145712
4 24 0.26523647
5 24 0.26681927
6 24 0.26670232
7 24 0.26768038
8 24 0.2676042
9 24 0.26588908
10 24 0.26486927
11 24 0.26625064
12 24 0.2677536
13 24 0.2679853
14 24 0.26707464
15 24 0.2675981
16 24 0.26827973
17 24 0.26549697
18 24 0.26246202
19 24 0.27273074
20 24 0.26891914
21 24 0.2678176
22 24 0.26925755
23 24 0.27110717
24 24 0.27125975
25 24 0.27149707
26 24 0.27161816
27 24 0.27149463
28 24 0.27133325
29 24 0.27316263
30 24 0.27306643
0 25 0.27089867
1 25 0.26566836
2 25 0.26496792
3 25 0.2686235
4 25 0.26874092
5 25 0.2703479
6 25 0.27051073
7 25 0.27032152
8 25 0.26943016
9 25 0.2734529
10 25 0.27194214
11 25 0.2716411
12 25 0.27126488
13 25 0.27145338
14 25 0.2725503
15 25 0.27309135
16 25 0.27661312
17 25 0.27286893
18 25 0.27120727
19 25 0.27021262
20 25 0.27312112
21 25 0.2729075
22 25 0.2739871
23 25 0.2749578
24 25 0.27149364
25 25 0.27126756
26 25 0.27142555
27 25 0.27043042
28 25 0.27138233
29 25 0.2717998
30 25 0.2753958
0 26 0.27247974
1 26 0.26875582
2 26 0.2676281
3 26 0.27153906
4 26 0.27338016
5 26 0.27464092
6 26 0.2742344
7 26 0.27386284
8 26 0.27621126
9 26 0.27770638
10 26 0.27745467
11 26 0.27862975
12 26 0.2787047
13 26 0.27825254
14 26 0.27867222
15 26 0.27875474
16 26 0.2783717
17 26 0.27859288
18 26 0.2787577
19 26 0.27880114
20 26 0.27909485
21 26 0.27925792
22 26 0.27928796
23 26 0.27944666
24 26 0.27958044
25 26 0.27932408
26 26 0.27828747
27 26 0.27665365
28 26 0.2762398
29 26 0.27578303
30 26 0.27622712
0 27 0.2735203
1 27 0.27218482
2 27 0.272845
3 27 0.27657357
4 27 0.27642024
5 27 0.27765438
6 27 0.27852672
7 27 0.27926868
8 27 0.2788082
9 27 0.27999038
10 27 0.27962586
11 27 0.28020498
12 27 0.2803334
13 27 0.2802655
14 27 0.2800421
15 27 0.2802609
16 27 0.28032655
17 27 0.2803854
18 27 0.2800421
19 27 0.2799916
20 27 0.2798031
21 27 0.27963513
22 27 0.27983728
23 27 0.28026724
24 27 0.2798429
25 27 0.27997303
26 27 0.28002968
27 27 0.28014076
28 27 0.27962488
29 27 0.2798678
30 27 0.2800089
0 28 0.27500737
1 28 0.27363506
2 28 0.27515972
3 28 0.2775577
4 28 0.27902186
5 28 0.27962732
6 28 0.2799877
7 28 0.2801969
8 28 0.28044495
9 28 0.2804369
10 28 0.28047842
11 28 0.2803832
12 28 0.28044277
13 28 0.28043765
14 28 0.28056678
15 28 0.2805558
16 28 0.2805768
17 28 0.28057948
18 28 0.28064078
19 28 0.28048575
20 28 0.28050894
21 28 0.28049502
22 28 0.28051674
23 28 0.28056508
24 28 0.28049526
25 28 0.28059363
26 28 0.2805973
27 28 0.2804872
28 28 0.28040174
29 28 0.2801757
30 28 0.2801647
0 29 0.2754661
1 29 0.27516168
2 29 0.27635163
3 29 0.27802035
4 29 0.278849
5 29 0.27877283
6 29 0.27952063
7 29 0.27948377
8 29 0.2794054
9 29 0.27943078
10 29 0.27965808
11 29 0.27983338
12 29 0.27983582
13 29 0.27981067
14 29 0.2798407
15 29 0.27962464
16 29 0.2797682
17 29 0.27991322
18 29 0.27967688
19 29 0.27951258
20 29 0.2797848
21 29 0.27967834
22 29 0.27958044
23 29 0.27970105
24 29 0.27942687
25 29 0.27961072
26 29 0.27961072
27 29 0.27972546
28 29 0.27905554
29 29 0.27902332
30 29 0.2786986
0 30 0.27418828
1 30 0.2745938
2 30 0.27612555
3 30 0.277619
4 30 0.2783607
5 30 0.27885118
6 30 0.27910852
7 30 0.27918932
8 30 0.2794193
9 30 0.27951795
10 30 0.2794369
11 30 0.2796073
12 30 0.2796261
13 30 0.27976355
14 30 0.27990735
15 30 0.27988026
16 30 0.27993178
17 30 0.27995935
18 30 0.2800099
19 30 0.2800829
20 30 0.2800951
21 30 0.28016347
22 30 0.2802245
23 30 0.28040615
24 30 0.28020132
25 30 0.28010926
26 30 0.27996325
27 30 0.27971888
28 30 0.2794088
29 30 0.27895054
30 30 0.27823693
