0 0 0.42017537
1 0 0.4205699
2 0 0.42063633
3 0 0.42067808
4 0 0.4205533
5 0 0.42184702
6 0 0.4235846
7 0 0.42554703
8 0 0.42739594
9 0 0.42839158
10 0 0.42881685
11 0 0.42922556
12 0 0.42940915
13 0 0.42967185
14 0 0.4297507
15 0 0.42974046
16 0 0.4297927
17 0 0.4299231
18 0 0.43031055
19 0 0.430218
20 0 0.4302622
21 0 0.43042895
22 0 0.43046826
23 0 0.4306941
24 0 0.43093675
25 0 0.431187
26 0 0.43124488
27 0 0.4314126
28 0 0.43158278
29 0 0.431667
30 0 0.43191335
0 1 0.43097267
1 1 0.4299016
2 1 0.42822334
3 1 0.4257731
4 1 0.4229352
5 1 0.42318177
6 1 0.4277121
7 1 0.42765474
8 1 0.42965695
9 1 0.43116456
10 1 0.43186915
11 1 0.43268338
12 1 0.4334141
13 1 0.4339163
14 1 0.43420318
15 1 0.43455988
16 1 0.43471172
17 1 0.43478057
18 1 0.43499762
19 1 0.4350506
20 1 0.43229568
21 1 0.43320462
22 1 0.43362382
23 1 0.43397367
24 1 0.43439946
25 1 0.43483502
26 1 0.43534333
27 1 0.43577132
28 1 0.4360726
29 1 0.43660605
30 1 0.436963
0 2 0.4379359
1 2 0.43755308
2 2 0.43612704
3 2 0.43439972
4 2 0.43312088
5 2 0.43297365
6 2 0.4361395
7 2 0.43444878
8 2 0.43585092
9 2 0.43732724
10 2 0.43771788
11 2 0.43808654
12 2 0.43833604
13 2 0.43855602
14 2 0.43861413
15 2 0.43879774
16 2 0.43897572
17 2 0.43915832
18 2 0.43939197
19 2 0.43943056
20 2 0.4394364
21 2 0.4394335
22 2 0.43946156
23 2 0.43943593
24 2 0.4395702
25 2 0.439641
26 2 0.43980435
27 2 0.43987173
28 2 0.43995228
29 2 0.44010538
30 2 0.44024307
0 3 0.4411078
1 3 0.44069204
2 3 0.43845323
3 3 0.4375941
4 3 0.43737558
5 3 0.43726182
6 3 0.44010976
7 3 0.43750253
8 3 0.4375758
9 3 0.43768737
10 3 0.43744102
11 3 0.4373939
12 3 0.43734604
13 3 0.43710387
14 3 0.43670103
15 3 0.4364637
16 3 0.43612605
17 3 0.43595564
18 3 0.43562752
19 3 0.4353824
20 3 0.43505695
21 3 0.4347166
22 3 0.43450102
23 3 0.43449345
24 3 0.43435186
25 3 0.43417364
26 3 0.43392387
27 3 0.43380472
28 3 0.4339041
29 3 0.4340838
30 3 0.4342769
0 4 0.4358592
1 4 0.4358614
2 4 0.43395367
3 4 0.43297195
4 4 0.43316898
5 4 0.4342957
6 4 0.43636557
7 4 0.43434867
8 4 0.43448833
9 4 0.43487287
10 4 0.4348504
11 4 0.43522638
12 4 0.4354295
13 4 0.43564606
14 4 0.4356009
15 4 0.43601716
16 4 0.4359161
17 4 0.43582916
18 4 0.4356585
19 4 0.43553254
20 4 0.4351551
21 4 0.43503815
22 4 0.43484282
23 4 0.4347027
24 4 0.4346971
25 4 0.4347928
26 4 0.43486482
27 4 0.43494514
28 4 0.43508184
29 4 0.43532282
30 4 0.43549615
0 5 0.43745226
1 5 0.43267533
2 5 0.43170777
3 5 0.4307605
4 5 0.43107104
5 5 0.43272147
6 5 0.4347486
7 5 0.43323955
8 5 0.43412262
9 5 0.43493757
10 5 0.43532795
11 5 0.43579915
12 5 0.43618488
13 5 0.4367845
14 5 0.4369608
15 5 0.43722716
16 5 0.43739218
17 5 0.43742174
18 5 0.437337
19 5 0.43740854
20 5 0.4373387
21 5 0.43721762
22 5 0.4372108
23 5 0.43743077
24 5 0.4375272
25 5 0.4375992
26 5 0.43776476
27 5 0.43786755
28 5 0.4380443
29 5 0.43830505
30 5 0.43840808
0 6 0.44057438
1 6 0.44050428
2 6 0.43886998
3 6 0.43680137
4 6 0.43674886
5 6 0.43815148
6 6 0.4404037
7 6 0.43747032
8 6 0.43782553
9 6 0.43807384
10 6 0.438036
11 6 0.4380299
12 6 0.43798107
13 6 0.43802673
14 6 0.43806675
15 6 0.43802086
16 6 0.43794128
17 6 0.43788707
18 6 0.43799475
19 6 0.43792832
20 6 0.43798864
21 6 0.43807995
22 6 0.4382816
23 6 0.43839708
24 6 0.43849742
25 6 0.43859655
26 6 0.4387257
27 6 0.4388192
28 6 0.4390143
29 6 0.43930483
30 6 0.43940246
0 7 0.4419345
1 7 0.44158757
2 7 0.4408322
3 7 0.43920153
4 7 0.43918958
5 7 0.43905237
6 7 0.4421657
7 7 0.43945202
8 7 0.44023794
9 7 0.44051382
10 7 0.440767
11 7 0.44085318
12 7 0.44089395
13 7 0.44091251
14 7 0.44105777
15 7 0.4409916
16 7 0.44048184
17 7 0.44047403
18 7 0.44047743
19 7 0.4405756
20 7 0.4405048
21 7 0.44061515
22 7 0.4406332
23 7 0.44065493
24 7 0.440778
25 7 0.44083682
26 7 0.440902
27 7 0.44095278
28 7 0.44112247
29 7 0.44124088
30 7 0.44130242
0 8 0.4444023
1 8 0.44365084
2 8 0.4422697
3 8 0.44018617
4 8 0.44029775
5 8 0.44148576
6 8 0.44255754
7 8 0.44110197
8 8 0.4419218
9 8 0.4418881
10 8 0.4415839
11 8 0.44151822
12 8 0.4422194
13 8 0.44137856
14 8 0.44127116
15 8 0.44126895
16 8 0.44100454
17 8 0.44069424
18 8 0.4407709
19 8 0.44059804
20 8 0.4406371
21 8 0.44076553
22 8 0.44114006
23 8 0.44111758
24 8 0.44131902
25 8 0.44136882
26 8 0.4415949
27 8 0.4417155
28 8 0.44193816
29 8 0.44218156
30 8 0.44237664
0 9 0.44456345
1 9 0.4440605
2 9 0.44307637
3 9 0.44119865
4 9 0.44117495
5 9 0.44188663
6 9 0.44397995
7 9 0.44276702
8 9 0.44300947
9 9 0.44297698
10 9 0.44305024
11 9 0.44307244
12 9 0.44305757
13 9 0.44309905
14 9 0.44300777
15 9 0.44286737
16 9 0.44261518
17 9 0.4424919
18 9 0.44216937
19 9 0.44197357
20 9 0.44183758
21 9 0.44169596
22 9 0.4418632
23 9 0.44211566
24 9 0.44243476
25 9 0.44259393
26 9 0.44288176
27 9 0.44320357
28 9 0.4434328
29 9 0.4437236
30 9 0.4438686
0 10 0.4454912
1 10 0.44483298
2 10 0.4441943
3 10 0.44265008
4 10 0.44292012
5 10 0.44448996
6 10 0.4452021
7 10 0.4435844
8 10 0.4440368
9 10 0.44392866
10 10 0.4440014
11 10 0.44406977
12 10 0.44411764
13 10 0.44408736
14 10 0.44404757
15 10 0.4438547
16 10 0.4435207
17 10 0.44293964
18 10 0.4425131
19 10 0.44196305
20 10 0.4415956
21 10 0.4415761
22 10 0.44166496
23 10 0.44210613
24 10 0.44259685
25 10 0.44315937
26 10 0.4437021
27 10 0.44411105
28 10 0.44451314
29 10 0.44472408
30 10 0.44486934
0 11 0.4449289
1 11 0.44406003
2 11 0.44277436
3 11 0.44091251
4 11 0.44158757
5 11 0.4420126
6 11 0.44426242
7 11 0.44265568
8 11 0.44290423
9 11 0.443028
10 11 0.44303876
11 11 0.44297236
12 11 0.442904
13 11 0.44290715
14 11 0.44272992
15 11 0.44251874
16 11 0.44214275
17 11 0.21735172
18 11 0.0020713208
19 11 0.0050657513
20 11 0.0053921724
21 11 -7.3926913E-4
22 11 -0.0010861983
23 11 0.0031741208
24 11 0.12563327
25 11 0.18417299
26 11 0.22218601
27 11 0.24491513
28 11 0.2630016
29 11 0.27771103
30 11 0.29006767
0 12 0.27681282
1 12 0.2949037
2 12 0.31321865
3 12 0.32081887
4 12 0.32806385
5 12 0.34208018
6 12 0.34791937
7 12 0.34986374
8 12 0.35378763
9 12 0.3564156
10 12 0.35885218
11 12 0.36104214
12 12 0.36301264
13 12 0.36484885
14 12 0.36657542
15 12 0.36802077
16 12 0.0010310216
17 12 6.543069E-4
18 12 -0.0013662318
19 12 -0.0020622874
20 12 -0.0020847486
21 12 -0.0018945602
22 12 -0.0021719083
23 12 -0.0018723431
24 12 0.10905489
25 12 0.15838304
26 12 0.18712273
27 12 0.2120743
28 12 0.22845443
29 12 0.24201542
30 12 0.25388426
0 13 0.23264809
1 13 0.25383934
2 13 0.27374613
3 13 0.28242424
4 13 0.29257748
5 13 0.30700544
6 13 0.3115458
7 13 0.31430387
8 13 0.31780028
9 13 0.3211387
10 13 0.3244996
11 13 0.3269928
12 13 0.32893205
13 13 0.33118743
14 13 0.33273116
15 13 -7.859007E-4
16 13 -0.0018662395
17 13 -7.4976735E-4
18 13 -0.0015666743
19 13 8.8526745E-4
20 13 -0.0021438317
21 13 -0.0017053484
22 13 -0.0012429389
23 13 -0.001449241
24 13 0.08816395
25 13 0.14151461
26 13 0.16919619
27 13 0.18993063
28 13 0.20889577
29 13 0.22189109
30 13 0.23298305
0 14 0.21139923
1 14 0.22868538
2 14 0.24666832
3 14 0.25859916
4 14 0.2673344
5 14 0.28460178
6 14 0.2975397
7 14 0.30034468
8 14 0.301906
9 14 0.30317897
10 14 0.30427906
11 14 0.3058018
12 14 0.30744025
13 14 0.30933726
14 14 0.27632135
15 14 0.0017375754
16 14 0.057455223
17 14 0.07192737
18 14 0.055163443
19 14 0.024533335
20 14 0.0042488445
21 14 0.0018628215
22 14 0.0010695964
23 14 -0.0019023728
24 14 0.0014414283
25 14 0.110098116
26 14 0.14914072
27 14 0.17287007
28 14 0.19072264
29 14 0.20500387
30 14 0.21709879
0 15 0.21467125
1 15 0.23537274
2 15 0.25143135
3 15 0.26040852
4 15 0.2674748
5 15 0.2756082
6 15 0.28488645
7 15 0.2900396
8 15 0.29184967
9 15 0.29308236
10 15 0.2953507
11 15 0.2975888
12 15 0.30010617
13 15 0.30302098
14 15 0.1686371
15 15 0.22388062
16 15 0.23831761
17 15 0.022032565
18 15 0.16442561
19 15 0.0027205006
20 15 0.0019668269
21 15 -0.0021838713
22 15 -0.0021938812
23 15 0.0037656827
24 15 0.08233378
25 15 0.14100972
26 15 0.16803992
27 15 0.18719232
28 15 0.20171647
29 15 0.21352792
30 15 0.2235249
0 16 0.20307416
1 16 0.21853703
2 16 0.23271742
3 16 0.24747376
4 16 0.26041877
5 16 0.273293
6 16 0.28027138
7 16 0.28115422
8 16 0.28255218
9 16 0.2843962
10 16 0.28652343
11 16 0.2888252
12 16 0.29140607
13 16 0.29383555
14 16 0.22569804
15 16 0.091517754
16 16 -0.0016970475
17 16 -0.0023442742
18 16 0.10265733
19 16 -0.0010590983
20 16 -0.002191684
21 16 -0.0011530938
22 16 -0.002345739
23 16 -0.0020386055
24 16 0.06406788
25 16 0.13755386
26 16 0.16199686
27 16 0.1800118
28 16 0.1942249
29 16 0.20595358
30 16 0.21586
0 17 0.1900156
1 17 0.20767725
2 17 0.22480446
3 17 0.23706344
4 17 0.24771205
5 17 0.25878912
6 17 0.26955858
7 17 0.27284938
8 17 0.2745628
9 17 0.27590266
10 17 0.27833676
11 17 0.28120473
12 17 0.28416476
13 17 0.28688964
14 17 0.1556496
15 17 0.11493438
16 17 0.002584268
17 17 0.0023049668
18 17 0.104716934
19 17 0.0429384
20 17 9.4630354E-4
21 17 0.009094133
22 17 -0.0019231251
23 17 -0.0015903563
24 17 0.08235331
25 17 0.13530554
26 17 0.16069826
27 17 0.17882769
28 17 0.1955899
29 17 0.20689818
30 17 0.2163661
0 18 0.18681316
1 18 0.20368011
2 18 0.21717812
3 18 0.22828108
4 18 0.24012697
5 18 0.24827309
6 18 0.25862554
7 18 0.26370814
8 18 0.26788008
9 18 0.27089965
10 18 0.2741602
11 18 0.27716342
12 18 0.27975404
13 18 0.2819638
14 18 0.17505883
15 18 0.25273752
16 18 0.05224787
17 18 0.109756805
18 18 0.012304876
19 18 -0.0015754636
20 18 -0.0022637064
21 18 6.823835E-4
22 18 -0.0011784849
23 18 0.014668438
24 18 0.10676164
25 18 0.14511403
26 18 0.16812049
27 18 0.18510805
28 18 0.19866979
29 18 0.20981985
30 18 0.21927728
0 19 0.19497003
1 19 0.21494274
2 19 0.2262913
3 19 0.23720504
4 19 0.25329
5 19 0.26364833
6 19 0.27224684
7 19 0.27381986
8 19 0.2772645
9 19 0.27817222
10 19 0.280027
11 19 0.28178898
12 19 0.2834997
13 19 0.28492257
14 19 0.09085198
15 19 0.014942124
16 19 -0.0014853743
17 19 -5.4785993E-4
18 19 -0.002264439
19 19 -0.0011982605
20 19 -0.0016416267
21 19 -0.0021521326
22 19 -0.0023420767
23 19 0.038742535
24 19 0.12740795
25 19 0.15230091
26 19 0.1706005
27 19 0.18522696
28 19 0.19719027
29 19 0.2073037
30 19 0.21595496
0 20 0.19087231
1 20 0.20611766
2 20 0.21899529
3 20 0.2362248
4 20 0.2450997
5 20 0.2524311
6 20 0.2581612
7 20 0.26218295
8 20 0.26403552
9 20 0.2661059
10 20 0.26845136
11 20 0.2709138
12 20 0.27287942
13 20 0.27491486
14 20 0.27675986
15 20 0.0045547574
16 20 -2.2095065E-4
17 20 -0.0013567102
18 20 -0.0020913405
19 20 -0.0014175022
20 20 -0.0019504693
21 20 -6.118258E-4
22 20 0.0025793852
23 20 0.096637465
24 20 0.13465562
25 20 0.15746945
26 20 0.17439109
27 20 0.18787593
28 20 0.19902526
29 20 0.20839894
30 20 0.21654774
0 21 0.19137035
1 21 0.20618504
2 21 0.21881169
3 21 0.23033287
4 21 0.24331842
5 21 0.24979508
6 21 0.2585447
7 21 0.262493
8 21 0.26463076
9 21 0.26703632
10 21 0.26956493
11 21 0.27190405
12 21 0.27380815
13 21 0.27571076
14 21 0.27735287
15 21 0.27865684
16 21 0.009154925
17 21 0.0183787
18 21 0.032351814
19 21 -9.780423E-4
20 21 -0.0015613032
21 21 0.060947955
22 21 0.13764127
23 21 0.16404988
24 21 0.18601798
25 21 0.19945984
26 21 0.21045634
27 21 0.21985883
28 21 0.22783162
29 21 0.23473234
30 21 0.2408567
0 22 0.21156721
1 22 0.2271961
2 22 0.23781736
3 22 0.25123823
4 22 0.2606412
5 22 0.26547036
6 22 0.27162084
7 22 0.27490824
8 22 0.27720103
9 22 0.27941564
10 22 0.28170034
11 22 0.28383076
12 22 0.28557396
13 22 0.28718263
14 22 0.2884827
15 22 0.28987113
16 22 0.29093876
17 22 0.29197273
18 22 0.29284334
19 22 0.29379943
20 22 0.29503185
21 22 0.2963246
22 22 0.29784
23 22 0.29945794
24 22 0.30113986
25 22 0.302791
26 22 0.30466872
27 22 0.30611944
28 22 0.3075689
29 22 0.30894956
30 22 0.3101754
0 23 0.29199836
1 23 0.2978068
2 23 0.3024016
3 23 0.30881137
4 23 0.3106583
5 23 0.31180555
6 23 0.31439665
7 23 0.31372842
8 23 0.31352213
9 23 0.315227
10 23 0.31730735
11 23 0.3189436
12 23 0.31551728
13 23 0.31691623
14 23 0.31863403
15 23 0.3204126
16 23 0.321492
17 23 0.32217875
18 23 0.32296538
19 23 0.32376885
20 23 0.32452914
21 23 0.3254071
22 23 0.32643223
23 23 0.3274054
24 23 0.32838687
25 23 0.3293317
26 23 0.33038542
27 23 0.331164
28 23 0.33186275
29 23 0.33262423
30 23 0.33349752
0 24 0.3344182
1 24 0.3346787
2 24 0.33543408
3 24 0.33623806
4 24 0.3370098
5 24 0.33371824
6 24 0.335636
7 24 0.33635938
8 24 0.33706912
9 24 0.3378472
10 24 0.33919317
11 24 0.34028864
12 24 0.3410145
13 24 0.3415516
14 24 0.34193346
15 24 0.34224695
16 24 0.34251451
17 24 0.34280995
18 24 0.34311366
19 24 0.34346032
20 24 0.34384707
21 24 0.3441664
22 24 0.34459755
23 24 0.3450529
24 24 0.34557876
25 24 0.34614447
26 24 0.34672016
27 24 0.34738958
28 24 0.34794918
29 24 0.34843135
30 24 0.34907883
0 25 0.3481047
1 25 0.34808978
2 25 0.3485141
3 25 0.34931394
4 25 0.3485937
5 25 0.34639007
6 25 0.34682587
7 25 0.34779316
8 25 0.3484587
9 25 0.3499148
10 25 0.35143188
11 25 0.35237184
12 25 0.35303202
13 25 0.35367242
14 25 0.3542857
15 25 0.35416704
16 25 0.35401738
17 25 0.353887
18 25 0.35393998
19 25 0.3541236
20 25 0.35439214
21 25 0.35470244
22 25 0.35480085
23 25 0.35508868
24 25 0.35547346
25 25 0.35604182
26 25 0.356441
27 25 0.35678768
28 25 0.35723057
29 25 0.35772276
30 25 0.35832605
0 26 0.3561407
1 26 0.35653475
2 26 0.3573458
3 26 0.35810167
4 26 0.3581317
5 26 0.35624203
6 26 0.3579305
7 26 0.35806626
8 26 0.3583097
9 26 0.35927185
10 26 0.36010608
11 26 0.36082754
12 26 0.36137637
13 26 0.36172894
14 26 0.36114323
15 26 0.36134514
16 26 0.361548
17 26 0.36181876
18 26 0.36202654
19 26 0.36219403
20 26 0.36243278
21 26 0.36271527
22 26 0.36298847
23 26 0.36328316
24 26 0.36359492
25 26 0.36397675
26 26 0.36428952
27 26 0.3645954
28 26 0.36490256
29 26 0.36510912
30 26 0.36552244
0 27 0.3641208
1 27 0.3642292
2 27 0.36459932
3 27 0.36572167
4 27 0.36539719
5 27 0.3641037
6 27 0.36494845
7 27 0.3662778
8 27 0.36651194
9 27 0.36773074
10 27 0.36916336
11 27 0.37006816
12 27 0.370596
13 27 0.3708941
14 27 0.37097955
15 27 0.3710157
16 27 0.37105426
17 27 0.36975688
18 27 0.3693157
19 27 0.3694898
20 27 0.36950785
21 27 0.36951834
22 27 0.36956424
23 27 0.36962113
24 27 0.3696536
25 27 0.36987773
26 27 0.3700511
27 27 0.37026885
28 27 0.37048784
29 27 0.37077153
30 27 0.37114897
0 28 0.36794898
1 28 0.3684026
2 28 0.36895242
3 28 0.37074396
4 28 0.37099957
5 28 0.36971733
6 28 0.37284994
7 28 0.37141582
8 28 0.37120318
9 28 0.3719671
10 28 0.37325597
11 28 0.37396836
12 28 0.37436876
13 28 0.37465197
14 28 0.37476867
15 28 0.37495616
16 28 0.37500647
17 28 0.37501964
18 28 0.37503746
19 28 0.37500158
20 28 0.37506092
21 28 0.3743978
22 28 0.37430748
23 28 0.37474474
24 28 0.3742655
25 28 0.37453747
26 28 0.37481946
27 28 0.37500548
28 28 0.37518078
29 28 0.37560073
30 28 0.37602454
0 29 0.3705633
1 29 0.3637519
2 29 0.36388472
3 29 0.3652451
4 29 0.3639333
5 29 0.3624235
6 29 0.3644328
7 29 0.3637917
8 29 0.36356783
9 29 0.36330903
10 29 0.36385518
11 29 0.3642702
12 29 0.36445308
13 29 0.36456296
14 29 0.36457735
15 29 0.36455294
16 29 0.36467332
17 29 0.36472335
18 29 0.36489376
19 29 0.36515623
20 29 0.36547604
21 29 0.36566722
22 29 0.36578098
23 29 0.36605638
24 29 0.36642236
25 29 0.3667517
26 29 0.3675979
27 29 0.36797756
28 29 0.36800855
29 29 0.36833987
30 29 0.36871144
0 30 0.36823684
1 30 0.3680142
2 30 0.36888015
3 30 0.37086406
4 30 0.37119928
5 30 0.3723768
6 30 0.37244368
7 30 0.37252253
8 30 0.3725228
9 30 0.37322396
10 30 0.37344712
11 30 0.3738922
12 30 0.37427014
13 30 0.37447375
14 30 0.3747113
15 30 0.3746588
16 30 0.37463903
17 30 0.3744801
18 30 0.37444615
19 30 0.37435973
20 30 0.37443638
21 30 0.37436023
22 30 0.37432995
23 30 0.37434044
24 30 0.37432945
25 30 0.37446496
26 30 0.37447056
27 30 0.3743995
28 30 0.3743983
29 30 0.37449378
30 30 0.37450892
