0 0 0.34932664
1 0 0.34957078
2 0 0.34856856
3 0 0.3490532
4 0 0.34975168
5 0 0.3497236
6 0 0.34986156
7 0 0.35013476
8 0 0.35039014
9 0 0.35044214
10 0 0.35046825
11 0 0.35031223
12 0 0.35091797
13 0 0.35117772
14 0 0.3512251
15 0 0.35143116
16 0 0.35154665
17 0 0.35163942
18 0 0.35177222
19 0 0.35197145
20 0 0.35224244
21 0 0.3524214
22 0 0.35259745
23 0 0.35285354
24 0 0.3531138
25 0 0.35335037
26 0 0.3536192
27 0 0.35381204
28 0 0.35409552
29 0 0.35426837
30 0 0.3544229
0 1 0.35343242
1 1 0.35378715
2 1 0.35505816
3 1 0.35643342
4 1 0.36119765
5 1 0.3627121
6 1 0.36115664
7 1 0.35991517
8 1 0.3585216
9 1 0.35961902
10 1 0.36001453
11 1 0.36036244
12 1 0.36032608
13 1 0.36040467
14 1 0.36039418
15 1 0.3604745
16 1 0.36058682
17 1 0.3606725
18 1 0.36076334
19 1 0.36078262
20 1 0.36071426
21 1 0.36067593
22 1 0.360683
23 1 0.360673
24 1 0.36066395
25 1 0.36061588
26 1 0.3605978
27 1 0.36064005
28 1 0.36066982
29 1 0.36066225
30 1 0.36058486
0 2 0.35930872
1 2 0.3599933
2 2 0.36050797
3 2 0.3618969
4 2 0.36284906
5 2 0.36393183
6 2 0.362966
7 2 0.363445
8 2 0.3628278
9 2 0.36249968
10 2 0.36207828
11 2 0.36193717
12 2 0.36210173
13 2 0.36207488
14 2 0.36196867
15 2 0.36186343
16 2 0.36172405
17 2 0.36159587
18 2 0.36147404
19 2 0.36144912
20 2 0.36142668
21 2 0.3614733
22 2 0.36149064
23 2 0.36145914
24 2 0.36145964
25 2 0.36144596
26 2 0.36140153
27 2 0.36140007
28 2 0.36144033
29 2 0.36144766
30 2 0.3614169
0 3 0.3606432
1 3 0.36174136
2 3 0.36247015
3 3 0.364717
4 3 0.36614746
5 3 0.3705379
6 3 0.3691199
7 3 0.3675669
8 3 0.36621606
9 3 0.36592504
10 3 0.36992168
11 3 0.37124884
12 3 0.37121662
13 3 0.37080204
14 3 0.3703355
15 3 0.369606
16 3 0.36897585
17 3 0.3683738
18 3 0.36772877
19 3 0.36716163
20 3 0.36650681
21 3 0.36601633
22 3 0.36563572
23 3 0.3654094
24 3 0.3652517
25 3 0.36510763
26 3 0.36489964
27 3 0.36471236
28 3 0.3646296
29 3 0.36459616
30 3 0.3645422
0 4 0.36448702
1 4 0.3653806
2 4 0.3657822
3 4 0.3687776
4 4 0.3703084
5 4 0.37090802
6 4 0.36890212
7 4 0.367625
8 4 0.36781543
9 4 0.3666704
10 4 0.36545676
11 4 0.36526877
12 4 0.3652517
13 4 0.36522385
14 4 0.36515817
15 4 0.365134
16 4 0.36499336
17 4 0.36494577
18 4 0.364812
19 4 0.36452487
20 4 0.36437568
21 4 0.36431637
22 4 0.36436006
23 4 0.36437032
24 4 0.36437082
25 4 0.3643415
26 4 0.36426607
27 4 0.3642851
28 4 0.3643596
29 4 0.3645566
30 4 0.3647214
0 5 0.36486936
1 5 0.3655012
2 5 0.36592868
3 5 0.36793727
4 5 0.36925247
5 5 0.3700479
6 5 0.36978763
7 5 0.36947098
8 5 0.3681514
9 5 0.36722362
10 5 0.3662944
11 5 0.36616844
12 5 0.3659763
13 5 0.36587548
14 5 0.36548045
15 5 0.3655168
16 5 0.36549193
17 5 0.36561984
18 5 0.36553538
19 5 0.36544773
20 5 0.36540842
21 5 0.36542648
22 5 0.3654243
23 5 0.36536643
24 5 0.36534786
25 5 0.3651704
26 5 0.36507103
27 5 0.36503854
28 5 0.3650566
29 5 0.36503536
30 5 0.36501437
0 6 0.3653415
1 6 0.36586156
2 6 0.36669603
3 6 0.36848953
4 6 0.36943388
5 6 0.37047783
6 6 0.3707403
7 6 0.3704002
8 6 0.36994925
9 6 0.36887893
10 6 0.3683826
11 6 0.36863747
12 6 0.36863014
13 6 0.36839747
14 6 0.36827394
15 6 0.36805713
16 6 0.36793655
17 6 0.36767042
18 6 0.36746413
19 6 0.36726588
20 6 0.36701807
21 6 0.3668999
22 6 0.36677122
23 6 0.36676097
24 6 0.36669114
25 6 0.36648828
26 6 0.36630884
27 6 0.36630785
28 6 0.36633763
29 6 0.36629465
30 6 0.3662407
0 7 0.36801222
1 7 0.3684231
2 7 0.36899272
3 7 0.3697952
4 7 0.37234384
5 7 0.37143096
6 7 0.37178522
7 7 0.3709549
8 7 0.370512
9 7 0.36922148
10 7 0.3685657
11 7 0.36835524
12 7 0.36827394
13 7 0.36822927
14 7 0.36799148
15 7 0.36779225
16 7 0.3675757
17 7 0.36725074
18 7 0.36704493
19 7 0.3667937
20 7 0.36653295
21 7 0.366416
22 7 0.36632276
23 7 0.36606225
24 7 0.3657883
25 7 0.36449385
26 7 0.36463496
27 7 0.36466134
28 7 0.3646838
29 7 0.3645986
30 7 0.36445895
0 8 0.3653037
1 8 0.36629587
2 8 0.36703002
3 8 0.36791846
4 8 0.36947733
5 8 0.37000614
6 8 0.36915603
7 8 0.3690547
8 8 0.3690579
9 8 0.3684568
10 8 0.3679524
11 8 0.36802417
12 8 0.36799878
13 8 0.36801222
14 8 0.367771
15 8 0.36759132
16 8 0.36737624
17 8 0.36727905
18 8 0.367219
19 8 0.36701417
20 8 0.36695826
21 8 0.36692992
22 8 0.3669153
23 8 0.3669204
24 8 0.36680347
25 8 0.36665967
26 8 0.3665149
27 8 0.3664795
28 8 0.366489
29 8 0.36647093
30 8 0.36638257
0 9 0.36802858
1 9 0.3688169
2 9 0.3696712
3 9 0.37028056
4 9 0.37034795
5 9 0.3697493
6 9 0.3696895
7 9 0.36787257
8 9 0.36799708
9 9 0.36758643
10 9 0.3673933
11 9 0.36752686
12 9 0.36752343
13 9 0.36732715
14 9 0.36719507
15 9 0.3669817
16 9 0.36674
17 9 0.36655003
18 9 0.3661919
19 9 0.3656528
20 9 0.3655073
21 9 0.36552855
22 9 0.36570114
23 9 0.366031
24 9 0.36615503
25 9 0.3662534
26 9 0.3663208
27 9 0.36639014
28 9 0.36644214
29 9 0.36648753
30 9 0.3664563
0 10 0.36747998
1 10 0.36832473
2 10 0.3691194
3 10 0.36942264
4 10 0.3695408
5 10 0.36966679
6 10 0.3684031
7 10 0.3673086
8 10 0.36778665
9 10 0.36758474
10 10 0.36724782
11 10 0.36747146
12 10 0.3674131
13 10 0.36730957
14 10 0.3669956
15 10 0.3665969
16 10 0.3660505
17 10 0.028885208
18 10 -0.0019189747
19 10 -0.0019626764
20 10 -0.0016379645
21 10 0.014693828
22 10 0.11706161
23 10 0.15519476
24 10 0.17693923
25 10 0.19393973
26 10 0.20837818
27 10 0.21987812
28 10 0.22979307
29 10 0.2384497
30 10 0.24603209
0 11 0.20132266
1 11 0.21784928
2 11 0.22980918
3 11 0.23965625
4 11 0.2528796
5 11 0.2605831
6 11 0.26690692
7 11 0.27133253
8 11 0.2747354
9 11 0.27743906
10 11 0.28089198
11 11 0.2840898
12 11 0.28659862
13 11 0.28883156
14 11 0.29067656
15 11 0.013325644
16 11 -9.97818E-4
17 11 -0.0013652552
18 11 -0.0018855269
19 11 -0.0011303884
20 11 -0.0022388038
21 11 -0.0021235677
22 11 -0.002323766
23 11 0.07024693
24 11 0.10759003
25 11 0.13014652
26 11 0.14704326
27 11 0.16064796
28 11 0.17233613
29 11 0.18450868
30 11 0.1932864
0 12 0.16246147
1 12 0.17708719
2 12 0.18804805
3 12 0.19729134
4 12 0.21135724
5 12 0.2188217
6 12 0.22475563
7 12 0.22850667
8 12 0.23320255
9 12 0.23638277
10 12 0.24017018
11 12 0.24340753
12 12 0.24621592
13 12 0.24861416
14 12 -0.0010256504
15 12 -0.0022532083
16 12 -8.8087283E-4
17 12 -0.0020754712
18 12 -0.0013142291
19 12 -0.00210721
20 12 -0.0014782941
21 12 -0.002264195
22 12 -0.002302037
23 12 0.056741104
24 12 0.096006595
25 12 0.11769247
26 12 0.13363583
27 12 0.14664409
28 12 0.15964136
29 12 0.16879897
30 12 0.17683645
0 13 0.15249012
1 13 0.16606992
2 13 0.17635939
3 13 0.18449672
4 13 0.19650666
5 13 0.2049194
6 13 0.21020757
7 13 0.21433653
8 13 0.21875066
9 13 0.22228391
10 13 0.22572562
11 13 0.22861703
12 13 0.23135804
13 13 0.23338516
14 13 0.18519008
15 13 0.20291668
16 13 0.19893932
17 13 0.061098836
18 13 0.009542138
19 13 -3.3911652E-4
20 13 -0.00202591
21 13 -0.0017983674
22 13 -0.002211948
23 13 0.048366953
24 13 0.09740188
25 13 0.12095131
26 13 0.1406562
27 13 0.15314126
28 13 0.16354205
29 13 0.17249434
30 13 0.18026643
0 14 0.17106585
1 14 0.18103378
2 14 0.18802997
3 14 0.1947171
4 14 0.20189518
5 14 0.20880055
6 14 0.2126744
7 14 0.2163324
8 14 0.2200688
9 14 0.22379395
10 14 0.22750324
11 14 0.23079674
12 14 0.23367423
13 14 0.22795637
14 14 0.22955844
15 14 0.23233217
16 14 0.2315431
17 14 0.16107962
18 14 0.0038850692
19 14 -9.004044E-4
20 14 -0.0020527658
21 14 -0.0011230641
22 14 -0.0020163883
23 14 0.016075442
24 14 0.074349284
25 14 0.10849873
26 14 0.13245735
27 14 0.14672588
28 14 0.15852904
29 14 0.16837831
30 14 0.17682643
0 15 0.1672921
1 15 0.17816997
2 15 0.18609415
3 15 0.19436699
4 15 0.20503023
5 15 0.21087895
6 15 0.21444884
7 15 0.21911444
8 15 0.22312671
9 15 0.22673175
10 15 0.22994468
11 15 0.23297574
12 15 0.23596406
13 15 0.2286097
14 15 0.22871932
15 15 0.18122104
16 15 0.07546893
17 15 0.1384921
18 15 0.011277516
19 15 -0.0019360648
20 15 -0.0020661936
21 15 -0.0023376823
22 15 -0.0022388038
23 15 -0.002000763
24 15 0.07084484
25 15 0.10574625
26 15 0.12642308
27 15 0.14169186
28 15 0.1537648
29 15 0.163951
30 15 0.1725588
0 16 0.1611924
1 16 0.17263106
2 16 0.18103255
3 16 0.18883198
4 16 0.19806626
5 16 0.20438349
6 16 0.2096663
7 16 0.2140228
8 16 0.21729264
9 16 0.22158274
10 16 0.22597514
11 16 0.22897567
12 16 0.23185927
13 16 0.22864828
14 16 0.23139612
15 16 0.14855134
16 16 -0.0020202945
17 16 0.091974795
18 16 0.017006608
19 16 -6.775006E-4
20 16 -0.0021230793
21 16 -0.0022556498
22 16 -0.0011882506
23 16 0.048948504
24 16 0.09731887
25 16 0.12056581
26 16 0.13720962
27 16 0.15093762
28 16 0.1618394
29 16 0.17074114
30 16 0.1783582
0 17 0.15890428
1 17 0.1712846
2 17 0.17978156
3 17 0.18866012
4 17 0.19926892
5 17 0.20600364
6 17 0.21469396
7 17 0.21707241
8 17 0.22012055
9 17 0.2236438
10 17 0.22763067
11 17 0.2296561
12 17 0.23196912
13 17 0.22666875
14 17 0.22587919
15 17 0.22963364
16 17 0.104709364
17 17 0.1932466
18 17 0.043831483
19 17 -0.0013359579
20 17 -0.0016548105
21 17 -0.0019888
22 17 -0.0022890975
23 17 0.051274955
24 17 0.10057039
25 17 0.12534542
26 17 0.1425061
27 17 0.15552704
28 17 0.16595688
29 17 0.17492627
30 17 0.1839928
0 18 0.17030436
1 18 0.18007135
2 18 0.18700701
3 18 0.19334964
4 18 0.20282659
5 18 0.20803297
6 18 0.21275374
7 18 0.21667275
8 18 0.21977314
9 18 0.22304076
10 18 0.22623612
11 18 0.22820686
12 18 0.22990929
13 18 0.22264427
14 18 0.21339242
15 18 0.21311581
16 18 0.15806052
17 18 3.3862822E-4
18 18 -0.0019421683
19 18 -0.0020600902
20 18 -0.0021670253
21 18 -0.0021523766
22 18 0.033771023
23 18 0.09784085
24 18 0.12250017
25 18 0.14243431
26 18 0.1547885
27 18 0.16498764
28 18 0.17370579
29 18 0.1810826
30 18 0.18780145
0 19 0.16106203
1 19 0.17330539
2 19 0.18143637
3 19 0.18815449
4 19 0.1961761
5 19 0.20054677
6 19 0.20653246
7 19 0.21105084
8 19 0.21417491
9 19 0.21794888
10 19 0.22080904
11 19 0.22295459
12 19 0.2248765
13 19 0.22653154
14 19 -2.6318763E-4
15 19 -9.192035E-4
16 19 -0.0022851913
17 19 -0.0020786452
18 19 -0.0013081254
19 19 -0.0018742962
20 19 -0.0017043718
21 19 0.044176456
22 19 0.09350558
23 19 0.11658552
24 19 0.1331517
25 19 0.1458975
26 19 0.15820579
27 19 0.16664343
28 19 0.17402366
29 19 0.18051009
30 19 0.1862338
0 20 0.15245107
1 20 0.1652706
2 20 0.17376071
3 20 0.18106723
4 20 0.19030711
5 20 0.19726156
6 20 0.20330071
7 20 0.20784718
8 20 0.2104395
9 20 0.21393785
10 20 0.2164457
11 20 0.2185949
12 20 0.22043404
13 20 0.22198704
14 20 0.2229209
15 20 -0.002164584
16 20 -0.0015412833
17 20 0.0026194248
18 20 -0.0023386588
19 20 -0.0022373388
20 20 0.018599894
21 20 0.08459968
22 20 0.11320192
23 20 0.13140729
24 20 0.1450774
25 20 0.15608881
26 20 0.16511044
27 20 0.172696
28 20 0.17938311
29 20 0.18528873
30 20 0.19144775
0 21 0.16281475
1 21 0.17413498
2 21 0.18153964
3 21 0.18905635
4 21 0.19606183
5 21 0.20113638
6 21 0.20544064
7 21 0.2094307
8 21 0.21214192
9 21 0.21595667
10 21 0.21926557
11 21 0.22148752
12 21 0.22360596
13 21 0.22552493
14 21 0.22931771
15 21 0.22885653
16 21 0.22920516
17 21 -0.0016416267
18 21 0.0184954
19 21 -8.552377E-4
20 21 0.059228446
21 21 0.11341385
22 21 0.13774893
23 21 0.1540734
24 21 0.16638121
25 21 0.17606983
26 21 0.18426454
27 21 0.19099243
28 21 0.19681868
29 21 0.20301825
30 21 0.20750757
0 22 0.22412257
1 22 0.22641142
2 22 0.22808112
3 22 0.23083581
4 22 0.23571698
5 22 0.23883373
6 22 0.2407671
7 22 0.24237528
8 22 0.2430086
9 22 0.24415901
10 22 0.24503621
11 22 0.24602525
12 22 0.24686755
13 22 0.24770544
14 22 0.24829188
15 22 0.24899966
16 22 0.24954727
17 22 0.25018963
18 22 0.251238
19 22 0.25235713
20 22 0.2536489
21 22 0.25506005
22 22 0.25646535
23 22 0.25790605
24 22 0.2592381
25 22 0.2604803
26 22 0.26152867
27 22 0.2625719
28 22 0.26357678
29 22 0.26452357
30 22 0.2658234
0 23 0.27050218
1 23 0.2715786
2 23 0.2720735
3 23 0.2726946
4 23 0.27658772
5 23 0.27645493
6 23 0.27536336
7 23 0.27486897
8 23 0.2748377
9 23 0.27616632
10 23 0.27628767
11 23 0.27637312
12 23 0.276753
13 23 0.27707162
14 23 0.27734604
15 23 0.2776356
16 23 0.27801353
17 23 0.2783265
18 23 0.27884704
19 23 0.27952504
20 23 0.28030312
21 23 0.28105605
22 23 0.2817902
23 23 0.2823366
24 23 0.28313935
25 23 0.28375506
26 23 0.28432468
27 23 0.28498092
28 23 0.28560594
29 23 0.2862451
30 23 0.28673413
0 24 0.2908897
1 24 0.2910777
2 24 0.29079962
3 24 0.29131475
4 24 0.29448083
5 24 0.29460144
6 24 0.29380625
7 24 0.29300496
8 24 0.29317757
9 24 0.29418418
10 24 0.29395372
11 24 0.29377574
12 24 0.29377672
13 24 0.29382285
14 24 0.2938783
15 24 0.2940106
16 24 0.29408848
17 24 0.29411533
18 24 0.29445666
19 24 0.29483116
20 24 0.2951737
21 24 0.29549012
22 24 0.29572132
23 24 0.29622254
24 24 0.29671207
25 24 0.29699308
26 24 0.29733902
27 24 0.29770085
28 24 0.29817057
29 24 0.29852924
30 24 0.2988139
0 25 0.30258715
1 25 0.302781
2 25 0.30294263
3 25 0.3020732
4 25 0.3048523
5 25 0.3057249
6 25 0.30600664
7 25 0.3049634
8 25 0.30417386
9 25 0.30429322
10 25 0.30397925
11 25 0.30376172
12 25 0.3037732
13 25 0.30385646
14 25 0.30390307
15 25 0.30401832
16 25 0.30411574
17 25 0.30430984
18 25 0.3043816
19 25 0.3046255
20 25 0.30481154
21 25 0.3049031
22 25 0.30512747
23 25 0.30533254
24 25 0.3055054
25 25 0.30567166
26 25 0.30583718
27 25 0.30608818
28 25 0.3058621
29 25 0.30593023
30 25 0.30633524
0 26 0.31000793
1 26 0.3109308
2 26 0.3112821
3 26 0.31131214
4 26 0.31065783
5 26 0.31001768
6 26 0.30891195
7 26 0.30866343
8 26 0.308379
9 26 0.3088387
10 26 0.30917612
11 26 0.30934286
12 26 0.3094144
13 26 0.3095504
14 26 0.3095704
15 26 0.30965438
16 26 0.30980992
17 26 0.31001523
18 26 0.31023008
19 26 0.31036973
20 26 0.31050867
21 26 0.31065026
22 26 0.31084192
23 26 0.3110287
24 26 0.3111012
25 26 0.3111864
26 26 0.31133094
27 26 0.3114989
28 26 0.31158337
29 26 0.31171083
30 26 0.31205922
0 27 0.31486467
1 27 0.31559515
2 27 0.3162336
3 27 0.31655124
4 27 0.316687
5 27 0.3162585
6 27 0.31524262
7 27 0.31479973
8 27 0.31464836
9 27 0.31509492
10 27 0.31487933
11 27 0.31470722
12 27 0.31472406
13 27 0.3148144
14 27 0.31483734
15 27 0.31491643
16 27 0.31507587
17 27 0.31526458
18 27 0.3154394
19 27 0.31563863
20 27 0.31576654
21 27 0.31593916
22 27 0.3161374
23 27 0.31637177
24 27 0.31649777
25 27 0.31671116
26 27 0.31700364
27 27 0.31726876
28 27 0.31746995
29 27 0.317791
30 27 0.31811693
0 28 0.32088137
1 28 0.32170364
2 28 0.32205424
3 28 0.32260552
4 28 0.3225479
5 28 0.3216221
6 28 0.32026297
7 28 0.31978175
8 28 0.3196531
9 28 0.32002932
10 28 0.32000098
11 28 0.31990528
12 28 0.31990528
13 28 0.3199241
14 28 0.31984425
15 28 0.31983253
16 28 0.31991774
17 28 0.3200105
18 28 0.3201294
19 28 0.3202063
20 28 0.3202561
21 28 0.32032374
22 28 0.32005885
23 28 0.32043338
24 28 0.32062355
25 28 0.32075614
26 28 0.3209004
27 28 0.3211365
28 28 0.32135087
29 28 0.32165337
30 28 0.32205033
0 29 0.32494834
1 29 0.32544467
2 29 0.3258192
3 29 0.32624644
4 29 0.3264928
5 29 0.3259957
6 29 0.32488877
7 29 0.32457063
8 29 0.32433382
9 29 0.3244044
10 29 0.32433847
11 29 0.32417098
12 29 0.32392928
13 29 0.3235423
14 29 0.32328838
15 29 0.3236927
16 29 0.32385287
17 29 0.32393172
18 29 0.32406184
19 29 0.32408577
20 29 0.32412776
21 29 0.32415146
22 29 0.32425666
23 29 0.32437214
24 29 0.32441196
25 29 0.32460776
26 29 0.32474178
27 29 0.32499936
28 29 0.32513168
29 29 0.32522616
30 29 0.32535997
0 30 0.32894742
1 30 0.32956925
2 30 0.33017716
3 30 0.33028582
4 30 0.33038616
5 30 0.33005437
6 30 0.3291918
7 30 0.32851455
8 30 0.32843813
9 30 0.32840616
10 30 0.32810315
11 30 0.3278307
12 30 0.3275907
13 30 0.32739857
14 30 0.327192
15 30 0.3271029
16 30 0.32700792
17 30 0.3269686
18 30 0.3269393
19 30 0.32687244
20 30 0.32677308
21 30 0.32674572
22 30 0.32674915
23 30 0.32669786
24 30 0.32674962
25 30 0.32681358
26 30 0.32682872
27 30 0.3268888
28 30 0.32689393
29 30 0.32696545
30 30 0.32705042
