0 0 0.22982334
1 0 0.22988291
2 0 0.22991367
3 0 0.23010166
4 0 0.22991954
5 0 0.22993663
6 0 0.22998105
7 0 0.23003013
8 0 0.2300792
9 0 0.23008604
10 0 0.23011974
11 0 0.23010996
12 0 0.23013413
13 0 0.23015513
14 0 0.2301776
15 0 0.2301527
16 0 0.23010704
17 0 0.22991367
18 0 0.22965732
19 0 0.22931162
20 0 0.22881941
21 0 0.2284222
22 0 0.22815558
23 0 0.2279615
24 0 0.2278636
25 0 0.22785749
26 0 0.22768293
27 0 0.22768512
28 0 0.22784162
29 0 0.22789533
30 0 0.22787385
0 1 0.2273443
1 1 0.22779645
2 1 0.22876473
3 1 0.2304508
4 1 0.23080724
5 1 0.2309801
6 1 0.23108971
7 1 0.23087195
8 1 0.23045884
9 1 0.23018223
10 1 0.22991416
11 1 0.22974229
12 1 0.22951376
13 1 0.22929697
14 1 0.2289559
15 1 0.22856526
16 1 0.22814655
17 1 0.22770295
18 1 0.22730622
19 1 0.22709137
20 1 0.22675762
21 1 0.22654472
22 1 0.22645928
23 1 0.22647856
24 1 0.2264981
25 1 0.22649224
26 1 0.2264561
27 1 0.22636797
28 1 0.22617386
29 1 0.22587675
30 1 0.2255115
0 2 0.22250903
1 2 0.22328565
2 2 0.22426784
3 2 0.22602054
4 2 0.22633404
5 2 0.22638677
6 2 0.22652544
7 2 0.22657818
8 2 0.22649711
9 2 0.22637749
10 2 0.22625542
11 2 0.22608964
12 2 0.22589603
13 2 0.22565556
14 2 0.22535793
15 2 0.2249993
16 2 0.22462404
17 2 0.22430055
18 2 0.22403736
19 2 0.2238628
20 2 0.223781
21 2 0.22369775
22 2 0.22361597
23 2 0.22356811
24 2 0.22339281
25 2 0.22316748
26 2 0.22269627
27 2 0.22242211
28 2 0.22210643
29 2 0.22188865
30 2 0.22181809
0 3 0.21919647
1 3 0.22000776
2 3 0.22120114
3 3 0.22303589
4 3 0.22368653
5 3 0.22362134
6 3 0.22387378
7 3 0.2238838
8 3 0.22368677
9 3 0.22352393
10 3 0.2231687
11 3 0.2226953
12 3 0.2223264
13 3 0.22195725
14 3 0.2216384
15 3 0.22130294
16 3 0.22101608
17 3 0.22069722
18 3 0.22041695
19 3 0.22015351
20 3 0.21991181
21 3 0.21970673
22 3 0.21950677
23 3 0.21934856
24 3 0.21923749
25 3 0.21915667
26 3 0.21913005
27 3 0.21916766
28 3 0.21930121
29 3 0.2194577
30 3 0.21981171
0 4 0.21786222
1 4 0.21843156
2 4 0.21948847
3 4 0.22133493
4 4 0.22202976
5 4 0.22194846
6 4 0.22172849
7 4 0.22155002
8 4 0.22165744
9 4 0.22169235
10 4 0.22155173
11 4 0.22138986
12 4 0.22107491
13 4 0.22074312
14 4 0.22034444
15 4 0.21996944
16 4 0.21956757
17 4 0.21923919
18 4 0.21893378
19 4 0.2187404
20 4 0.2184279
21 4 0.21844402
22 4 0.21857853
23 4 0.21877752
24 4 0.21897234
25 4 0.21921869
26 4 0.21945038
27 4 0.21975946
28 4 0.22002168
29 4 0.22013472
30 4 0.22032149
0 5 0.21732144
1 5 0.21794693
2 5 0.21937543
3 5 0.22143869
4 5 0.22195163
5 5 0.22147678
6 5 0.22419776
7 5 0.223573
8 5 0.22245312
9 5 0.22176756
10 5 0.22084542
11 5 0.22025703
12 5 0.21984565
13 5 0.21931683
14 5 0.2188759
15 5 0.21848796
16 5 0.21820183
17 5 0.21795036
18 5 0.21781804
19 5 0.21779484
20 5 0.21789542
21 5 0.21809879
22 5 0.21834368
23 5 0.21868645
24 5 0.21898992
25 5 0.21931781
26 5 0.21965155
27 5 0.2199057
28 5 0.22015572
29 5 0.22036958
30 5 0.22056295
0 6 0.21745181
1 6 0.21801506
2 6 0.2191154
3 6 0.22114109
4 6 0.22171165
5 6 0.22140329
6 6 0.22115915
7 6 0.22093014
8 6 0.22060226
9 6 0.22036617
10 6 0.22016376
11 6 0.21994501
12 6 0.2197558
13 6 0.21955073
14 6 0.2193891
15 6 0.21931122
16 6 0.21930633
17 6 0.21935126
18 6 0.21946014
19 6 0.21959369
20 6 0.21979706
21 6 0.2200439
22 6 0.22024654
23 6 0.22049019
24 6 0.22076534
25 6 0.22102511
26 6 0.2212468
27 6 0.2214255
28 6 0.22160056
29 6 0.22177365
30 6 0.22184666
0 7 0.2177653
1 7 0.2182304
2 7 0.21937177
3 7 0.22140183
4 7 0.2214946
5 7 0.220863
6 7 0.22068526
7 7 0.22049092
8 7 0.2202851
9 7 0.22015889
10 7 0.21998237
11 7 0.2198249
12 7 0.21968207
13 7 0.21953486
14 7 0.21941839
15 7 0.21939008
16 7 0.21938959
17 7 0.21948577
18 7 0.21953559
19 7 0.21959272
20 7 0.2196701
21 7 0.21983148
22 7 0.2200749
23 7 0.22032881
24 7 0.22064522
25 7 0.22098434
26 7 0.2212341
27 7 0.22185959
28 7 0.22183567
29 7 0.22183786
30 7 0.22183347
0 8 0.19295266
1 8 0.1986173
2 8 0.20336273
3 8 0.20747851
4 8 0.20905691
5 8 0.21029569
6 8 0.21120147
7 8 0.21174811
8 8 0.2121639
9 8 0.21249714
10 8 0.21283504
11 8 0.2130975
12 8 0.2133038
13 8 0.2134891
14 8 0.21372129
15 8 0.21395127
16 8 0.2141815
17 8 0.0048462655
18 8 0.002717815
19 8 -0.002310338
20 8 0.007824094
21 8 0.083114065
22 8 0.10670915
23 8 0.12100381
24 8 0.13132794
25 8 0.13934368
26 8 0.14569974
27 8 0.15106042
28 8 0.15562665
29 8 0.15956323
30 8 0.16362165
0 9 0.14676543
1 9 0.15422453
2 9 0.16060817
3 9 0.16626109
4 9 0.16936295
5 9 0.17232099
6 9 0.174614
7 9 0.1765464
8 9 0.17821147
9 9 0.1796734
10 9 0.18121004
11 9 0.18241832
12 9 0.18348205
13 9 0.1844618
14 9 0.17536914
15 9 -7.575799E-4
16 9 -0.0011098803
17 9 -0.0019209278
18 9 -5.5225455E-4
19 9 0.0028464792
20 9 -4.4336615E-4
21 9 -0.0022925155
22 9 -0.002149691
23 9 0.038491067
24 9 0.0673521
25 9 0.08181326
26 9 0.09201166
27 9 0.09997516
28 9 0.10772797
29 9 0.11314773
30 9 0.11791635
0 10 0.11110253
1 10 0.11873668
2 10 0.12538522
3 10 0.13152447
4 10 0.13555017
5 10 0.13882683
6 10 0.14129196
7 10 0.14364283
8 10 0.14569974
9 10 0.1476441
10 10 0.14943686
11 10 0.15114148
12 10 0.15266566
13 10 0.15412931
14 10 0.01130779
15 10 -0.0016220951
16 10 -0.002232456
17 10 4.2578776E-4
18 10 -0.0012873732
19 10 -0.0014101778
20 10 -9.548486E-4
21 10 5.5225455E-4
22 10 0.008831434
23 10 -6.6944386E-4
24 10 0.0409081
25 10 0.06296165
26 10 0.07515984
27 10 0.083896056
28 10 0.09092473
29 10 0.09683718
30 10 0.101866305
0 11 0.097742215
1 11 0.106426924
2 11 0.11269753
3 11 0.11792734
4 11 0.12140688
5 11 0.12487813
6 11 0.12762085
7 11 0.12994437
8 11 0.13204376
9 11 0.1340189
10 11 0.13588709
11 11 0.13751236
12 11 0.13934833
13 11 2.4560923E-4
14 11 0.0058692303
15 11 7.634394E-4
16 11 0.0034170444
17 11 0.012447212
18 11 0.0035322807
19 11 -8.0421154E-4
20 11 7.697872E-4
21 11 -0.0019460747
22 11 0.0039480585
23 11 0.0037835052
24 11 0.030052463
25 11 0.05647352
26 11 0.06870076
27 11 0.07875731
28 11 0.08525936
29 11 0.090672776
30 11 0.095391355
0 12 0.09185126
1 12 0.09897124
2 12 0.105297506
3 12 0.10925192
4 12 0.1134429
5 12 0.117024004
6 12 0.11991077
7 12 0.12234782
8 12 0.12494576
9 12 0.12696898
10 12 0.12877467
11 12 0.13044901
12 12 0.1319527
13 12 0.0039480585
14 12 0.004767651
15 12 -0.001803006
16 12 0.006927352
17 12 0.0017400169
18 12 0.015096178
19 12 0.0053743497
20 12 0.0054024262
21 12 8.5499353E-4
22 12 0.0011281911
23 12 0.0063851075
24 12 0.030593975
25 12 0.056216925
26 12 0.068041325
27 12 0.07634174
28 12 0.082887255
29 12 0.089038715
30 12 0.09306807
0 13 0.08930508
1 13 0.09633595
2 13 0.10270958
3 13 0.107561946
4 13 0.111503415
5 13 0.11444511
6 13 0.11694369
7 13 0.1191654
8 13 0.121190086
9 13 0.123134695
10 13 0.12489668
11 13 0.12646434
12 13 0.06714263
13 13 8.1055926E-4
14 13 6.4454114E-5
15 13 0.0043064626
16 13 3.5205617E-4
17 13 0.018886276
18 13 0.015848631
19 13 0.009114398
20 13 0.0025405663
21 13 0.0016799574
22 13 0.0020959794
23 13 -0.0010757
24 13 0.01963824
25 13 0.052300848
26 13 0.06449391
27 13 0.07283949
28 13 0.079789065
29 13 0.0846866
30 13 0.08892055
0 14 0.084609695
1 14 0.09268184
2 14 0.09894756
3 14 0.10234165
4 14 0.106125645
5 14 0.10903805
6 14 0.111502685
7 14 0.11367093
8 14 0.115681216
9 14 0.11751644
10 14 0.119200066
11 14 0.1207892
12 14 3.291066E-4
13 14 7.114367E-4
14 14 -0.0010901046
15 14 3.0469216E-4
16 14 0.007077989
17 14 0.009616358
18 14 7.5220875E-4
19 14 0.0062290994
20 14 0.011379813
21 14 0.009253804
22 14 -5.2930496E-4
23 14 -0.0016284429
24 14 0.029741665
25 14 0.051694393
26 14 0.062442116
27 14 0.07010117
28 14 0.07604755
29 14 0.08106789
30 14 0.08623008
0 15 0.08399323
1 15 0.09011979
2 15 0.09587012
3 15 0.09920977
4 15 0.10283287
5 15 0.105708405
6 15 0.10806562
7 15 0.110135965
8 15 0.11205836
9 15 0.11458818
10 15 0.11654841
11 15 0.118078224
12 15 0.011722103
13 15 0.00417731
14 15 -4.1065083E-4
15 15 0.001297139
16 15 0.0027183034
17 15 0.006849226
18 15 0.006751812
19 15 0.0035151904
20 15 0.0023869993
21 15 -9.697414E-4
22 15 0.004165835
23 15 -8.4278634E-4
24 15 0.036124334
25 15 0.052958574
26 15 0.06269969
27 15 0.069823824
28 15 0.07557415
29 15 0.080372326
30 15 0.08480379
0 16 0.08227494
1 16 0.08861439
2 16 0.09470653
3 16 0.09847465
4 16 0.101260826
5 16 0.10440955
6 16 0.106851734
7 16 0.108900346
8 16 0.110889636
9 16 0.112598404
10 16 0.11416727
11 16 0.11565045
12 16 0.11699203
13 16 0.0013791715
14 16 0.008209842
15 16 -0.001706325
16 16 -7.185169E-4
17 16 -0.0016350348
18 16 0.002577432
19 16 4.0601208E-4
20 16 3.874571E-4
21 16 -0.0015002671
22 16 -0.002110384
23 16 0.024630748
24 16 0.049079362
25 16 0.060238227
26 16 0.06809235
27 16 0.07530047
28 16 0.080166265
29 16 0.08441218
30 16 0.088116094
0 17 0.08481404
1 17 0.090357825
2 17 0.09515405
3 17 0.0987708
4 17 0.10199424
5 17 0.10496987
6 17 0.10744427
7 17 0.10953146
8 17 0.111334465
9 17 0.11335354
10 17 0.11496001
11 17 0.11638997
12 17 0.117700286
13 17 0.11883897
14 17 0.0125399865
15 17 -0.0010969406
16 17 -0.0013496301
17 17 -0.001572778
18 17 2.1997407E-4
19 17 -9.350729E-4
20 17 -5.36141E-4
21 17 -0.0020085757
22 17 0.025696926
23 17 0.050334267
24 17 0.06162033
25 17 0.069577724
26 17 0.07577606
27 17 0.08078224
28 17 0.08586997
29 17 0.08951285
30 17 0.09272896
0 18 0.09003116
1 18 0.094984606
2 18 0.100377515
3 18 0.103261344
4 18 0.10637809
5 18 0.108563915
6 18 0.110526346
7 18 0.11224513
8 18 0.113820836
9 18 0.115345515
10 18 0.11675813
11 18 0.118103616
12 18 0.119282834
13 18 0.12054969
14 18 0.11998084
15 18 0.002707561
16 18 0.0017529565
17 18 -5.656825E-4
18 18 0.0060037537
19 18 -0.0015439689
20 18 -0.0022810407
21 18 0.041084614
22 18 0.05950677
23 18 0.06987461
24 18 0.07731588
25 18 0.08315655
26 18 0.08795276
27 18 0.09267573
28 18 0.09615088
29 18 0.09911944
30 18 0.101786226
0 19 0.10229356
1 19 0.10608121
2 19 0.110006325
3 19 0.11229127
4 19 0.11468877
5 19 0.116506174
6 19 0.11833506
7 19 0.11972034
8 19 0.12099037
9 19 0.122199625
10 19 0.12335785
11 19 0.12447407
12 19 0.12549411
13 19 0.12634836
14 19 0.1273037
15 19 0.12820996
16 19 0.09869487
17 19 0.10500698
18 19 0.065966584
19 19 0.054313574
20 19 0.08240702
21 19 0.09939385
22 19 0.10683635
23 19 0.111579835
24 19 0.11503838
25 19 0.11780063
26 19 0.12013807
27 19 0.12219743
28 19 0.12419526
29 19 0.12562692
30 19 0.12691772
0 20 0.13270906
1 20 0.13361263
2 20 0.13554724
3 20 0.13637978
4 20 0.13721915
5 20 0.13817033
6 20 0.13895696
7 20 0.13955975
8 20 0.1400871
9 20 0.14075264
10 20 0.14146677
11 20 0.14214158
12 20 0.14271264
13 20 0.14308739
14 20 0.14351319
15 20 0.14396119
16 20 0.14431348
17 20 0.14497511
18 20 0.14681329
19 20 0.14669658
20 20 0.14677593
21 20 0.14702056
22 20 0.14735626
23 20 0.14770465
24 20 0.14804645
25 20 0.14848615
26 20 0.14888899
27 20 0.14924154
28 20 0.14968222
29 20 0.15001206
30 20 0.15028232
0 21 0.15120544
1 21 0.15172644
2 21 0.15305996
3 21 0.15327774
4 21 0.15377897
5 21 0.1541591
6 21 0.15445696
7 21 0.1548117
8 21 0.15502875
9 21 0.15526873
10 21 0.15556952
11 21 0.15586299
12 21 0.15608808
13 21 0.15630904
14 21 0.15662251
15 21 0.15693331
16 21 0.1571821
17 21 0.15747117
18 21 0.1579072
19 21 0.15817112
20 21 0.1585388
21 21 0.15894458
22 21 0.15924414
23 21 0.1594309
24 21 0.1595996
25 21 0.15979761
26 21 0.15997925
27 21 0.16011108
28 21 0.16032423
29 21 0.16056642
30 21 0.1607803
0 22 0.16026369
1 22 0.16074978
2 22 0.16260454
3 22 0.16290605
4 22 0.16278496
5 22 0.16310333
6 22 0.16343707
7 22 0.1638028
8 22 0.16404401
9 22 0.16415559
10 22 0.1644117
11 22 0.16462532
12 22 0.16478914
13 22 0.16491659
14 22 0.1651241
15 22 0.1654332
16 22 0.1657225
17 22 0.16602695
18 22 0.16629307
19 22 0.16655748
20 22 0.1667755
21 22 0.16690026
22 22 0.16711047
23 22 0.16726208
24 22 0.16739026
25 22 0.16750793
26 22 0.16762438
27 22 0.16774304
28 22 0.16786878
29 22 0.16803627
30 22 0.16812587
0 23 0.16781653
1 23 0.16818617
2 23 0.17004216
3 23 0.17007536
4 23 0.1700502
5 23 0.17026871
6 23 0.17036003
7 23 0.17044939
8 23 0.17057659
9 23 0.17062175
10 23 0.17076018
11 23 0.1708693
12 23 0.17099969
13 23 0.17109686
14 23 0.17126873
15 23 0.17136078
16 23 0.1714328
17 23 0.17143987
18 23 0.17157318
19 23 0.17168182
20 23 0.17182855
21 23 0.17192231
22 23 0.17204145
23 23 0.17211787
24 23 0.1722309
25 23 0.17235273
26 23 0.17248921
27 23 0.17263106
28 23 0.1727668
29 23 0.17295675
30 23 0.17307149
0 24 0.17224775
1 24 0.17269234
2 24 0.17477392
3 24 0.17491674
4 24 0.1746914
5 24 0.17454271
6 24 0.17458837
7 24 0.17467284
8 24 0.17475365
9 24 0.17489453
10 24 0.17503174
11 24 0.17516455
12 24 0.1753142
13 24 0.1754436
14 24 0.17558521
15 24 0.17570582
16 24 0.17582886
17 24 0.17590407
18 24 0.17604248
19 24 0.17611378
20 24 0.1762024
21 24 0.17628688
22 24 0.17634523
23 24 0.17646095
24 24 0.17658523
25 24 0.17670777
26 24 0.17684548
27 24 0.17666554
28 24 0.17689212
29 24 0.17745633
30 24 0.17742874
0 25 0.1763252
1 25 0.17673782
2 25 0.17868169
3 25 0.17826079
4 25 0.17822148
5 25 0.17830546
6 25 0.1783621
7 25 0.17842485
8 25 0.17848466
9 25 0.17860551
10 25 0.17872515
11 25 0.17884356
12 25 0.17893657
13 25 0.17906377
14 25 0.17913702
15 25 0.17922759
16 25 0.17932476
17 25 0.17937799
18 25 0.1794754
19 25 0.17958795
20 25 0.17970051
21 25 0.17979157
22 25 0.17986189
23 25 0.17995417
24 25 0.18000397
25 25 0.18005915
26 25 0.18010017
27 25 0.18013239
28 25 0.18017635
29 25 0.18027376
30 25 0.18035701
0 26 0.18011042
1 26 0.18050398
2 26 0.18230236
3 26 0.1821268
4 26 0.1820731
5 26 0.18198228
6 26 0.18189317
7 26 0.18189585
8 26 0.18191612
9 26 0.18199033
10 26 0.18206725
11 26 0.182119
12 26 0.1821422
13 26 0.1821881
14 26 0.18223326
15 26 0.1823026
16 26 0.18234971
17 26 0.18238169
18 26 0.1823917
19 26 0.18246861
20 26 0.18252233
21 26 0.18257993
22 26 0.18264635
23 26 0.18271007
24 26 0.18277575
25 26 0.18285753
26 26 0.18292052
27 26 0.18298644
28 26 0.183057
29 26 0.18308996
30 26 0.18311779
0 27 0.18290587
1 27 0.1832921
2 27 0.18501186
3 27 0.18497768
4 27 0.18490541
5 27 0.18458632
6 27 0.18450502
7 27 0.18447158
8 27 0.18445571
9 27 0.18445888
10 27 0.1844867
11 27 0.18451014
12 27 0.1845187
13 27 0.18454042
14 27 0.1845807
15 27 0.18462391
16 27 0.1846493
17 27 0.18466274
18 27 0.18468642
19 27 0.18472378
20 27 0.1848202
21 27 0.18486953
22 27 0.18493447
23 27 0.18497622
24 27 0.18504019
25 27 0.18507631
26 27 0.18511806
27 27 0.18513979
28 27 0.18517886
29 27 0.1852626
30 27 0.18531924
0 28 0.18475649
1 28 0.1852084
2 28 0.18675847
3 28 0.1867238
4 28 0.18660198
5 28 0.18634245
6 28 0.1863151
7 28 0.18629411
8 28 0.18625553
9 28 0.18625285
10 28 0.18626091
11 28 0.18628287
12 28 0.18629411
13 28 0.18632317
14 28 0.18635465
15 28 0.18639591
16 28 0.18645377
17 28 0.18647869
18 28 0.18621525
19 28 0.18631461
20 28 0.18637687
21 28 0.18645671
22 28 0.18652995
23 28 0.1866005
24 28 0.18669817
25 28 0.18678728
26 28 0.18687493
27 28 0.18695061
28 28 0.18701507
29 28 0.18708368
30 28 0.1871679
0 29 0.1863925
1 29 0.1868178
2 29 0.1880766
3 29 0.1884333
4 29 0.18792133
5 29 0.18733466
6 29 0.18735638
7 29 0.18746844
8 29 0.18758808
9 29 0.18772992
10 29 0.18787201
11 29 0.18801801
12 29 0.18809907
13 29 0.18816255
14 29 0.18822871
15 29 0.18827192
16 29 0.18833393
17 29 0.18838325
18 29 0.18841915
19 29 0.1884665
20 29 0.18854414
21 29 0.18865499
22 29 0.18879268
23 29 0.18892671
24 29 0.1890256
25 29 0.1891064
26 29 0.18916012
27 29 0.18920846
28 29 0.18922725
29 29 0.18926388
30 29 0.18930343
0 30 0.18830268
1 30 0.188602
2 30 0.19000974
3 30 0.1899382
4 30 0.18988352
5 30 0.18960837
6 30 0.18960202
7 30 0.18959616
8 30 0.18961789
9 30 0.18963303
10 30 0.18965353
11 30 0.18967722
12 30 0.18967111
13 30 0.18969432
14 30 0.18972604
15 30 0.18977024
16 30 0.18982443
17 30 0.1904011
18 30 0.19014671
19 30 0.19004343
20 30 0.19000876
21 30 0.19004172
22 30 0.19004099
23 30 0.19007736
24 30 0.19011277
25 30 0.19016331
26 30 0.19020799
27 30 0.19026096
28 30 0.19031101
29 30 0.19035691
30 30 0.19042845
