0 0 0.35121557
1 0 0.3515796
2 0 0.35287917
3 0 0.35263503
4 0 0.35304397
5 0 0.35316288
6 0 0.3543338
7 0 0.3553426
8 0 0.35505328
9 0 0.35521197
10 0 0.35540974
11 0 0.35556623
12 0 0.35592562
13 0 0.35638484
14 0 0.35677668
15 0 0.35709676
16 0 0.35722104
17 0 0.35745493
18 0 0.35767418
19 0 0.35802183
20 0 0.35825402
21 0 0.3584486
22 0 0.35865685
23 0 0.35896984
24 0 0.35925868
25 0 0.35946962
26 0 0.35967273
27 0 0.35992324
28 0 0.3602057
29 0 0.36045986
30 0 0.3606952
0 1 0.36126286
1 1 0.36197868
2 1 0.362487
3 1 0.3637082
4 1 0.36649317
5 1 0.3686724
6 1 0.3665791
7 1 0.36720118
8 1 0.3680393
9 1 0.36850563
10 1 0.36893338
11 1 0.36934158
12 1 0.36936015
13 1 0.3693279
14 1 0.3693821
15 1 0.36927152
16 1 0.3693167
17 1 0.36895046
18 1 0.36875856
19 1 0.36859426
20 1 0.36836696
21 1 0.3682483
22 1 0.36807227
23 1 0.36798707
24 1 0.36798757
25 1 0.36801514
26 1 0.36791968
27 1 0.3677566
28 1 0.36756814
29 1 0.36754274
30 1 0.3676675
0 2 0.3675193
1 2 0.36794558
2 2 0.3679004
3 2 0.36788183
4 2 0.36944047
5 2 0.37081745
6 2 0.36988652
7 2 0.37126985
8 2 0.37141854
9 2 0.37140462
10 2 0.3717027
11 2 0.3720123
12 2 0.3721534
13 2 0.37215853
14 2 0.37215462
15 2 0.37213022
16 2 0.37210873
17 2 0.37218392
18 2 0.3722591
19 2 0.37223226
20 2 0.37237924
21 2 0.37242904
22 2 0.37245175
23 2 0.3725223
24 2 0.37266243
25 2 0.37289634
26 2 0.37305942
27 2 0.37329087
28 2 0.37352255
29 2 0.37375596
30 2 0.37395224
0 3 0.37343612
1 3 0.3738358
2 3 0.3733558
3 3 0.3728878
4 3 0.37360775
5 3 0.37487462
6 3 0.37361583
7 3 0.37439758
8 3 0.37423766
9 3 0.374453
10 3 0.37425694
11 3 0.37480432
12 3 0.37484264
13 3 0.3749137
14 3 0.37517372
15 3 0.37530458
16 3 0.37531483
17 3 0.37525648
18 3 0.3747406
19 3 0.37473792
20 3 0.3748695
21 3 0.37507164
22 3 0.37529114
23 3 0.3754347
24 3 0.3755631
25 3 0.37574062
26 3 0.3757699
27 3 0.37586707
28 3 0.37591127
29 3 0.37612295
30 3 0.37617812
0 4 0.37541664
1 4 0.37583044
2 4 0.37580702
3 4 0.3760741
4 4 0.37721086
5 4 0.37925458
6 4 0.37895185
7 4 0.3816953
8 4 0.3812163
9 4 0.38123336
10 4 0.38147092
11 4 0.38183397
12 4 0.38185105
13 4 0.3818999
14 4 0.3819675
15 4 0.38184616
16 4 0.38178366
17 4 0.3816726
18 4 0.38135326
19 4 0.3809897
20 4 0.38076535
21 4 0.38072214
22 4 0.38055366
23 4 0.38044602
24 4 0.38039595
25 4 0.3805095
26 4 0.3805268
27 4 0.38053462
28 4 0.3805876
29 4 0.38065377
30 4 0.38059494
0 5 0.37877387
1 5 0.3794279
2 5 0.3790456
3 5 0.37894526
4 5 0.37950215
5 5 0.37985298
6 5 0.37910637
7 5 0.38035104
8 5 0.3810078
9 5 0.38152
10 5 0.38150924
11 5 0.38182518
12 5 0.38209203
13 5 0.3823186
14 5 0.38248363
15 5 0.38249022
16 5 0.3824375
17 5 0.3821831
18 5 0.38200682
19 5 0.38181835
20 5 0.38175657
21 5 0.38170603
22 5 0.38169676
23 5 0.3817766
24 5 0.3818723
25 5 0.3818628
26 5 0.38186058
27 5 0.3818352
28 5 0.38196117
29 5 0.38207275
30 5 0.3821223
0 6 0.38175583
1 6 0.38214695
2 6 0.38182956
3 6 0.38255543
4 6 0.3843467
5 6 0.38677838
6 6 0.3872647
7 6 0.38772103
8 6 0.38629252
9 6 0.38581768
10 6 0.38581547
11 6 0.38598004
12 6 0.3862342
13 6 0.38631988
14 6 0.38638067
15 6 0.38629594
16 6 0.38596854
17 6 0.38576493
18 6 0.3854993
19 6 0.38525686
20 6 0.384919
21 6 0.384709
22 6 0.38453615
23 6 0.38447267
24 6 0.38445145
25 6 0.38339648
26 6 0.38360134
27 6 0.3837283
28 6 0.38375685
29 6 0.3838965
30 6 0.38397732
0 7 0.38247263
1 7 0.38263598
2 7 0.3823523
3 7 0.38192844
4 7 0.3838113
5 7 0.38527787
6 7 0.38390967
7 7 0.3839922
8 7 0.38395876
9 7 0.38401857
10 7 0.38428274
11 7 0.38436747
12 7 0.38447928
13 7 0.38445804
14 7 0.38442093
15 7 0.3843372
16 7 0.38435328
17 7 0.38424978
18 7 0.38401565
19 7 0.3839739
20 7 0.38385597
21 7 0.38380274
22 7 0.38388723
23 7 0.38403836
24 7 0.38421094
25 7 0.38384253
26 7 0.38388917
27 7 0.38415626
28 7 0.38428617
29 7 0.38457546
30 7 0.38479593
0 8 0.38431033
1 8 0.38406226
2 8 0.3837942
3 8 0.38395852
4 8 0.38556987
5 8 0.3879078
6 8 0.38795662
7 8 0.38749957
8 8 0.38677788
9 8 0.38634086
10 8 0.38647857
11 8 0.3866209
12 8 0.38669902
13 8 0.3865391
14 8 0.3863604
15 8 0.38618976
16 8 0.38588408
17 8 0.3855259
18 8 0.38531107
19 8 0.38511452
20 8 0.38454005
21 8 0.38466507
22 8 0.38483205
23 8 0.38499466
24 8 0.38519633
25 8 0.38545048
26 8 0.3857366
27 8 0.3861402
28 8 0.38634086
29 8 0.3865982
30 8 0.38671467
0 9 0.38171896
1 9 0.38149777
2 9 0.38174045
3 9 0.38141012
4 9 0.38332033
5 9 0.38412184
6 9 0.3823999
7 9 0.38224146
8 9 0.3829734
9 9 0.38356715
10 9 0.38379812
11 9 0.3842266
12 9 0.38442677
13 9 0.38449124
14 9 0.3844883
15 9 0.38442507
16 9 0.38412526
17 9 0.38378957
18 9 0.38351125
19 9 0.3834043
20 9 0.38341114
21 9 0.3834507
22 9 0.38384718
23 9 0.38435867
24 9 0.38487893
25 9 0.3853611
26 9 0.38565728
27 9 0.3861055
28 9 0.3865413
29 9 0.38694513
30 9 0.38729644
0 10 0.38198972
1 10 0.3819614
2 10 0.3813061
3 10 0.38094088
4 10 0.38255444
5 10 0.38261303
6 10 0.38229883
7 10 0.38389406
8 10 0.38305444
9 10 0.38345656
10 10 0.3837085
11 10 0.38389724
12 10 0.38404518
13 10 0.38420168
14 10 0.38424
15 10 0.38399488
16 10 0.38372317
17 10 0.3833528
18 10 0.007016709
19 10 -0.0012002137
20 10 0.0037041581
21 10 0.09744876
22 10 0.17357224
23 10 0.20495358
24 10 0.22779572
25 10 0.24561386
26 10 0.260138
27 10 0.27198073
28 10 0.28181878
29 10 0.29042047
30 10 0.29774553
0 11 0.26563296
1 11 0.28124356
2 11 0.29444763
3 11 0.3026211
4 11 0.3110619
5 11 0.31441498
6 11 0.3166955
7 11 0.31940454
8 11 0.32127932
9 11 0.3231978
10 11 0.32560655
11 11 0.32787293
12 11 0.32949674
13 11 0.3313061
14 11 0.33282077
15 11 0.33386448
16 11 0.015208973
17 11 -5.246662E-4
18 11 -6.860457E-4
19 11 -0.001432395
20 11 -0.001498314
21 11 0.0011975281
22 11 -5.12459E-4
23 11 0.06870637
24 11 0.13555627
25 11 0.1622708
26 11 0.18188803
27 11 0.19756919
28 11 0.21038237
29 11 0.22119674
30 11 0.23059167
0 12 0.20955253
1 12 0.22340772
2 12 0.23548603
3 12 0.2469696
4 12 0.2553767
5 12 0.2611578
6 12 0.27266994
7 12 0.27368656
8 12 0.27457428
9 12 0.27727965
10 12 0.28096694
11 12 0.28414252
12 12 0.28684327
13 12 0.2891082
14 12 0.29114434
15 12 -0.0015718014
16 12 -0.0015852293
17 12 -0.0019150684
18 12 -0.0018232701
19 12 -9.614405E-4
20 12 -0.0018865034
21 12 -0.0023032578
22 12 -0.002283238
23 12 0.069609955
24 12 0.1177916
25 12 0.14352685
26 12 0.16210331
27 12 0.17815019
28 12 0.18981296
29 12 0.20007923
30 12 0.20907888
0 13 0.17948835
1 13 0.19574738
2 13 0.20893435
3 13 0.22319433
4 13 0.23506048
5 13 0.24157938
6 13 0.24627037
7 13 0.25008976
8 13 0.25286373
9 13 0.25614357
10 13 0.26015243
11 13 0.2638385
12 13 0.2669323
13 13 0.2699768
14 13 0.009354147
15 13 -5.9693295E-4
16 13 0.019023728
17 13 0.040044557
18 13 0.0037730068
19 13 0.0015661861
20 13 0.0014843977
21 13 0.0044358587
22 13 -0.0010178378
23 13 0.015021958
24 13 0.08276299
25 13 0.119312614
26 13 0.14103805
27 13 0.1599248
28 13 0.17235908
29 13 0.18285167
30 13 0.19187818
0 14 0.16758728
1 14 0.18621549
2 14 0.1987213
3 14 0.21043363
4 14 0.22562309
5 14 0.2326105
6 14 0.23878832
7 14 0.24318585
8 14 0.2453768
9 14 0.24882191
10 14 0.25257248
11 14 0.25631714
12 14 0.25924835
13 14 0.26220787
14 14 0.25300485
15 14 0.24418733
16 14 0.24283575
17 14 0.24922842
18 14 0.008914199
19 14 0.0035544978
20 14 7.241322E-4
21 14 -0.0011970398
22 14 -0.0019358207
23 14 -0.0020288397
24 14 0.07158166
25 14 0.119276725
26 14 0.14424488
27 14 0.16211307
28 14 0.17866704
29 14 0.19005784
30 14 0.19945422
0 15 0.18807831
1 15 0.200631
2 15 0.21150397
3 15 0.220925
4 15 0.23274843
5 15 0.23980322
6 15 0.24417146
7 15 0.24878457
8 15 0.2507951
9 15 0.25352073
10 15 0.25679934
11 15 0.25981867
12 15 0.26282188
13 15 0.2602635
14 15 0.26160946
15 15 0.26754755
16 15 0.27153736
17 15 0.22414088
18 15 0.19056493
19 15 0.018343542
20 15 -0.0021365073
21 15 -0.0020913405
22 15 -0.0017912872
23 15 -0.0018691692
24 15 0.07796628
25 15 0.13991474
26 15 0.15779757
27 15 0.17587574
28 15 0.18671136
29 15 0.19524005
30 15 0.20544699
0 16 0.19958508
1 16 0.20999663
2 16 0.21906462
3 16 0.22822762
4 16 0.23843627
5 16 0.24427156
6 16 0.25038713
7 16 0.25322825
8 16 0.25578907
9 16 0.2588985
10 16 0.26216
11 16 0.26493984
12 16 0.26781854
13 16 0.26312244
14 16 0.25837797
15 16 0.23889793
16 16 0.067629695
17 16 0.007704464
18 16 0.09412522
19 16 0.013843718
20 16 -0.0014822005
21 16 -0.002079866
22 16 -0.0020823074
23 16 -0.0020327459
24 16 0.08426618
25 16 0.12233171
26 16 0.14479738
27 16 0.16125101
28 16 0.17441747
29 16 0.18530801
30 16 0.19451568
0 17 0.17249385
1 17 0.18634026
2 17 0.19864757
3 17 0.21077226
4 17 0.22202684
5 17 0.2316908
6 17 0.23862816
7 17 0.241762
8 17 0.244357
9 17 0.24774452
10 17 0.25155145
11 17 0.25453538
12 17 0.257564
13 17 0.25588086
14 17 0.2516469
15 17 0.23215003
16 17 -0.002313268
17 17 0.08512875
18 17 0.12234684
19 17 -0.0017688259
20 17 -0.0017849394
21 17 -9.3653775E-4
22 17 -0.0021479821
23 17 -0.0019912415
24 17 0.073890045
25 17 0.11700936
26 17 0.14024946
27 17 0.15696944
28 17 0.17020768
29 17 0.18114658
30 17 0.19219288
0 18 0.17859232
1 18 0.19028538
2 18 0.2011183
3 18 0.21134943
4 18 0.22352003
5 18 0.2282701
6 18 0.23275454
7 18 0.23677559
8 18 0.23943774
9 18 0.24319415
10 18 0.2482367
11 18 0.2510959
12 18 0.25435618
13 18 0.2561067
14 18 0.2472008
15 18 0.2329269
16 18 0.24086453
17 18 0.0016736096
18 18 -0.0016970475
19 18 -0.0022461282
20 18 -0.0019626764
21 18 -0.0018540323
22 18 -0.0023369498
23 18 0.072707415
24 18 0.11756064
25 18 0.14130343
26 18 0.15823826
27 18 0.17140594
28 18 0.18219127
29 18 0.19142114
30 18 0.19939856
0 19 0.18203355
1 19 0.19536725
2 19 0.20380194
3 19 0.21301596
4 19 0.22289746
5 19 0.22751959
6 19 0.23370719
7 19 0.23669502
8 19 0.23957959
9 19 0.24348053
10 19 0.2466466
11 19 0.24907778
12 19 0.25187787
13 19 0.2535605
14 19 0.011421317
15 19 -8.7550166E-4
16 19 -0.0010051423
17 19 -0.001682643
18 19 -0.002079866
19 19 -0.0020180973
20 19 -0.0011062181
21 19 -0.0016614024
22 19 0.01929473
23 19 0.087453
24 19 0.1201615
25 19 0.14019966
26 19 0.15521893
27 19 0.16729699
28 19 0.17931744
29 19 0.18797456
30 19 0.19549908
0 20 0.1656954
1 20 0.17837285
2 20 0.18853852
3 20 0.19984779
4 20 0.2128492
5 20 0.21729678
6 20 0.22359131
7 20 0.22642484
8 20 0.22991636
9 20 0.23412566
10 20 0.23699996
11 20 0.2391914
12 20 0.24141556
13 20 0.24344757
14 20 0.24509896
15 20 -9.765774E-4
16 20 -0.0018816206
17 20 0.0010302892
18 20 -0.0019035935
19 20 -0.0015637446
20 20 -0.0017429466
21 20 -0.002104036
22 20 0.07267274
23 20 0.11254225
24 20 0.13503063
25 20 0.1513153
26 20 0.16417708
27 20 0.17486401
28 20 0.18383436
29 20 0.19176392
30 20 0.19861461
0 21 0.16831043
1 21 0.18390466
2 21 0.19437309
3 21 0.20568503
4 21 0.21609534
5 21 0.21937494
6 21 0.22665727
7 21 0.22817244
8 21 0.23091516
9 21 0.23491058
10 21 0.23766892
11 21 0.24007007
12 21 0.24285968
13 21 0.2449354
14 21 0.24672619
15 21 0.24819691
16 21 0.035048388
17 21 -0.0023115587
18 21 0.08860365
19 21 -0.0011176929
20 21 1.0351721E-4
21 21 0.09508373
22 21 0.1335477
23 21 0.15482733
24 21 0.17024504
25 21 0.18440834
26 21 0.19387406
27 21 0.20168644
28 21 0.20845558
29 21 0.21439707
30 21 0.21971893
0 22 0.19480816
1 22 0.20574875
2 22 0.21460582
3 22 0.22779962
4 22 0.23702902
5 22 0.23799656
6 22 0.24364997
7 22 0.24491097
8 22 0.24692346
9 22 0.25027335
10 22 0.25263742
11 22 0.25454807
12 22 0.2562915
13 22 0.2579749
14 22 0.25978255
15 22 0.26067904
16 22 0.2621212
17 22 0.2631886
18 22 0.26432338
19 22 0.26575017
20 22 0.2673044
21 22 0.268988
22 22 0.2707483
23 22 0.27245218
24 22 0.27425638
25 22 0.27623665
26 22 0.27779943
27 22 0.27862266
28 22 0.28011072
29 22 0.28153896
30 22 0.28284538
0 23 0.2845478
1 23 0.2847319
2 23 0.2859216
3 23 0.288929
4 23 0.29074442
5 23 0.2921119
6 23 0.29175496
7 23 0.29238924
8 23 0.29311508
9 23 0.29536682
10 23 0.29644278
11 23 0.29727992
12 23 0.29798186
13 23 0.29869646
14 23 0.29934052
15 23 0.29996088
16 23 0.30058566
17 23 0.30099142
18 23 0.30139598
19 23 0.30193284
20 23 0.30255786
21 23 0.3033032
22 23 0.30410597
23 23 0.30487502
24 23 0.30578715
25 23 0.30653423
26 23 0.3073936
27 23 0.30813655
28 23 0.30876133
29 23 0.30947372
30 23 0.31004673
0 24 0.30961534
1 24 0.30957383
2 24 0.3100853
3 24 0.31192592
4 24 0.3135414
5 24 0.31168032
6 24 0.3123246
7 24 0.31225136
8 24 0.31293595
9 24 0.3143461
10 24 0.31516743
11 24 0.31590033
12 24 0.31657612
13 24 0.31718895
14 24 0.31764475
15 24 0.3180764
16 24 0.3184348
17 24 0.31873047
18 24 0.3190188
19 24 0.3195061
20 24 0.32010522
21 24 0.32059208
22 24 0.32099319
23 24 0.32155204
24 24 0.32218683
25 24 0.32272857
26 24 0.32337677
27 24 0.32385138
28 24 0.32430378
29 24 0.32472226
30 24 0.3253431
0 25 0.3235328
1 25 0.32335138
2 25 0.32388702
3 25 0.3254022
4 25 0.32531163
5 25 0.32472152
6 25 0.32438898
7 25 0.3246822
8 25 0.32512558
9 25 0.32613122
10 25 0.32660705
11 25 0.32702893
12 25 0.32757264
13 25 0.32824817
14 25 0.3287377
15 25 0.3293876
16 25 0.32990056
17 25 0.33035758
18 25 0.3306801
19 25 0.3307614
20 25 0.33120233
21 25 0.33164448
22 25 0.33205634
23 25 0.33243477
24 25 0.33290818
25 25 0.3334182
26 25 0.33386156
27 25 0.33432665
28 25 0.33466992
29 25 0.33519506
30 25 0.33577174
0 26 0.33324826
1 26 0.3334807
2 26 0.33390355
3 26 0.33574414
4 26 0.33732426
5 26 0.33431077
6 26 0.33434838
7 26 0.3340178
8 26 0.33461082
9 26 0.33580592
10 26 0.336199
11 26 0.3364961
12 26 0.33695462
13 26 0.3375596
14 26 0.33792704
15 26 0.338346
16 26 0.33871612
17 26 0.3390545
18 26 0.339367
19 26 0.33964753
20 26 0.33995563
21 26 0.34029526
22 26 0.34057698
23 26 0.34090048
24 26 0.34130284
25 26 0.34164488
26 26 0.3419105
27 26 0.34223276
28 26 0.34249327
29 26 0.3428661
30 26 0.3432992
0 27 0.34167954
1 27 0.34214342
2 27 0.3424896
3 27 0.34417373
4 27 0.3451596
5 27 0.34234044
6 27 0.3413265
7 27 0.341421
8 27 0.34207895
9 27 0.34299132
10 27 0.34367004
11 27 0.34442347
12 27 0.34510684
13 27 0.34575137
14 27 0.34628925
15 27 0.34672016
16 27 0.34722918
17 27 0.34766328
18 27 0.34840205
19 27 0.34832856
20 27 0.3481196
21 27 0.3482756
22 27 0.34840035
23 27 0.3484875
24 27 0.34874728
25 27 0.34896383
26 27 0.34920603
27 27 0.34926805
28 27 0.34940818
29 27 0.3495449
30 27 0.34980905
0 28 0.34546694
1 28 0.34577093
2 28 0.34667718
3 28 0.3486025
4 28 0.3487495
5 28 0.34738472
6 28 0.34721187
7 28 0.3468759
8 28 0.34699458
9 28 0.34770894
10 28 0.3480207
11 28 0.3483857
12 28 0.34863862
13 28 0.34911227
14 28 0.3494924
15 28 0.34983566
16 28 0.35014746
17 28 0.3504248
18 28 0.35060668
19 28 0.35042968
20 28 0.35074168
21 28 0.35090697
22 28 0.3510532
23 28 0.3512583
24 28 0.35140163
25 28 0.3516145
26 28 0.35182422
27 28 0.35198122
28 28 0.35207888
29 28 0.35238284
30 28 0.3527449
0 29 0.34951854
1 29 0.35020897
2 29 0.35074976
3 29 0.35138085
4 29 0.35246876
5 29 0.35115626
6 29 0.35053855
7 29 0.35060692
8 29 0.35089892
9 29 0.35194972
10 29 0.35245582
11 29 0.3530442
12 29 0.3535425
13 29 0.35411772
14 29 0.35445976
15 29 0.35471833
16 29 0.3548919
17 29 0.3550965
18 29 0.35523933
19 29 0.3553731
20 29 0.35545418
21 29 0.35550642
22 29 0.35552594
23 29 0.35560653
24 29 0.35572883
25 29 0.35595247
26 29 0.35610262
27 29 0.3561053
28 29 0.35614046
29 29 0.35631454
30 29 0.35651106
0 30 0.35260257
1 30 0.35339603
2 30 0.35398027
3 30 0.3552288
4 30 0.35651448
5 30 0.3548758
6 30 0.35383597
7 30 0.3537613
8 30 0.3538355
9 30 0.35480767
10 30 0.35526323
11 30 0.3555091
12 30 0.35586336
13 30 0.35631624
14 30 0.35655186
15 30 0.35676792
16 30 0.35686263
17 30 0.3562188
18 30 0.35644197
19 30 0.35660532
20 30 0.35657603
21 30 0.35652766
22 30 0.3564874
23 30 0.35651985
24 30 0.35668027
25 30 0.35674226
26 30 0.35683554
27 30 0.35693076
28 30 0.3570079
29 30 0.35726938
30 30 0.35755306
