0 0 0.46579838
1 0 0.467066
2 0 0.46826497
3 0 0.46883065
4 0 0.47163588
5 0 0.47305924
6 0 0.47476506
7 0 0.47531244
8 0 0.47583222
9 0 0.47652072
10 0 0.4769355
11 0 0.4776284
12 0 0.4782888
13 0 0.4791404
14 0 0.47975954
15 0 0.48003224
16 0 0.4802283
17 0 0.48047855
18 0 0.48060378
19 0 0.48091653
20 0 0.48118266
21 0 0.48146537
22 0 0.48170733
23 0 0.4822718
24 0 0.48250422
25 0 0.48287678
26 0 0.48334822
27 0 0.48399985
28 0 0.48458993
29 0 0.48512632
30 0 0.48562706
30 1 0.48604527
29 1 0.48465633
28 1 0.47274503
27 1 0.47196767
26 1 0.47145766
25 1 0.47224256
24 1 0.4747043
23 1 0.47681075
22 1 0.47870678
21 1 0.48028958
20 1 0.48167264
19 1 0.48292243
18 1 0.48409626
17 1 0.48526376
16 1 0.48621863
15 1 0.48759487
14 1 0.48831168
13 1 0.48920012
12 1 0.48971525
11 1 0.48998553
10 1 0.4902426
9 1 0.49065837
8 1 0.4910417
7 1 0.49146578
6 1 0.49196407
5 1 0.49243355
4 1 0.49287376
3 1 0.49312034
2 1 0.49321505
1 1 0.49358493
0 1 0.49398753
0 2 0.49444067
1 2 0.49484545
2 2 0.49483496
3 2 0.49409202
4 2 0.49467212
5 2 0.49536183
6 2 0.49492505
7 2 0.4946311
8 2 0.49603397
9 2 0.49687845
10 2 0.49769488
11 2 0.4985284
12 2 0.49933016
13 2 0.5001412
14 2 0.50081944
15 2 0.501546
16 2 0.50253356
17 2 0.5032203
18 2 0.5038905
19 2 0.50450796
20 2 0.505058
21 2 0.50561494
22 2 0.5060124
23 2 0.50649774
24 2 0.50695163
25 2 0.5074284
26 2 0.50780755
27 2 0.5082688
28 2 0.50864375
29 2 0.50876606
30 2 0.5090361
30 3 0.5092126
29 3 0.5095156
28 3 0.50955075
27 3 0.5092844
26 3 0.50914156
25 3 0.50681096
24 3 0.50774336
23 3 0.50892675
22 3 0.50953174
21 3 0.51001805
20 3 0.5102539
19 3 0.51048386
18 3 0.51060694
17 3 0.51067847
16 3 0.5107739
15 3 0.5109419
14 3 0.51107424
13 3 0.5112395
12 3 0.5115
11 3 0.51165456
10 3 0.5117666
9 3 0.51201445
8 3 0.512106
7 3 0.5122273
6 3 0.5124395
5 3 0.5125152
4 3 0.51261526
3 3 0.5126841
2 3 0.5127456
1 3 0.5128155
0 3 0.5128355
0 4 0.5127434
1 4 0.51335037
2 4 0.511303
3 4 0.5102092
4 4 0.5105444
5 4 0.5105867
6 4 0.510083
7 4 0.5099121
8 4 0.5104385
9 4 0.5106653
10 4 0.51092064
11 4 0.5114048
12 4 0.5117986
13 4 0.51223296
14 4 0.5125469
15 4 0.51265216
16 4 0.51296926
17 4 0.5131636
18 4 0.5133726
19 4 0.51337945
20 4 0.5133394
21 4 0.51331425
22 4 0.51342386
23 4 0.51364386
24 4 0.5137374
25 4 0.5138616
26 4 0.5141792
27 4 0.51471
28 4 0.51492023
29 4 0.51516974
30 4 0.51550496
30 5 0.51571417
29 5 0.5159168
28 5 0.51543856
27 5 0.514273
26 5 0.5114097
25 5 0.5117842
24 5 0.513188
23 5 0.51430184
22 5 0.51505965
21 5 0.5156285
20 5 0.5161048
19 5 0.5165782
18 5 0.51683116
17 5 0.5170392
16 5 0.5172589
15 5 0.5172882
14 5 0.51756775
13 5 0.51775914
12 5 0.51799154
11 5 0.5182362
10 5 0.51846814
9 5 0.5185279
8 5 0.5186417
7 5 0.5187987
6 5 0.5190497
5 5 0.51927525
4 5 0.5194899
3 5 0.51963246
2 5 0.51981044
1 5 0.5200202
0 5 0.52010685
0 6 0.5199481
1 6 0.52011317
2 6 0.5175262
3 6 0.5168055
4 6 0.51682186
5 6 0.51641244
6 6 0.5150865
7 6 0.51506644
8 6 0.5153433
9 6 0.5155716
10 6 0.5162413
11 6 0.5167345
12 6 0.51728475
13 6 0.51786757
14 6 0.5182811
15 6 0.51865417
16 6 0.5189918
17 6 0.5193197
18 6 0.5195465
19 6 0.51970935
20 6 0.5198292
21 6 0.52005655
22 6 0.5202343
23 6 0.5204379
24 6 0.5205585
25 6 0.52073354
26 6 0.5210099
27 6 0.52125335
28 6 0.5215392
29 6 0.5217758
30 6 0.52209073
30 7 0.52207196
29 7 0.52239937
28 7 0.52236396
27 7 0.5215485
26 7 0.5194923
25 7 0.5184911
24 7 0.5197018
23 7 0.5199508
22 7 0.52042764
21 7 0.52080727
20 7 0.5210756
19 7 0.52123183
18 7 0.52134293
17 7 0.5214206
16 7 0.5215878
15 7 0.52162176
14 7 0.5216105
13 7 0.5215756
12 7 0.5215192
11 7 0.5215102
10 7 0.52150136
9 7 0.5215019
8 7 0.5213786
7 7 0.52120745
6 7 0.5210446
5 7 0.52084637
4 7 0.5192574
3 7 0.5193844
2 7 0.51926184
1 7 0.5191134
0 7 0.5188517
0 8 0.51833117
1 8 0.51836926
2 8 0.51519954
3 8 0.5135352
4 8 0.5134024
5 8 0.5130635
6 8 0.511647
7 8 0.5110044
8 8 0.5108948
9 8 0.5107026
10 8 0.511522
11 8 0.51200587
12 8 0.5121763
13 8 0.51227885
14 8 0.51228887
15 8 0.51229423
16 8 0.5120474
17 8 0.5120232
18 8 0.5120513
19 8 0.51210696
20 8 0.51209915
21 8 0.512043
22 8 0.5121773
23 8 0.51228297
24 8 0.5124485
25 8 0.51268214
26 8 0.5127681
27 8 0.5129346
28 8 0.51201934
29 8 0.51222706
30 8 0.5124522
30 9 0.5125208
29 9 0.5127427
28 9 0.5127444
27 9 0.5123345
26 9 0.51028687
25 9 0.50868917
24 9 0.5095974
23 9 0.5099048
22 9 0.5099316
21 9 0.50996214
20 9 0.5098967
19 9 0.50985545
18 9 0.5096501
17 9 0.5094729
16 9 0.5093435
15 9 0.5092004
14 9 0.5090205
13 9 0.50880027
12 9 0.50865453
11 9 0.50851315
10 9 0.5083889
9 9 0.50826263
8 9 0.50817525
7 9 0.5079631
6 9 0.50776243
5 9 0.50769234
4 9 0.50753415
3 9 0.5073818
2 9 0.50720304
1 9 0.50710225
0 9 0.50691915
0 10 0.5064848
1 10 0.50701386
2 10 0.50367445
3 10 0.5019674
4 10 0.5024044
5 10 0.5028783
6 10 0.502382
7 10 0.50214195
8 10 0.50263417
9 10 0.5031029
10 10 0.5040834
11 10 0.5050009
12 10 0.50566643
13 10 0.5060756
14 10 0.50655705
15 10 0.50675434
16 10 0.50701725
17 10 0.5072375
18 10 0.5072573
19 10 0.50736934
20 10 0.5073811
21 10 0.5074992
22 10 0.50768673
23 10 0.5079917
24 10 0.5084482
25 10 0.50878197
26 10 0.50919527
27 10 0.5096091
28 10 0.50989014
29 10 0.51018775
30 10 0.51030713
30 11 0.51038086
29 11 0.5099719
28 11 0.50773335
27 11 0.5096472
26 11 0.50793743
25 11 0.5065822
24 11 0.5071555
23 11 0.50737935
22 11 0.5076228
21 11 0.5078481
20 11 0.5079904
19 11 0.50807077
18 11 0.50808275
17 11 0.5080725
16 11 0.5080808
15 11 0.50809616
14 11 0.5080866
13 11 0.5080002
12 11 0.5079204
11 11 0.50779414
10 11 0.5077556
9 11 0.5077177
8 11 0.5076425
7 11 0.5075485
6 11 0.50617766
5 11 0.50696725
4 11 0.5072165
3 11 0.50739616
2 11 0.5075307
1 11 0.5077397
0 11 0.507958
0 12 0.5077656
1 12 0.50830024
2 12 0.5054362
3 12 0.50382704
4 12 0.5043554
5 12 0.5051347
6 12 0.50511783
7 12 0.50429314
8 12 0.50464493
9 12 0.5053344
10 12 0.5065107
11 12 0.5075705
12 12 0.508406
13 12 0.5090405
14 12 0.50959814
15 12 0.50997555
16 12 0.5100176
17 12 0.036068425
18 12 0.009341207
19 12 0.04015784
20 12 0.026283117
21 12 0.062350076
22 12 0.07883763
23 12 0.0020312811
24 12 0.17386961
25 12 0.24587828
26 12 0.2827575
27 12 0.3083404
28 12 0.3313996
29 12 0.34643108
30 12 0.35901868
30 13 0.3692388
29 13 0.37787077
28 13 0.38591874
27 13 0.39352652
26 13 0.40059817
25 13 0.40636364
24 13 0.41144526
23 13 0.41639894
22 13 0.41980916
21 13 0.4227716
20 13 0.42543572
19 13 0.4278547
18 13 0.43005565
17 13 0.43211475
16 13 0.43397734
15 13 0.4355379
14 13 -0.001618677
13 13 -0.0019951477
12 13 -0.0021150226
11 13 -0.0012402533
10 13 -0.0014018769
9 13 -0.0020405585
8 13 -2.961471E-4
7 13 0.14806476
6 13 0.20632543
5 13 0.23864232
4 13 0.26170492
3 13 0.2795741
2 13 0.2942147
1 13 0.3066358
0 13 0.31739816
0 14 0.3283605
1 14 0.33626515
2 14 0.3449408
3 14 0.352553
4 14 0.3592821
5 14 0.36702466
6 14 0.3752206
7 14 0.37950215
8 14 0.38300756
9 14 0.385981
10 14 0.38928965
11 14 0.39313808
12 14 0.396217
13 14 0.39924073
14 14 0.40219513
15 14 0.010346349
16 14 0.003639704
17 14 0.026179355
18 14 0.023405388
19 14 0.009213764
20 14 0.0014651103
21 14 -8.1715116E-4
22 14 -0.0021321126
23 14 5.468834E-5
24 14 -0.0014990463
25 14 0.13414414
26 14 0.19123852
27 14 0.22222044
28 14 0.24846962
29 14 0.2655087
30 14 0.279672
30 15 0.29130352
29 15 0.30092013
28 15 0.30980697
27 15 0.3188081
26 15 0.32758632
25 15 0.3344082
24 15 0.34219152
23 15 0.34721282
22 15 0.35136598
21 15 0.35494342
20 15 0.3582423
19 15 0.36139226
18 15 0.36432296
17 15 0.3668396
16 15 8.227665E-4
15 15 -0.0013633021
14 15 -0.0021448082
13 15 -0.0018034944
12 15 -0.0021008623
11 15 -0.002212192
10 15 -0.0016169681
9 15 0.0021672696
8 15 0.0051863585
7 15 -0.0023464714
6 15 -0.002147738
5 15 0.116825275
4 15 0.16943496
3 15 0.19750106
2 15 0.21790983
1 15 0.23417692
0 15 0.24761927
0 16 0.25917485
1 16 0.2674831
2 16 0.28150627
3 16 0.29174665
4 16 0.30006245
5 16 0.3136972
6 16 0.3219876
7 16 0.32649717
8 16 0.33048722
9 16 0.333748
10 16 0.336803
11 16 0.3401141
12 16 0.3432025
13 16 0.34707904
14 16 0.07938256
15 16 0.0151454955
16 16 -0.0020534983
17 16 0.0076099797
18 16 0.0013300985
19 16 -0.0017173114
20 16 -0.0022954452
21 16 0.021003006
22 16 0.0014704815
23 16 -0.0021098955
24 16 -0.0019055468
25 16 0.13267879
26 16 0.17761868
27 16 0.20371455
28 16 0.22235473
29 16 0.23709346
30 16 0.24944034
30 17 0.25982818
29 17 0.26834932
28 17 0.27623007
27 17 0.2845422
26 17 0.29365537
25 17 0.30007172
24 17 0.30567265
23 17 0.31036437
22 17 0.31414592
21 17 0.31759837
20 17 0.3208052
19 17 0.32381403
18 17 0.32713488
17 17 0.014496804
16 17 -0.002163119
15 17 7.5928896E-5
14 17 -0.0019375297
13 17 -0.0022702983
12 17 -0.0011123217
11 17 -6.76524E-4
10 17 0.0023122912
9 17 0.018559366
8 17 0.018017855
7 17 0.06393945
6 17 0.057118062
5 17 -0.0016318609
4 17 0.1333785
3 17 0.17484471
2 17 0.19772373
1 17 0.21435973
0 17 0.22765607
0 18 0.23863353
1 18 0.24645153
2 18 0.25759232
3 18 0.2689875
4 18 0.2772347
5 18 0.2926451
6 18 0.29992208
7 18 0.30529812
8 18 0.3090909
9 18 0.31247696
10 18 0.31526214
11 18 0.31804758
12 18 0.3209573
13 18 0.32409894
14 18 0.034472696
15 18 0.04666673
16 18 0.008805066
17 18 0.02505092
18 18 0.015606929
19 18 -0.0017405051
20 18 0.006081636
21 18 4.1138325E-4
22 18 -0.0010735027
23 18 -3.059129E-4
24 18 0.06802326
25 18 0.1533251
26 18 0.18544741
27 18 0.20652074
28 18 0.22273046
29 18 0.23821214
30 18 0.24899893
30 19 0.25784233
29 19 0.26503727
28 19 0.27073118
27 19 0.2774725
26 19 0.28441012
25 19 0.29012993
24 19 0.2956288
23 19 0.29921892
22 19 0.30237865
21 19 0.30587164
20 19 0.30848715
19 19 0.3108563
18 19 0.3130685
17 19 0.08585727
16 19 0.0011189136
15 19 -0.0011350272
14 19 -0.0017356223
13 19 -4.2529948E-4
12 19 -0.0021589685
11 19 -0.0017683376
10 19 0.036156803
9 19 -0.0019880675
8 19 -0.0023467157
7 19 0.030084444
6 19 0.02684001
5 19 0.049223408
4 19 0.1384965
3 19 0.16903311
2 19 0.18774994
1 19 0.20191056
0 19 0.21551721
0 20 0.2249346
1 20 0.23003331
2 20 0.23878416
3 20 0.2473722
4 20 0.26093906
5 20 0.27462897
6 20 0.28195867
7 20 0.28523728
8 20 0.28910622
9 20 0.29272324
10 20 0.29628968
11 20 0.2989887
12 20 0.30155855
13 20 0.30414212
14 20 0.3057034
15 20 0.021648524
16 20 1.4575418E-4
17 20 -0.002306676
18 20 0.0070193945
19 20 0.0017407493
20 20 -0.00226273
21 20 -0.0017314719
22 20 -0.0019492486
23 20 -0.0014162814
24 20 0.11837242
25 20 0.15955321
26 20 0.18393323
27 20 0.20195402
28 20 0.21614808
29 20 0.22795221
30 20 0.23807883
30 21 0.24651231
29 21 0.25361985
28 21 0.25893462
27 21 0.26555532
26 21 0.27144948
25 21 0.277056
24 21 0.28159195
23 21 0.2845832
22 21 0.28731886
21 21 0.2899102
20 21 0.29235214
19 21 0.29474473
18 21 0.29690787
17 21 0.2989909
16 21 0.197035
15 21 -0.0019243459
14 21 -0.0012771192
13 21 -0.0022468606
12 21 -0.0015564203
11 21 -0.002222202
10 21 -0.002127474
9 21 -0.0023235218
8 21 -0.001131365
7 21 -0.0016093996
6 21 0.002264195
5 21 0.106703535
4 21 0.1459412
3 21 0.1683141
2 21 0.18479799
1 21 0.19790512
0 21 0.20881642
0 22 0.21807414
1 22 0.22375147
2 22 0.23186463
3 22 0.24144974
4 22 0.25922516
5 22 0.27203932
6 22 0.2746126
7 22 0.2767662
8 22 0.280298
9 22 0.2836027
10 22 0.28635815
11 22 0.2891563
12 22 0.29130304
13 22 0.29321763
14 22 0.2956183
15 22 0.2973649
16 22 0.29914764
17 22 0.010452309
18 22 -7.995728E-4
19 22 0.005680995
20 22 0.1001822
21 22 0.16605552
22 22 0.20187101
23 22 0.22358473
24 22 0.23934913
25 22 0.25178218
26 22 0.2617589
27 22 0.26991332
28 22 0.27669856
29 22 0.28258538
30 22 0.28787404
30 23 0.2936229
29 23 0.2975297
28 23 0.300477
27 23 0.30522147
26 23 0.30774078
25 23 0.31082532
24 23 0.3129562
23 23 0.31447697
22 23 0.31601802
21 23 0.317519
20 23 0.31935573
19 23 0.32080227
18 23 0.32222515
17 23 0.32358405
16 23 0.324889
15 23 0.32612705
14 23 0.32710314
13 23 0.0017485619
12 23 -0.0019888
11 23 -0.002332067
10 23 -0.0023447624
9 23 -0.0016985124
8 23 0.090833664
7 23 0.16098635
6 23 0.1897048
5 23 0.20933133
4 23 0.22420606
3 23 0.23604414
2 23 0.24748768
1 23 0.25546825
0 23 0.26228234
0 24 0.2683625
1 24 0.27234328
2 24 0.2791051
3 24 0.2869951
4 24 0.29507068
5 24 0.3029795
6 24 0.30911118
7 24 0.31101185
8 24 0.31362125
9 24 0.31576315
10 24 0.31765062
11 24 0.3195918
12 24 0.32140383
13 24 0.32325274
14 24 0.32504037
15 24 0.32666248
16 24 0.32819104
17 24 0.3300075
18 24 0.331748
19 24 0.3337656
20 24 0.33541235
21 24 0.33691847
22 24 0.33854914
23 24 0.3402142
24 24 0.341785
25 24 0.34343642
26 24 0.34502798
27 24 0.3465539
28 24 0.34831464
29 24 0.34944016
30 24 0.35112208
30 25 0.35222757
29 25 0.35377812
28 25 0.35458136
27 25 0.35520247
26 25 0.3556944
25 25 0.3567408
24 25 0.35697982
23 25 0.35725498
22 25 0.3579867
21 25 0.3585509
20 25 0.35917565
19 25 0.35981238
18 25 0.36045521
17 25 0.36110002
16 25 0.36183
15 25 0.36249432
14 25 0.3631296
13 25 0.363602
12 25 0.3641323
11 25 0.36479318
10 25 0.36536473
9 25 0.36582592
8 25 0.36629102
7 25 0.36667943
6 25 0.3671643
5 25 0.36761647
4 25 0.3680789
3 25 0.36854154
2 25 0.36904812
1 25 0.36957937
0 25 0.37006572
0 26 0.37045732
1 26 0.37064117
2 26 0.37118584
3 26 0.37262827
4 26 0.37370884
5 26 0.3760995
6 26 0.3794726
7 26 0.37852824
8 26 0.37878996
9 26 0.3792668
10 26 0.38013178
11 26 0.38079244
12 26 0.3815366
13 26 0.38234812
14 26 0.38293895
15 26 0.38345093
16 26 0.3838506
17 26 0.38426736
18 26 0.38451296
19 26 0.3848667
20 26 0.38547245
21 26 0.3860047
22 26 0.38640434
23 26 0.38685405
24 26 0.38734576
25 26 0.3877547
26 26 0.38822055
27 26 0.38879794
28 26 0.38935167
29 26 0.38977012
30 26 0.390401
30 27 0.3907794
29 27 0.39195767
28 27 0.39251724
27 27 0.3923119
26 27 0.3922438
25 27 0.39217713
24 27 0.39198697
23 27 0.39173132
22 27 0.3916571
21 27 0.39162293
20 27 0.3917482
19 27 0.39195767
18 27 0.3921852
17 27 0.39252457
16 27 0.39019883
15 27 0.3903065
14 27 0.3906339
13 27 0.39128113
12 27 0.39150208
11 27 0.39191908
10 27 0.3923417
9 27 0.3927023
8 27 0.39307046
7 27 0.39333904
6 27 0.39364153
5 27 0.3938537
4 27 0.3941452
3 27 0.39430803
2 27 0.39450336
1 27 0.3947182
0 27 0.39486519
0 28 0.39489007
1 28 0.39436004
2 28 0.3950402
3 28 0.39497918
4 28 0.39477727
5 28 0.39564082
6 28 0.39937526
7 28 0.398886
8 28 0.39922997
9 28 0.39978004
10 28 0.40061307
11 28 0.4015701
12 28 0.40226373
13 28 0.40269268
14 28 0.40306038
15 28 0.40331087
16 28 0.40348956
17 28 0.4037037
18 28 0.40391976
19 28 0.40417024
20 28 0.40435627
21 28 0.40424863
22 28 0.40437776
23 28 0.40432993
24 28 0.4045421
25 28 0.40455648
26 28 0.40457895
27 28 0.40452084
28 28 0.40460214
29 28 0.40472764
30 28 0.4052816
30 29 0.40520835
29 29 0.40572226
28 29 0.40590173
27 29 0.40521812
26 29 0.40457505
25 29 0.40395197
24 29 0.40344173
23 29 0.40295613
22 29 0.40261284
21 29 0.40240216
20 29 0.402116
19 29 0.40184674
18 29 0.4016917
17 29 0.401511
16 29 0.40140018
15 29 0.40131912
14 29 0.40124613
13 29 0.40106595
12 29 0.4009175
11 29 0.40083304
10 29 0.40078104
9 29 0.4007256
8 29 0.400626
7 29 0.39876294
6 29 0.39923486
5 29 0.39962453
4 29 0.39986184
3 29 0.40006372
2 29 0.40019655
1 29 0.4003318
0 29 0.40045315
0 30 0.40052933
1 30 0.40115923
2 30 0.4000198
3 30 0.40188676
4 30 0.4016834
5 30 0.40279326
6 30 0.406391
7 30 0.40578964
8 30 0.40555698
9 30 0.40542442
10 30 0.4062804
11 30 0.4069508
12 30 0.40760925
13 30 0.4080475
14 30 0.4086735
15 30 0.40888956
16 30 0.40905216
17 30 0.40919304
18 30 0.40934512
19 30 0.4094931
20 30 0.40963006
21 30 0.40976238
22 30 0.40991887
23 30 0.41004485
24 30 0.41021845
25 30 0.41035345
26 30 0.41044816
27 30 0.41067255
28 30 0.41080806
29 30 0.41122478
30 30 0.41175508
