0 0 0.4835616
1 0 0.48361897
2 0 0.48341414
3 0 0.48229986
4 0 0.48203325
5 0 0.481731
6 0 0.48195294
7 0 0.48200762
8 0 0.48200297
9 0 0.48189434
10 0 0.48189044
11 0 0.48202616
12 0 0.48223954
13 0 0.48247588
14 0 0.48257843
15 0 0.48266047
16 0 0.48282135
17 0 0.48285967
18 0 0.48295197
19 0 0.48300105
20 0 0.4830462
21 0 0.4830982
22 0 0.48313192
23 0 0.4831463
24 0 0.48319024
25 0 0.48320612
26 0 0.4832198
27 0 0.48318756
28 0 0.4832386
29 0 0.48319563
30 0 0.4831954
0 1 0.48095363
1 1 0.48087674
2 1 0.4806221
3 1 0.4805762
4 1 0.48050565
5 1 0.48002785
6 1 0.47882423
7 1 0.47790796
8 1 0.47840992
9 1 0.47903517
10 1 0.47838035
11 1 0.47845653
12 1 0.47850195
13 1 0.47860473
14 1 0.47874096
15 1 0.47891796
16 1 0.47906104
17 1 0.47918043
18 1 0.47954005
19 1 0.47969165
20 1 0.47988528
21 1 0.48005423
22 1 0.4801797
23 1 0.48046464
24 1 0.48058107
25 1 0.48066604
26 1 0.48077688
27 1 0.48098686
28 1 0.48111942
29 1 0.48125222
30 1 0.48143607
0 2 0.4806177
1 2 0.48050687
2 2 0.47999954
3 2 0.47953957
4 2 0.47941017
5 2 0.47815892
6 2 0.47687107
7 2 0.47600925
8 2 0.47587177
9 2 0.47580513
10 2 0.4762717
11 2 0.47663987
12 2 0.4769614
13 2 0.4771274
14 2 0.47724923
15 2 0.47754368
16 2 0.47766355
17 2 0.47785106
18 2 0.4778701
19 2 0.47807884
20 2 0.47830784
21 2 0.4785681
22 2 0.4787173
23 2 0.47893506
24 2 0.47910133
25 2 0.47935718
26 2 0.4795708
27 2 0.4797288
28 2 0.47984815
29 2 0.48006058
30 2 0.4801836
0 3 0.48147196
1 3 0.48158622
2 3 0.48157036
3 3 0.4815159
4 3 0.4811458
5 3 0.4799612
6 3 0.47903395
7 3 0.47807762
8 3 0.47731566
9 3 0.4775166
10 3 0.47784302
11 3 0.47822118
12 3 0.47855932
13 3 0.47881055
14 3 0.47895434
15 3 0.47926003
16 3 0.47956324
17 3 0.47958764
18 3 0.47980887
19 3 0.48006985
20 3 0.4802161
21 3 0.48046046
22 3 0.48063773
23 3 0.48079056
24 3 0.48096243
25 3 0.4812525
26 3 0.48155865
27 3 0.48167753
28 3 0.48191142
29 3 0.48213896
30 3 0.48237336
0 4 0.48461556
1 4 0.48491707
2 4 0.4848077
3 4 0.48389363
4 4 0.48355818
5 4 0.48289996
6 4 0.48260528
7 4 0.48219755
8 4 0.48169512
9 4 0.48207524
10 4 0.48258135
11 4 0.48297736
12 4 0.4831473
13 4 0.48347077
14 4 0.48359138
15 4 0.48378378
16 4 0.48399496
17 4 0.4841026
18 4 0.4843641
19 4 0.4845831
20 4 0.48474154
21 4 0.4849488
22 4 0.48515975
23 4 0.48542002
24 4 0.48559362
25 4 0.48580235
26 4 0.4860543
27 4 0.4861776
28 4 0.4863805
29 4 0.4865675
30 4 0.4865934
0 5 0.48857534
1 5 0.48871645
2 5 0.4886027
3 5 0.4878705
4 5 0.48746157
5 5 0.4845731
6 5 0.48409823
7 5 0.48452744
8 5 0.48359162
9 5 0.48404428
10 5 0.48457772
11 5 0.4849403
12 5 0.48519418
13 5 0.48549426
14 5 0.4856129
15 5 0.48582384
16 5 0.48594177
17 5 0.4861029
18 5 0.48632947
19 5 0.48656556
20 5 0.48663732
21 5 0.4868517
22 5 0.48706898
23 5 0.4872328
24 5 0.48736438
25 5 0.48754725
26 5 0.48762465
27 5 0.48770007
28 5 0.48767322
29 5 0.48767322
30 5 0.4876339
0 6 0.48977703
1 6 0.4900556
2 6 0.48995548
3 6 0.48912224
4 6 0.48872524
5 6 0.48720717
6 6 0.48674572
7 6 0.4870492
8 6 0.4860455
9 6 0.48650354
10 6 0.48679894
11 6 0.48713735
12 6 0.4873285
13 6 0.48752114
14 6 0.4876215
15 6 0.487672
16 6 0.4878478
17 6 0.48800138
18 6 0.4880343
19 6 0.48811537
20 6 0.48818886
21 6 0.48827553
22 6 0.48837295
23 6 0.48844033
24 6 0.48849526
25 6 0.48854506
26 6 0.4884489
27 6 0.48857754
28 6 0.48858413
29 6 0.4885192
30 6 0.48847672
0 7 0.4902702
1 7 0.49058318
2 7 0.49028826
3 7 0.48977092
4 7 0.4891852
5 7 0.48825723
6 7 0.48792738
7 7 0.487975
8 7 0.48706898
9 7 0.48744568
10 7 0.48770863
11 7 0.48800406
12 7 0.4881166
13 7 0.48823673
14 7 0.48830777
15 7 0.48782876
16 7 0.48802504
17 7 0.48808584
18 7 0.48809683
19 7 0.48812807
20 7 0.4882096
21 7 0.48827383
22 7 0.48831484
23 7 0.48839492
24 7 0.48845768
25 7 0.4885043
26 7 0.48850724
27 7 0.48846403
28 7 0.48837808
29 7 0.48826772
30 7 0.48819742
0 8 0.48977506
1 8 0.48990887
2 8 0.48967376
3 8 0.4892675
4 8 0.4884684
5 8 0.48789883
6 8 0.48782143
7 8 0.48736244
8 8 0.4873688
9 8 0.48765224
10 8 0.48806703
11 8 0.48819083
12 8 0.4883361
13 8 0.4883815
14 8 0.48852992
15 8 0.48853067
16 8 0.48851016
17 8 0.4884655
18 8 0.48843935
19 8 0.48839077
20 8 0.48847428
21 8 0.4884523
22 8 0.48839468
23 8 0.48842275
24 8 0.48848134
25 8 0.48856655
26 8 0.48857364
27 8 0.4885585
28 8 0.4885375
29 8 0.48838076
30 8 0.4883461
0 9 0.32539487
1 9 0.34842673
2 9 0.36514476
3 9 0.37842277
4 9 0.38936508
5 9 0.3982275
6 9 0.4052408
7 9 0.4118852
8 9 0.4169002
9 9 0.42148837
10 9 0.42485195
11 9 0.42794478
12 9 0.43072096
13 9 0.43324468
14 9 0.43545514
15 9 -0.0016985124
16 9 -0.002254429
17 9 -0.0023208363
18 9 -0.002342321
19 9 -0.0023452507
20 9 0.0842486
21 9 0.17109416
22 9 0.2041335
23 9 0.22804376
24 9 0.24681579
25 9 0.26213488
26 9 0.27483428
27 9 0.28569943
28 9 0.2950956
29 9 0.30324122
30 9 0.31040782
0 10 0.23396866
1 10 0.2574014
2 10 0.2740264
3 10 0.28676245
4 10 0.2978029
5 10 0.30709308
6 10 0.31464934
7 10 0.32025272
8 10 0.32562461
9 10 0.33056805
10 10 0.33578274
11 10 0.33964607
12 10 0.34320617
13 10 0.3459069
14 10 -0.002119173
15 10 -0.0023108264
16 10 -0.0023384148
17 10 -0.0023445182
18 10 0.03524175
19 10 -0.0023435417
20 10 -0.0023345083
21 10 0.060385447
22 10 0.13933831
23 10 0.17154486
24 10 0.19352055
25 10 0.21340975
26 10 0.2269417
27 10 0.2386433
28 10 0.24901626
29 10 0.25830692
30 10 0.26661175
0 11 0.20365961
1 11 0.22770612
2 11 0.24432258
3 11 0.2568047
4 11 0.26868013
5 11 0.27707943
6 11 0.2834743
7 11 0.2892891
8 11 0.29501525
9 11 0.29967183
10 11 0.30398926
11 11 0.3078304
12 11 0.3108988
13 11 0.16064993
14 11 0.003293019
15 11 -0.0023450067
16 11 -0.0023447624
17 11 -0.0023467157
18 11 -0.0018232701
19 11 -0.002347204
20 11 -0.0023330436
21 11 -0.0023447624
22 11 0.07574017
23 11 0.13616931
24 11 0.16496737
25 11 0.18526308
26 11 0.20107485
27 11 0.21416734
28 11 0.22534329
29 11 0.23691085
30 11 0.24533969
0 12 0.19252688
1 12 0.21354623
2 12 0.22835775
3 12 0.24006104
4 12 0.24984123
5 12 0.25815433
6 12 0.2646896
7 12 0.27035522
8 12 0.27649227
9 12 0.28126016
10 12 0.2854548
11 12 0.2891299
12 12 0.29230037
13 12 0.2931063
14 12 0.29491198
15 12 0.012173038
16 12 -0.0022368506
17 12 1.7212177E-4
18 12 -0.0011152514
19 12 -0.00234403
20 12 -0.0022668804
21 12 -0.002337438
22 12 0.015322256
23 12 0.10818207
24 12 0.14863166
25 12 0.17269331
26 12 0.1903303
27 12 0.20436567
28 12 0.21608046
29 12 0.22617362
30 12 0.23493475
0 13 0.22369458
1 13 0.23631929
2 13 0.2459271
3 13 0.253979
4 13 0.26103792
5 13 0.26693302
6 13 0.27162963
7 13 0.27589533
8 13 0.28010413
9 13 0.28395405
10 13 0.28803515
11 13 0.29055327
12 13 0.29187214
13 13 0.2940758
14 13 0.29642007
15 13 0.2990722
16 13 0.30104634
17 13 0.14770001
18 13 -0.0010725262
19 13 -0.0023061875
20 13 -0.0023447624
21 13 -0.00234403
22 13 -0.0023450067
23 13 0.10214121
24 13 0.1492474
25 13 0.1751062
26 13 0.19343045
27 13 0.20762427
28 13 0.21926947
29 13 0.22909555
30 13 0.23752658
0 14 0.21236579
1 14 0.22686334
2 14 0.23753855
3 14 0.24631432
4 14 0.25389135
5 14 0.26050693
6 14 0.26500675
7 14 0.2693845
8 14 0.27382573
9 14 0.2774078
10 14 0.28102872
11 14 0.28446236
12 14 0.28648338
13 14 0.2885757
14 14 0.2907398
15 14 0.2938939
16 14 0.1722624
17 14 1.9604793E-4
18 14 0.03158178
19 14 -0.0023413445
20 14 -0.00234403
21 14 -0.0023459832
22 14 -0.002345739
23 14 0.0678985
24 14 0.14305541
25 14 0.16931216
26 14 0.18802583
27 14 0.20251726
28 14 0.21434312
29 14 0.22431129
30 14 0.2328417
0 15 0.19642171
1 15 0.2142374
2 15 0.22657818
3 15 0.23809642
4 15 0.24618663
5 15 0.25308347
6 15 0.25861382
7 15 0.26331946
8 15 0.2677038
9 15 0.27178174
10 15 0.27577984
11 15 0.27889612
12 15 0.2804457
13 15 0.2368403
14 15 -0.0022141451
15 15 0.032045655
16 15 0.13297981
17 15 0.14063594
18 15 0.02115511
19 15 -8.647593E-4
20 15 -0.0022507668
21 15 -0.002303746
22 15 -0.0023396355
23 15 0.10039167
24 15 0.14319946
25 15 0.166984
26 15 0.1842621
27 15 0.19789097
28 15 0.2090596
29 15 0.21856438
30 15 0.22679424
0 16 0.18940207
1 16 0.21080352
2 16 0.22054756
3 16 0.23229042
4 16 0.24046217
5 16 0.24737537
6 16 0.2527497
7 16 0.2576812
8 16 0.26230896
9 16 0.26641375
10 16 0.27018628
11 16 0.27344534
12 16 0.27532086
13 16 0.27748862
14 16 -0.0014345923
15 16 -0.0023196156
16 16 0.1369208
17 16 -0.0022954452
18 16 -0.002343786
19 16 -0.0023459832
20 16 -0.002342321
21 16 -0.0023425652
22 16 -5.2979327E-4
23 16 0.10070735
24 16 0.14109689
25 16 0.16420856
26 16 0.1811158
27 16 0.1945833
28 16 0.20560642
29 16 0.21490173
30 16 0.22300854
0 17 0.2108775
1 17 0.22347999
2 17 0.23271547
3 17 0.24073073
4 17 0.24774207
5 17 0.25351462
6 17 0.25832793
7 17 0.2636554
8 17 0.2674931
9 17 0.27114916
10 17 0.2744456
11 17 0.27729258
12 17 0.27880114
13 17 0.28140324
14 17 0.2838908
15 17 0.2862324
16 17 0.064311534
17 17 0.036323555
18 17 -0.0023352408
19 17 -0.0023413445
20 17 -0.0023452507
21 17 -0.0023450067
22 17 0.09610254
23 17 0.148868
24 17 0.17422776
25 17 0.19174048
26 17 0.20523019
27 17 0.21623328
28 17 0.22546463
29 17 0.23472454
30 17 0.24008009
0 18 0.2006686
1 18 0.21758439
2 18 0.22910751
3 18 0.23823997
4 18 0.24590488
5 18 0.25228438
6 18 0.25761846
7 18 0.26244786
8 18 0.2679123
9 18 0.27159572
10 18 0.27505255
11 18 0.2782689
12 18 -0.0020183413
13 18 -0.0022912947
14 18 -0.001977081
15 18 -0.002322057
16 18 0.0010986496
17 18 -0.0023335319
18 18 -0.0023266957
19 18 -0.0023452507
20 18 -0.0023469597
21 18 -0.0023093615
22 18 0.09551147
23 18 0.13715322
24 18 0.1606028
25 18 0.17758231
26 18 0.19101171
27 18 0.20206022
28 18 0.21148224
29 18 0.21962298
30 18 0.22681768
0 19 0.19342068
1 19 0.21023905
2 19 0.22188376
3 19 0.23104577
4 19 0.23879051
5 19 0.24550718
6 19 0.25106487
7 19 0.25610963
8 19 0.26104647
9 19 0.26522133
10 19 0.26969773
11 19 0.27316946
12 19 0.27641195
13 19 -0.002093782
14 19 -0.0022656596
15 19 0.00196878
16 19 -0.00227982
17 19 -0.002327184
18 19 -0.002337194
19 19 -0.0022637064
20 19 0.013665248
21 19 0.08891103
22 19 0.13885272
23 19 0.16281085
24 19 0.18263072
25 19 0.19535674
26 19 0.20583762
27 19 0.2148236
28 19 0.22262083
29 19 0.22957578
30 19 0.23574653
0 20 0.20491427
1 20 0.22040962
2 20 0.23093908
3 20 0.24049416
4 20 0.24739246
5 20 0.2531035
6 20 0.25790116
7 20 0.2624005
8 20 0.2664604
9 20 0.2700959
10 20 0.27348685
11 20 0.27683383
12 20 0.2798639
13 20 0.28267765
14 20 0.2854724
15 20 -0.0021272297
16 20 -0.0022507668
17 20 -0.0020415352
18 20 0.0049995882
19 20 6.71397E-5
20 20 0.10827802
21 20 0.1557646
22 20 0.17926641
23 20 0.19544464
24 20 0.20784205
25 20 0.21786368
26 20 0.2263184
27 20 0.23360294
28 20 0.23997168
29 20 0.2466505
30 20 0.2515561
0 21 0.2725503
1 21 0.27561578
2 21 0.27844664
3 21 0.28116935
4 21 0.28402755
5 21 0.2866621
6 21 0.2889319
7 21 0.29121587
8 21 0.2937196
9 21 0.29574206
10 21 0.29768035
11 21 0.29963055
12 21 0.3014946
13 21 0.30327857
14 21 0.30490944
15 21 0.30650958
16 21 0.30804816
17 21 0.30975693
18 21 0.3109403
19 21 0.31257755
20 21 0.31396475
21 21 0.3152902
22 21 0.31655392
23 21 0.31778538
24 21 0.31897607
25 21 0.32015285
26 21 0.32122782
27 21 0.3222642
28 21 0.32337385
29 21 0.32421908
30 21 0.32526597
0 22 0.33073163
1 22 0.33153194
2 22 0.33229658
3 22 0.33320457
4 22 0.33422166
5 22 0.33520776
6 22 0.33588576
7 22 0.33669728
8 22 0.3378416
9 22 0.3387415
10 22 0.3395289
11 22 0.3403072
12 22 0.3410189
13 22 0.34180772
14 22 0.34253502
15 22 0.3433026
16 22 0.34393543
17 22 0.34463906
18 22 0.34538737
19 22 0.34623063
20 22 0.34680536
21 22 0.3474089
22 22 0.3480251
23 22 0.34857613
24 22 0.34919235
25 22 0.3496621
26 22 0.3502434
27 22 0.3506748
28 22 0.35118213
29 22 0.35158497
30 22 0.35214895
0 23 0.35499492
1 23 0.35540584
2 23 0.35581893
3 23 0.35614803
4 23 0.35654768
5 23 0.35705674
6 23 0.35737804
7 23 0.3579376
8 23 0.358537
9 23 0.35908946
10 23 0.35962635
11 23 0.360204
12 23 0.3606293
13 23 0.36113784
14 23 0.36157486
15 23 0.3620644
16 23 0.36248383
17 23 0.36294353
18 23 0.36337885
19 23 0.3638786
20 23 0.36435297
21 23 0.36470112
22 23 0.36512595
23 23 0.3654907
24 23 0.3658667
25 23 0.3662683
26 23 0.36649218
27 23 0.3668447
28 23 0.36710107
29 23 0.36736548
30 23 0.36771142
0 24 0.36981326
1 24 0.37010503
2 24 0.37036553
3 24 0.37060186
4 24 0.3708653
5 24 0.3711756
6 24 0.3713687
7 24 0.37164143
8 24 0.37226987
9 24 0.37282723
10 24 0.37322056
11 24 0.37356406
12 24 0.3739054
13 24 0.37433776
14 24 0.37458727
15 24 0.3749149
16 24 0.37533826
17 24 0.37561122
18 24 0.37592176
19 24 0.3763246
20 24 0.3764872
21 24 0.3768378
22 24 0.3770641
23 24 0.37738347
24 24 0.3776398
25 24 0.37788394
26 24 0.37814763
27 24 0.3783847
28 24 0.37859637
29 24 0.3788317
30 24 0.37894696
0 25 0.38059908
1 25 0.38085935
2 25 0.38097554
3 25 0.381124
4 25 0.38138157
5 25 0.3816013
6 25 0.38183862
7 25 0.3820752
8 25 0.3824668
9 25 0.3828906
10 25 0.38319653
11 25 0.38347363
12 25 0.3837937
13 25 0.38405252
14 25 0.38437063
15 25 0.3845154
16 25 0.38478103
17 25 0.38498417
18 25 0.38529277
19 25 0.3854312
20 25 0.38563725
21 25 0.38588506
22 25 0.38605034
23 25 0.38630497
24 25 0.3864239
25 25 0.38661554
26 25 0.38679278
27 25 0.38691217
28 25 0.38712654
29 25 0.38738775
30 25 0.3874361
0 26 0.38879257
1 26 0.38892537
2 26 0.38910824
3 26 0.3893116
4 26 0.38940683
5 26 0.38970372
6 26 0.38989684
7 26 0.38993075
8 26 0.3902291
9 26 0.39047912
10 26 0.39074793
11 26 0.39094934
12 26 0.3912357
13 26 0.39141884
14 26 0.39162368
15 26 0.39185926
16 26 0.39197913
17 26 0.39223525
18 26 0.39240932
19 26 0.39253798
20 26 0.3927028
21 26 0.3929003
22 26 0.39298183
23 26 0.3931376
24 26 0.39336026
25 26 0.39342397
26 26 0.3935783
27 26 0.3937038
28 26 0.39388907
29 26 0.39397135
30 26 0.39414543
0 27 0.3954113
1 27 0.39553168
2 27 0.39563814
3 27 0.39567354
4 27 0.39575335
5 27 0.3959875
6 27 0.39616817
7 27 0.39618844
8 27 0.39644063
9 27 0.39666256
10 27 0.39690816
11 27 0.39710128
12 27 0.39734617
13 27 0.3974309
14 27 0.39761618
15 27 0.39779466
16 27 0.3979265
17 27 0.3980532
18 27 0.39821824
19 27 0.39840892
20 27 0.3984375
21 27 0.3985686
22 27 0.39865795
23 27 0.3988064
24 27 0.3989099
25 27 0.3989663
26 27 0.3990935
27 27 0.39923292
28 27 0.39938527
29 27 0.39942554
30 27 0.3995183
0 28 0.40065065
1 28 0.4007964
2 28 0.4008953
3 28 0.4008765
4 28 0.40083328
5 28 0.40106863
6 28 0.40123025
7 28 0.40125784
8 28 0.40142092
9 28 0.40160674
10 28 0.40181303
11 28 0.40194756
12 28 0.4021822
13 28 0.40240997
14 28 0.40246147
15 28 0.40265435
16 28 0.4028155
17 28 0.40292707
18 28 0.40302473
19 28 0.40317342
20 28 0.40334454
21 28 0.40342486
22 28 0.40344
23 28 0.40353253
24 28 0.40363485
25 28 0.4036988
26 28 0.40382135
27 28 0.40391585
28 28 0.40394196
29 28 0.40403035
30 28 0.40414682
0 29 0.4054735
1 29 0.40562755
2 29 0.40565
3 29 0.4056278
4 29 0.4054537
5 29 0.40575597
6 29 0.40601745
7 29 0.4059364
8 29 0.40620372
9 29 0.40642908
10 29 0.4064818
11 29 0.40662
12 29 0.4066947
13 29 0.40687463
14 29 0.40694252
15 29 0.40707555
16 29 0.4072367
17 29 0.40740612
18 29 0.4074357
19 29 0.40749475
20 29 0.40760925
21 29 0.40768862
22 29 0.40775064
23 29 0.40787196
24 29 0.40793398
25 29 0.4079579
26 29 0.40803066
27 29 0.4080946
28 29 0.408142
29 29 0.4082123
30 29 0.4083097
0 30 0.40952092
1 30 0.40963787
2 30 0.40965542
3 30 0.4095275
4 30 0.40933684
5 30 0.40944353
6 30 0.40970498
7 30 0.40823206
8 30 0.40897548
9 30 0.4095302
10 30 0.4098466
11 30 0.4100534
12 30 0.41034904
13 30 0.4104477
14 30 0.41062468
15 30 0.4108249
16 30 0.4109511
17 30 0.41107246
18 30 0.41118744
19 30 0.41132173
20 30 0.4114333
21 30 0.41145307
22 30 0.4114753
23 30 0.41153193
24 30 0.41160712
25 30 0.411664
26 30 0.41169894
27 30 0.41176093
28 30 0.4118071
29 30 0.41190326
30 30 0.4119521
