0 0 0.4725663
1 0 0.47264102
2 0 0.47223866
3 0 0.4712809
4 0 0.47139344
5 0 0.47150403
6 0 0.47152236
7 0 0.47170693
8 0 0.4714855
9 0 0.4712914
10 0 0.47150624
11 0 0.4716293
12 0 0.47189173
13 0 0.47167763
14 0 0.47193104
15 0 0.4719645
16 0 0.47185415
17 0 0.4718898
18 0 0.4717997
19 0 0.4716735
20 0 0.4715016
21 0 0.47129995
22 0 0.471173
23 0 0.47112
24 0 0.47112855
25 0 0.47116297
26 0 0.47113758
27 0 0.47133777
28 0 0.47128382
29 0 0.47141492
30 0 0.47143885
0 1 0.4701876
1 1 0.47014368
2 1 0.4699735
3 1 0.46972105
4 1 0.4693927
5 1 0.46882823
6 1 0.46669
7 1 0.4663758
8 1 0.46399173
9 1 0.46309376
10 1 0.46321875
11 1 0.46305445
12 1 0.46353713
13 1 0.4638904
14 1 0.46409693
15 1 0.4641763
16 1 0.46424562
17 1 0.46437186
18 1 0.46452177
19 1 0.4646934
20 1 0.46482497
21 1 0.46512017
22 1 0.4654197
23 1 0.4655999
24 1 0.46581426
25 1 0.46596172
26 1 0.46638483
27 1 0.4665977
28 1 0.46685553
29 1 0.4664737
30 1 0.46655256
0 2 0.4690372
1 2 0.4687989
2 2 0.46816975
3 2 0.46810263
4 2 0.46824765
5 2 0.46751544
6 2 0.46579376
7 2 0.46433082
8 2 0.463522
9 2 0.4629746
10 2 0.4631311
11 2 0.46326637
12 2 0.46316016
13 2 0.46338892
14 2 0.46336597
15 2 0.4636128
16 2 0.46385914
17 2 0.46385938
18 2 0.46386793
19 2 0.46404737
20 2 0.46429372
21 2 0.46451882
22 2 0.46458793
23 2 0.4647986
24 2 0.46496487
25 2 0.46508425
26 2 0.46531084
27 2 0.4655242
28 2 0.46572393
29 2 0.46594095
30 2 0.46604717
0 3 0.4677442
1 3 0.4680108
2 3 0.46793807
3 3 0.46789584
4 3 0.4678182
5 3 0.46659064
6 3 0.4651631
7 3 0.4639429
8 3 0.46369192
9 3 0.46387964
10 3 0.46431643
11 3 0.4645535
12 3 0.46455154
13 3 0.46463406
14 3 0.46470827
15 3 0.46471927
16 3 0.4648401
17 3 0.4649495
18 3 0.46511355
19 3 0.46527398
20 3 0.4655164
21 3 0.46560892
22 3 0.46573418
23 3 0.46592242
24 3 0.46608233
25 3 0.46620145
26 3 0.46652496
27 3 0.46658453
28 3 0.46679646
29 3 0.46698028
30 3 0.4671092
0 4 0.46861655
1 4 0.46874374
2 4 0.46873397
3 4 0.46870735
4 4 0.4684791
5 4 0.46710676
6 4 0.46624956
7 4 0.46514556
8 4 0.46487355
9 4 0.46491483
10 4 0.46514872
11 4 0.4652571
12 4 0.46533084
13 4 0.4653755
14 4 0.46542484
15 4 0.4654229
16 4 0.46546048
17 4 0.46549907
18 4 0.46558133
19 4 0.46566436
20 4 0.46579936
21 4 0.46588358
22 4 0.46598467
23 4 0.46614653
24 4 0.4663255
25 4 0.46647686
26 4 0.4665938
27 4 0.46670464
28 4 0.46686506
29 4 0.46703157
30 4 0.46719512
0 5 0.4684625
1 5 0.46851987
2 5 0.4684112
3 5 0.4682645
4 5 0.4679349
5 5 0.46659064
6 5 0.46556327
7 5 0.4647078
8 5 0.4646873
9 5 0.4647532
10 5 0.46467558
11 5 0.46361965
12 5 0.46376392
13 5 0.46388307
14 5 0.4639158
15 5 0.46396512
16 5 0.46399927
17 5 0.46404275
18 5 0.46410793
19 5 0.4642278
20 5 0.4643926
21 5 0.46453446
22 5 0.46469072
23 5 0.46492678
24 5 0.46513456
25 5 0.4653892
26 5 0.46556425
27 5 0.46574223
28 5 0.46593192
29 5 0.46611407
30 5 0.4663482
0 6 0.46746784
1 6 0.46754232
2 6 0.46749836
3 6 0.46747345
4 6 0.46712482
5 6 0.46611553
6 6 0.4653709
7 6 0.4646304
8 6 0.46461403
9 6 0.46472195
10 6 0.46465164
11 6 0.46459037
12 6 0.46455863
13 6 0.4644844
14 6 0.46440506
15 6 0.46436256
16 6 0.46432278
17 6 0.46425125
18 6 0.4642212
19 6 0.46434134
20 6 0.46443507
21 6 0.46455544
22 6 0.46473756
23 6 0.46499467
24 6 0.4652598
25 6 0.4655247
26 6 0.46571806
27 6 0.46597978
28 6 0.46620196
29 6 0.4664881
30 6 0.46665314
0 7 0.467503
1 7 0.46755135
2 7 0.467388
3 7 0.46727204
4 7 0.46698347
5 7 0.465919
6 7 0.46510842
7 7 0.46453837
8 7 0.46454275
9 7 0.46458915
10 7 0.46456107
11 7 0.46454176
12 7 0.4644417
13 7 0.4641465
14 7 0.46399415
15 7 0.463854
16 7 0.4636836
17 7 0.46359304
18 7 0.46354786
19 7 0.4635762
20 7 0.4636228
21 7 0.4638003
22 7 0.46402517
23 7 0.46441334
24 7 0.4646736
25 7 0.46500516
26 7 0.46538603
27 7 0.4656597
28 7 0.46598515
29 7 0.46630988
30 7 0.46658134
0 8 0.4671944
1 8 0.46730745
2 8 0.46716243
3 8 0.46703914
4 8 0.46665022
5 8 0.46589774
6 8 0.46527177
7 8 0.46455398
8 8 0.4644961
9 8 0.46460134
10 8 0.4645845
11 8 0.46440995
12 8 0.46411744
13 8 0.46389112
14 8 0.46358594
15 8 0.46328688
16 8 0.46300367
17 8 0.4627146
18 8 0.46254808
19 8 0.46245018
20 8 0.46244702
21 8 0.4625603
22 8 0.4627766
23 8 0.46311012
24 8 0.46353638
25 8 0.46386304
26 8 0.4642449
27 8 0.46460035
28 8 0.46495584
29 8 0.46537796
30 8 0.46565506
0 9 0.46628717
1 9 0.46625614
2 9 0.4661092
3 9 0.46593902
4 9 0.46552104
5 9 0.46464846
6 9 0.46404055
7 9 0.46337134
8 9 0.463365
9 9 0.4633135
10 9 0.4631411
11 9 0.46296242
12 9 0.4627219
13 9 0.46115696
14 9 0.45982248
15 9 0.4594853
16 9 6.69688E-4
17 9 0.0016377204
18 9 0.008899062
19 9 -0.0016169681
20 9 0.07174329
21 9 0.15016855
22 9 0.19017991
23 9 0.21259212
24 9 0.23001133
25 9 0.24406868
26 9 0.25589502
27 9 0.26621673
28 9 0.2752254
29 9 0.2832497
30 9 0.2904539
0 10 0.21296835
1 10 0.23452996
2 10 0.25010294
3 10 0.2628192
4 10 0.27611068
5 10 0.2850246
6 10 0.29236823
7 10 0.29942742
8 10 0.3048838
9 10 0.309234
10 10 0.31364956
11 10 0.31764987
12 10 0.32130593
13 10 0.32480183
14 10 0.12334271
15 10 0.047528803
16 10 9.0162514E-4
17 10 0.001970489
18 10 -0.0015280995
19 10 -0.001518822
20 10 -0.0011714046
21 10 0.088762835
22 10 0.1457449
23 10 0.1740969
24 10 0.19308914
25 10 0.20750366
26 10 0.21964692
27 10 0.23186219
28 10 0.24059352
29 10 0.24819447
30 10 0.2551245
0 11 0.19113623
1 11 0.21078326
2 11 0.22725274
3 11 0.23845042
4 11 0.24842787
5 11 0.25636598
6 11 0.2629005
7 11 0.26876852
8 11 0.27356765
9 11 0.27764097
10 11 0.2817675
11 11 0.28538913
12 11 0.28922024
13 11 0.2906983
14 11 -0.0019114062
15 11 -0.0020129702
16 11 0.0071854126
17 11 -0.001977081
18 11 -0.0015901122
19 11 -0.0013249714
20 11 -8.8160526E-4
21 11 -0.0016098879
22 11 0.07577851
23 11 0.13800968
24 11 0.16186917
25 11 0.1789893
26 11 0.19218068
27 11 0.20348626
28 11 0.21290828
29 11 0.22158444
30 11 0.22917295
0 12 0.20084219
1 12 0.21583705
2 12 0.22701177
3 12 0.23667574
4 12 0.24684289
5 12 0.2527883
6 12 0.25824028
7 12 0.2633412
8 12 0.26774386
9 12 0.27149364
10 12 0.27505988
11 12 0.27897668
12 12 0.28063712
13 12 0.2801549
14 12 0.28143033
15 12 0.24255279
16 12 0.1704694
17 12 0.005853361
18 12 -2.707561E-4
19 12 -5.832609E-4
20 12 -0.0010346838
21 12 -0.001373312
22 12 0.057702053
23 12 0.13050517
24 12 0.16265605
25 12 0.1802652
26 12 0.19405839
27 12 0.20519015
28 12 0.21482043
29 12 0.22306542
30 12 0.23016173
0 13 0.20041493
1 13 0.21476208
2 13 0.22752155
3 13 0.23665597
4 13 0.24409871
5 13 0.24977897
6 13 0.25444433
7 13 0.25897712
8 13 0.26306945
9 13 0.2664074
10 13 0.269687
11 13 0.27296415
12 13 0.27392727
13 13 0.2764222
14 13 0.27847862
15 13 0.28063247
16 13 0.283185
17 13 0.28006655
18 13 0.007145861
19 13 8.15198E-4
20 13 -0.0011716487
21 13 -0.0013037309
22 13 -0.0017744412
23 13 0.09494384
24 13 0.14099507
25 13 0.1654205
26 13 0.18261193
27 13 0.1983717
28 13 0.20883523
29 13 0.21776041
30 13 0.22547
0 14 0.20075063
1 14 0.21403794
2 14 0.22420216
3 14 0.23321694
4 14 0.24217704
5 14 0.2472013
6 14 0.25193867
7 14 0.25632107
8 14 0.26029232
9 14 0.26361072
10 14 0.26660687
11 14 0.2693779
12 14 0.2711687
13 14 0.27231836
14 14 0.27435794
15 14 0.27761874
16 14 0.26526016
17 14 0.19660969
18 14 0.010005524
19 14 -0.0017644312
20 14 -4.931716E-5
21 14 -0.0018086215
22 14 9.4679184E-4
23 14 0.10158554
24 14 0.14483792
25 14 0.16827601
26 14 0.1847372
27 14 0.19741781
28 14 0.20796168
29 14 0.21832365
30 14 0.22549246
0 15 0.18722942
1 15 0.20296599
2 15 0.21425426
3 15 0.22420582
4 15 0.23254775
5 15 0.23941113
6 15 0.24419343
7 15 0.24877138
8 15 0.2541433
9 15 0.25775516
10 15 0.261004
11 15 0.26417714
12 15 0.26500747
13 15 0.2670136
14 15 0.09566968
15 15 0.001743679
16 15 0.112099856
17 15 0.14451441
18 15 0.057328515
19 15 -0.0019975891
20 15 -0.0010476235
21 15 -0.0017151141
22 15 -0.0016885024
23 15 0.09387058
24 15 0.13807878
25 15 0.16526937
26 15 0.18092562
27 15 0.19332205
28 15 0.20349017
29 15 0.21199323
30 15 0.2193244
0 16 0.1889521
1 16 0.20348993
2 16 0.21394688
3 16 0.22249486
4 16 0.23224598
5 16 0.24082057
6 16 0.24469516
7 16 0.24811317
8 16 0.2523354
9 16 0.255364
10 16 0.2571863
11 16 0.25926447
12 16 0.2618165
13 16 0.26306334
14 16 0.12047889
15 16 0.05323104
16 16 0.13261189
17 16 -0.0021448082
18 16 -3.8110933E-4
19 16 -0.0016001221
20 16 -0.0021540858
21 16 -0.0012937209
22 16 0.065952666
23 16 0.1256467
24 16 0.15190637
25 16 0.1697819
26 16 0.18370032
27 16 0.19693832
28 16 0.20609055
29 16 0.21379307
30 16 0.22052413
0 17 0.19940759
1 17 0.21092974
2 17 0.21965668
3 17 0.22700493
4 17 0.23469451
5 17 0.23920068
6 17 0.24406403
7 17 0.24782483
8 17 0.25123015
9 17 0.254218
10 17 0.2571924
11 17 0.26023445
12 17 0.26089463
13 17 0.2627284
14 17 0.26492617
15 17 0.2673144
16 17 0.23508807
17 17 -4.931716E-5
18 17 -0.0013611048
19 17 -8.684215E-4
20 17 -0.0012353704
21 17 -0.0020144351
22 17 0.08668834
23 17 0.1421799
24 17 0.1643902
25 17 0.18034822
26 17 0.19278713
27 17 0.20303704
28 17 0.21161115
29 17 0.21899994
30 17 0.22540213
0 18 0.19590779
1 18 0.20897096
2 18 0.21864909
3 18 0.22651836
4 18 0.23302871
5 18 0.23860691
6 18 0.24299444
7 18 0.24722815
8 18 0.25154608
9 18 0.25428855
10 18 0.25763357
11 18 0.2603416
12 18 0.104197636
13 18 0.1821185
14 18 0.1837594
15 18 0.10326354
16 18 -0.001153338
17 18 -0.0011421073
18 18 -0.001009781
19 18 -0.0019731747
20 18 -0.0012893263
21 18 0.09840434
22 18 0.13737197
23 18 0.15873167
24 18 0.17398094
25 18 0.18589494
26 18 0.19553131
27 18 0.20372333
28 18 0.21076274
29 18 0.21687172
30 18 0.22344287
0 19 0.17674172
1 19 0.19282253
2 19 0.20394062
3 19 0.21457872
4 19 0.22167453
5 19 0.22741193
6 19 0.23198085
7 19 0.2367817
8 19 0.24057253
9 19 0.2436031
10 19 0.24658263
11 19 0.24934244
12 19 0.25190863
13 19 0.005348959
14 19 0.013437705
15 19 -0.0017261006
16 19 -9.472801E-4
17 19 -0.0011198901
18 19 0.002504921
19 19 0.0029678189
20 19 0.08935366
21 19 0.13096954
22 19 0.15267177
23 19 0.1679242
24 19 0.17969903
25 19 0.18929635
26 19 0.19728476
27 19 0.2056816
28 19 0.2117281
29 19 0.21694644
30 19 0.22167209
0 20 0.17940289
1 20 0.19394998
2 20 0.20403364
3 20 0.21211067
4 20 0.21922113
5 20 0.22446413
6 20 0.22982138
7 20 0.23376872
8 20 0.23722237
9 20 0.24045387
10 20 0.24314581
11 20 0.24573447
12 20 0.24819666
13 20 0.25035638
14 20 0.25233564
15 20 0.0010034334
16 20 0.007789426
17 20 -0.0017685817
18 20 -0.0019875793
19 20 0.10157284
20 20 0.14377564
21 20 0.16478084
22 20 0.1791651
23 20 0.19020262
24 20 0.19915807
25 20 0.20658568
26 20 0.21292342
27 20 0.21847503
28 20 0.22340626
29 20 0.22786164
30 20 0.23263516
0 21 0.24751136
1 21 0.24961881
2 21 0.25179365
3 21 0.25400656
4 21 0.25623903
5 21 0.25845683
6 21 0.26002938
7 21 0.26171958
8 21 0.2636986
9 21 0.26504654
10 21 0.26648578
11 21 0.2680202
12 21 0.26936156
13 21 0.2707971
14 21 0.27197486
15 21 0.2729656
16 21 0.274117
17 21 0.27517217
18 21 0.27646518
19 21 0.27769053
20 21 0.2789442
21 21 0.2802118
22 21 0.28153652
23 21 0.2828686
24 21 0.2841269
25 21 0.28528145
26 21 0.28648216
27 21 0.28770313
28 21 0.28880593
29 21 0.2901895
30 21 0.2912281
0 22 0.29559925
1 22 0.29622498
2 22 0.29674062
3 22 0.29739395
4 22 0.29806682
5 22 0.29877728
6 22 0.29947576
7 22 0.30061567
8 22 0.30138278
9 22 0.30201072
10 22 0.3027097
11 22 0.3032993
12 22 0.30397072
13 22 0.3045513
14 22 0.305241
15 22 0.30579716
16 22 0.3064173
17 22 0.30702668
18 22 0.30765876
19 22 0.30827668
20 22 0.30895516
21 22 0.3096644
22 22 0.31030357
23 22 0.31102845
24 22 0.31170595
25 22 0.31230068
26 22 0.31297794
27 22 0.31369424
28 22 0.3142929
29 22 0.31494403
30 22 0.31556636
0 23 0.3182705
1 23 0.31859204
2 23 0.3196897
3 23 0.3200552
4 23 0.32004324
5 23 0.320418
6 23 0.32079908
7 23 0.32180205
8 23 0.32225055
9 23 0.3226624
10 23 0.32313433
11 23 0.32349738
12 23 0.32397443
13 23 0.32436946
14 23 0.324774
15 23 0.32523715
16 23 0.3256114
17 23 0.32606897
18 23 0.32652476
19 23 0.326995
20 23 0.32755384
21 23 0.32805383
22 23 0.3285199
23 23 0.32901675
24 23 0.32952726
25 23 0.33004948
26 23 0.33053043
27 23 0.33106512
28 23 0.3315246
29 23 0.3320656
30 23 0.33251485
0 24 0.3346577
1 24 0.33480784
2 24 0.33498022
3 24 0.33507934
4 24 0.335031
5 24 0.3352932
6 24 0.3354612
7 24 0.33613405
8 24 0.33635792
9 24 0.33662698
10 24 0.33706447
11 24 0.33736014
12 24 0.3377542
13 24 0.33806646
14 24 0.33839533
15 24 0.33874542
16 24 0.33911213
17 24 0.33947834
18 24 0.33981183
19 24 0.34024715
20 24 0.34050277
21 24 0.3409095
22 24 0.34133407
23 24 0.34175864
24 24 0.34216905
25 24 0.3425106
26 24 0.34285828
27 24 0.3433031
28 24 0.34363392
29 24 0.34399623
30 24 0.3443417
0 25 0.34613714
1 25 0.34631732
2 25 0.34631902
3 25 0.34631535
4 25 0.34624723
5 25 0.3462924
6 25 0.34631535
7 25 0.34682953
8 25 0.3471269
9 25 0.3473869
10 25 0.34766474
11 25 0.34791157
12 25 0.34825388
13 25 0.3484321
14 25 0.348675
15 25 0.34890354
16 25 0.34925902
17 25 0.3494653
18 25 0.3497871
19 25 0.35006103
20 25 0.35035935
21 25 0.35070994
22 25 0.3511006
23 25 0.3514077
24 25 0.3517942
25 25 0.3521316
26 25 0.35241067
27 25 0.35278273
28 25 0.3531448
29 25 0.35345316
30 25 0.3538218
0 26 0.35533306
1 26 0.3554483
2 26 0.35539338
3 26 0.35543758
4 26 0.3555572
5 26 0.35594198
6 26 0.35604134
7 26 0.35629207
8 26 0.3566202
9 26 0.35684556
10 26 0.35699326
11 26 0.35722592
12 26 0.35737926
13 26 0.35760775
14 26 0.35784557
15 26 0.3580387
16 26 0.35830578
17 26 0.35839805
18 26 0.35863072
19 26 0.3588551
20 26 0.35911658
21 26 0.3593534
22 26 0.3596129
23 26 0.35993594
24 26 0.36030507
25 26 0.3605138
26 26 0.36083388
27 26 0.36120573
28 26 0.36141056
29 26 0.36184782
30 26 0.3621435
0 27 0.3633542
1 27 0.36350924
2 27 0.36344966
3 27 0.363342
4 27 0.36365107
5 27 0.36403194
6 27 0.3641855
7 27 0.36437717
8 27 0.36484322
9 27 0.36510348
10 27 0.36529392
11 27 0.3653701
12 27 0.36551902
13 27 0.36567333
14 27 0.36588255
15 27 0.36599216
16 27 0.36616552
17 27 0.36635327
18 27 0.36656272
19 27 0.36673412
20 27 0.36686766
21 27 0.36706105
22 27 0.36731032
23 27 0.36749563
24 27 0.36771974
25 27 0.36791432
26 27 0.36817458
27 27 0.36837283
28 27 0.36857668
29 27 0.36884648
30 27 0.36908597
0 28 0.37002447
1 28 0.37031767
2 28 0.37007865
3 28 0.36998442
4 28 0.37032768
5 28 0.37078032
6 28 0.37083867
7 28 0.3707818
8 28 0.37122858
9 28 0.37156573
10 28 0.37182477
11 28 0.37188607
12 28 0.3720289
13 28 0.37221515
14 28 0.37235042
15 28 0.372389
16 28 0.37252304
17 28 0.37266123
18 28 0.37282944
19 28 0.3729332
20 28 0.3731815
21 28 0.37337118
22 28 0.3734979
23 28 0.37375304
24 28 0.37392294
25 28 0.37414318
26 28 0.37436363
27 28 0.37452257
28 28 0.37476942
29 28 0.37494567
30 28 0.37522888
0 29 0.376027
1 29 0.37612978
2 29 0.37597963
3 29 0.37575793
4 29 0.37584585
5 29 0.37616372
6 29 0.37614125
7 29 0.37593764
8 29 0.37631655
9 29 0.3765917
10 29 0.37682804
11 29 0.37691495
12 29 0.37705287
13 29 0.37729093
14 29 0.37738174
15 29 0.3774843
16 29 0.37762344
17 29 0.37780315
18 29 0.37790665
19 29 0.37807414
20 29 0.3782841
21 29 0.37839812
22 29 0.3785595
23 29 0.3787536
24 29 0.37892962
25 29 0.3791391
26 29 0.379372
27 29 0.37947553
28 29 0.37967646
29 29 0.3798603
30 29 0.38002264
0 30 0.38076216
1 30 0.38079342
2 30 0.3805886
3 30 0.3802497
4 30 0.38026264
5 30 0.38038912
6 30 0.38030854
7 30 0.3802026
8 30 0.38040474
9 30 0.3806699
10 30 0.38083053
11 30 0.38090914
12 30 0.38100728
13 30 0.38114646
14 30 0.38127854
15 30 0.38140085
16 30 0.38150877
17 30 0.38162646
18 30 0.38174582
19 30 0.381874
20 30 0.38196775
21 30 0.38213867
22 30 0.38234422
23 30 0.38244042
24 30 0.38260743
25 30 0.3827705
26 30 0.38290015
27 30 0.3830669
28 30 0.3832942
29 30 0.38343677
30 30 0.38365674
