0 0 0.5426587
1 0 0.54274464
2 0 0.542282
3 0 0.53932637
4 0 0.53653455
5 0 0.5347977
6 0 0.5335155
7 0 0.5327884
8 0 0.5322633
9 0 0.5319747
10 0 0.53200376
11 0 0.5317183
12 0 0.5317042
13 0 0.53149396
14 0 0.53249055
15 0 0.5322247
16 0 0.53254426
17 0 0.5321224
18 0 0.5339923
19 0 0.5348097
20 0 0.5345897
21 0 0.5338241
22 0 0.53368175
23 0 0.5332694
24 0 0.5331461
25 0 0.53310144
26 0 0.5341329
27 0 0.5346461
28 0 0.53373814
29 0 0.533025
30 0 0.5330238
0 1 0.5446189
1 1 0.54468995
2 1 0.5441597
3 1 0.5429546
4 1 0.54067576
5 1 0.5366396
6 1 0.5351073
7 1 0.53310484
8 1 0.5337235
9 1 0.53416735
10 1 0.5360846
11 1 0.5361654
12 1 0.5368876
13 1 0.53665346
14 1 0.5370934
15 1 0.53784174
16 1 0.5389221
17 1 0.53922164
18 1 0.5387758
19 1 0.5397812
20 1 0.53943133
21 1 0.5400969
22 1 0.5401899
23 1 0.54064935
24 1 0.5407385
25 1 0.54096484
26 1 0.5411687
27 1 0.54107666
28 1 0.5413779
29 1 0.54155225
30 1 0.54158837
0 2 0.5423118
1 2 0.5426582
2 2 0.54244775
3 2 0.5419475
4 2 0.5413928
5 2 0.5387455
6 2 0.53694963
7 2 0.5363229
8 2 0.53570914
9 2 0.53472793
10 2 0.5352848
11 2 0.53623646
12 2 0.53617543
13 2 0.5371415
14 2 0.5374999
15 2 0.53773725
16 2 0.53866327
17 2 0.5390097
18 2 0.5389582
19 2 0.5394904
20 2 0.5391435
21 2 0.5394885
22 2 0.53970355
23 2 0.53968817
24 2 0.54002386
25 2 0.54012984
26 2 0.5400703
27 2 0.54005903
28 2 0.53985155
29 2 0.54006296
30 2 0.54016453
0 3 0.5419741
1 3 0.5421997
2 3 0.5421909
3 3 0.5418005
4 3 0.5412478
5 3 0.539227
6 3 0.5379255
7 3 0.5371112
8 3 0.5367763
9 3 0.5367162
10 3 0.5371664
11 3 0.53771967
12 3 0.5377592
13 3 0.5378881
14 3 0.5381264
15 3 0.5381496
16 3 0.53834224
17 3 0.5388395
18 3 0.5390361
19 3 0.53921384
20 3 0.53936493
21 3 0.539488
22 3 0.53968453
23 3 0.5397524
24 3 0.5398815
25 3 0.5398828
26 3 0.5398537
27 3 0.53982955
28 3 0.53984934
29 3 0.5399174
30 3 0.53991354
0 4 0.54134595
1 4 0.5415505
2 4 0.54120994
3 4 0.54069775
4 4 0.5398891
5 4 0.53865105
6 4 0.53708047
7 4 0.5365988
8 4 0.53665495
9 4 0.536808
10 4 0.5369108
11 4 0.53768057
12 4 0.5379028
13 4 0.5379926
14 4 0.5384167
15 4 0.53869087
16 4 0.53869915
17 4 0.5389079
18 4 0.53911054
19 4 0.53920454
20 4 0.53938323
21 4 0.5393711
22 4 0.5395622
23 4 0.53968596
24 4 0.5396982
25 4 0.53968793
26 4 0.53972137
27 4 0.53978026
28 4 0.5398403
29 4 0.53972995
30 4 0.5399204
0 5 0.5410371
1 5 0.54119873
2 5 0.5411899
3 5 0.54079247
4 5 0.5398481
5 5 0.5391577
6 5 0.5387226
7 5 0.5374994
8 5 0.537673
9 5 0.53768545
10 5 0.53794914
11 5 0.5382289
12 5 0.5384848
13 5 0.5386706
14 5 0.53868157
15 5 0.5387319
16 5 0.53887933
17 5 0.53889155
18 5 0.53891057
19 5 0.5389858
20 5 0.53887445
21 5 0.5390368
22 5 0.5391328
23 5 0.539196
24 5 0.53920037
25 5 0.5393459
26 5 0.5395209
27 5 0.5395358
28 5 0.5396391
29 5 0.5396816
30 5 0.53969085
0 6 0.54088056
1 6 0.54098
2 6 0.540958
3 6 0.54040354
4 6 0.5395959
5 6 0.5388298
6 6 0.53842765
7 6 0.5379384
8 6 0.5380197
9 6 0.5379367
10 6 0.5382006
11 6 0.5386699
12 6 0.53872794
13 6 0.538829
14 6 0.53889984
15 6 0.5389902
16 6 0.5390341
17 6 0.5391244
18 6 0.5391464
19 6 0.5391555
20 6 0.5390417
21 6 0.5390573
22 6 0.5391901
23 6 0.5392165
24 6 0.53922117
25 6 0.5392114
26 6 0.5392187
27 6 0.538893
28 6 0.53879684
29 6 0.5388122
30 6 0.53886276
0 7 0.5401943
1 7 0.54046506
2 7 0.5403242
3 7 0.54008347
4 7 0.5394543
5 7 0.53878385
6 7 0.53862643
7 7 0.538019
8 7 0.53816617
9 7 0.5381608
10 7 0.53844357
11 7 0.53870773
12 7 0.5387597
13 7 0.53885883
14 7 0.5389626
15 7 0.5390297
16 7 0.5390627
17 7 0.5391308
18 7 0.539185
19 7 0.53922236
20 7 0.53931296
21 7 0.5393095
22 7 0.5392331
23 7 0.5392192
24 7 0.53920895
25 7 0.5391704
26 7 0.5391782
27 7 0.539152
28 7 0.53897727
29 7 0.5389499
30 7 0.5389626
0 8 0.5403657
1 8 0.540633
2 8 0.54064476
3 8 0.5402632
4 8 0.53976023
5 8 0.5390063
6 8 0.5387421
7 8 0.5383222
8 8 0.53821284
9 8 0.53828657
10 8 0.53870773
11 8 0.5389611
12 8 0.5389838
13 8 0.5390097
14 8 0.53898066
15 8 0.5390217
16 8 0.5390571
17 8 0.53905755
18 8 0.53900045
19 8 0.5391328
20 8 0.53918743
21 8 0.53924507
22 8 0.5392883
23 8 0.53933686
24 8 0.539352
25 8 0.53924114
26 8 0.5392353
27 8 0.539227
28 8 0.53925484
29 8 0.53926706
30 8 0.5392988
0 9 0.34512466
1 9 0.3752577
2 9 0.39483416
3 9 0.40915176
4 9 0.42278233
5 9 0.4324297
6 9 0.44013783
7 9 0.44659057
8 9 0.45225325
9 9 0.4572814
10 9 0.46177
11 9 0.4657315
12 9 0.46907407
13 9 0.4721398
14 9 0.47360247
15 9 -0.0021116047
16 9 -0.0022876326
17 9 -0.0022292822
18 9 -0.002325475
19 9 -0.002322301
20 9 0.12999637
21 9 0.22758771
22 9 0.26810566
23 9 0.2945316
24 9 0.31408292
25 9 0.32945573
26 9 0.34443495
27 9 0.35487163
28 9 0.36395088
29 9 0.37182942
30 9 0.37881708
0 10 0.28672996
1 10 0.31540376
2 10 0.33376098
3 10 0.3472895
4 10 0.35992053
5 10 0.36862233
6 10 0.37619838
7 10 0.3830852
8 10 0.38894027
9 10 0.39406657
10 10 0.3988467
11 10 0.40296564
12 10 0.4065863
13 10 -0.0017534448
14 10 -6.894637E-4
15 10 -0.002315221
16 10 -0.0023445182
17 10 -0.0023435417
18 10 -0.0023435417
19 10 -0.0023442742
20 10 -0.001909209
21 10 0.09452098
22 10 0.18443935
23 10 0.22773346
24 10 0.25402316
25 10 0.2733582
26 10 0.28889358
27 10 0.3017314
28 10 0.31478852
29 10 0.32416707
30 10 0.33244944
0 11 0.25878617
1 11 0.28586864
2 11 0.30333203
3 11 0.31612396
4 11 0.32619786
5 11 0.33490625
6 11 0.34411514
7 11 0.3511179
8 11 0.35722446
9 11 0.36231512
10 11 0.36695287
11 11 0.3716783
12 11 0.37504017
13 11 -0.0020698558
14 11 -0.0022536966
15 11 -0.001713161
16 11 0.0026037996
17 11 0.006482277
18 11 -0.002306676
19 11 -0.002345495
20 11 -0.0023452507
21 11 -0.0023452507
22 11 0.1245605
23 11 0.19262624
24 11 0.2258704
25 11 0.24876675
26 11 0.26688275
27 11 0.28132218
28 11 0.29350084
29 11 0.30397364
30 11 0.31469575
0 12 0.25018692
1 12 0.27551934
2 12 0.29210946
3 12 0.30429518
4 12 0.314185
5 12 0.32305425
6 12 0.33062616
7 12 0.33709794
8 12 0.34323254
9 12 0.34878048
10 12 0.35395512
11 12 0.3586129
12 12 0.36061734
13 12 0.36262664
14 12 0.21652724
15 12 -0.0019902647
16 12 -0.002291539
17 12 -0.0023376823
18 12 -0.0023384148
19 12 -0.0022431985
20 12 0.035278127
21 12 -0.002345495
22 12 0.10335534
23 12 0.18194273
24 12 0.21758194
25 12 0.24087723
26 12 0.25909185
27 12 0.27375564
28 12 0.28603366
29 12 0.29635367
30 12 0.30552006
0 13 0.2379348
1 13 0.26372302
2 13 0.28046817
3 13 0.29295638
4 13 0.30318922
5 13 0.3118749
6 13 0.31933546
7 13 0.32645616
8 13 0.33267257
9 13 0.3376885
10 13 0.34248888
11 13 0.34713152
12 13 0.34940818
13 13 0.3516018
14 13 0.3543189
15 13 -0.0012739453
16 13 0.009608057
17 13 -0.0022656596
18 13 -0.0023413445
19 13 -0.0023450067
20 13 -0.0023452507
21 13 -0.0023459832
22 13 -0.00226273
23 13 0.12782934
24 13 0.18822798
25 13 0.22022188
26 13 0.24286968
27 13 0.2592491
28 13 0.27279714
29 13 0.2841364
30 13 0.2938602
0 14 0.26009822
1 14 0.27860948
2 14 0.29324374
3 14 0.30288306
4 14 0.31079185
5 14 0.31756273
6 14 0.32395563
7 14 0.32972917
8 14 0.334937
9 14 0.33920953
10 14 0.3433705
11 14 0.34647062
12 14 0.34821725
13 14 0.35184962
14 14 0.3548072
15 14 0.3576168
16 14 0.025229879
17 14 -0.0022300147
18 14 -0.0023047228
19 14 -0.002340856
20 14 -0.0023430535
21 14 -0.0023435417
22 14 -0.0023384148
23 14 0.113177516
24 14 0.19075365
25 14 0.22091915
26 14 0.24092166
27 14 0.2570911
28 14 0.27091578
29 14 0.28206265
30 14 0.2915396
0 15 0.25298557
1 15 0.2728301
2 15 0.28590623
3 15 0.29788688
4 15 0.30599174
5 15 0.31289053
6 15 0.31933472
7 15 0.3251202
8 15 0.33051383
9 15 0.33502856
10 15 0.33937603
11 15 0.34343642
12 15 0.3452919
13 15 0.34810713
14 15 -0.001621851
15 15 0.18476234
16 15 0.17958526
17 15 0.064850844
18 15 6.538186E-4
19 15 -0.0023403678
20 15 -0.0023420767
21 15 -0.0023430535
22 15 -0.0023430535
23 15 0.12184366
24 15 0.1790003
25 15 0.20952688
26 15 0.23072374
27 15 0.2472494
28 15 0.2605455
29 15 0.2715415
30 15 0.28081167
0 16 0.2229309
1 16 0.24814174
2 16 0.26443496
3 16 0.27648395
4 16 0.28806153
5 16 0.2964103
6 16 0.30330372
7 16 0.3095599
8 16 0.31497455
9 16 0.32006985
10 16 0.32472932
11 16 0.3277577
12 16 0.33004338
13 16 -0.0020600902
14 16 9.382468E-4
15 16 -0.0022864118
16 16 0.054165624
17 16 -0.0023403678
18 16 -0.0023442742
19 16 -0.0018791792
20 16 -0.0023428092
21 16 -0.0022805524
22 16 0.089658596
23 16 0.15986842
24 16 0.19080444
25 16 0.21261019
26 16 0.22935776
27 16 0.24288653
28 16 0.25414184
29 16 0.26383755
30 16 0.27219093
0 17 0.22948325
1 17 0.24998747
2 17 0.26384583
3 17 0.27439237
4 17 0.28302434
5 17 0.29042265
6 17 0.29743034
7 17 0.30374536
8 17 0.30901206
9 17 0.3139372
10 17 0.3193357
11 17 0.32206768
12 17 0.3253961
13 17 0.32865712
14 17 0.110124245
15 17 -0.002031037
16 17 -0.0022571145
17 17 -0.0023364616
18 17 -0.0023384148
19 17 -0.0022197606
20 17 0.0031699704
21 17 -0.0023420767
22 17 0.07830711
23 17 0.16204447
24 17 0.19185719
25 17 0.2124698
26 17 0.22845784
27 17 0.24136038
28 17 0.25217843
29 17 0.26141146
30 17 0.2694194
0 18 0.21508117
1 18 0.23879199
2 18 0.2542683
3 18 0.26783735
4 18 0.27675593
5 18 0.28449264
6 18 0.29157257
7 18 0.29817864
8 18 0.30389112
9 18 0.30902767
10 18 0.31380022
11 18 0.31809568
12 18 -0.0016733655
13 18 -0.00227982
14 18 -0.002306676
15 18 -0.0023342643
16 18 -0.0023359733
17 18 -0.0021113604
18 18 -0.0021846038
19 18 0.059084643
20 18 -0.0023096057
21 18 0.063406
22 18 0.14450221
23 18 0.1753479
24 18 0.19676058
25 18 0.2131417
26 18 0.2264937
27 18 0.2397644
28 18 0.24907437
29 18 0.25720218
30 18 0.2644015
0 19 0.21262386
1 19 0.23506902
2 19 0.24977408
3 19 0.26094905
4 19 0.2714944
5 19 0.27909386
6 19 0.2863652
7 19 0.2927723
8 19 0.2983476
9 19 0.3033113
10 19 0.30790365
11 19 0.31214637
12 19 0.31592354
13 19 0.001160174
14 19 -0.002227329
15 19 -0.0021640956
16 19 0.02789984
17 19 -0.0010417639
18 19 -0.0022024263
19 19 -0.0023384148
20 19 -0.0023291372
21 19 0.095941655
22 19 0.15203089
23 19 0.18096858
24 19 0.20111708
25 19 0.21682973
26 19 0.23197743
27 19 0.2424246
28 19 0.2514211
29 19 0.25923467
30 19 0.26606876
0 20 0.22683404
1 20 0.24617955
2 20 0.2591158
3 20 0.26886666
4 20 0.27684847
5 20 0.28555125
6 20 0.29213068
7 20 0.29777214
8 20 0.30268186
9 20 0.3071734
10 20 0.3114535
11 20 0.3154736
12 20 0.31915283
13 20 0.32246417
14 20 0.324868
15 20 0.32732776
16 20 0.3307536
17 20 0.33368626
18 20 0.33635086
19 20 0.33884186
20 20 0.34124985
21 20 0.34349403
22 20 0.34563467
23 20 0.34767208
24 20 0.349519
25 20 0.35129663
26 20 0.3528604
27 20 0.35467878
28 20 0.35602474
29 20 0.35728964
30 20 0.35839415
0 21 0.3659939
1 21 0.3673865
2 21 0.36863112
3 21 0.3698677
4 21 0.3710577
5 21 0.37280697
6 21 0.37407774
7 21 0.37529677
8 21 0.3764667
9 21 0.3778085
10 21 0.379101
11 21 0.3804028
12 21 0.38162035
13 21 0.3827461
14 21 0.38387722
15 21 0.3849097
16 21 0.38619146
17 21 0.38724175
18 21 0.3882208
19 21 0.38912484
20 21 0.39004332
21 21 0.3909232
22 21 0.39181802
23 21 0.3925685
24 21 0.3933793
25 21 0.39397624
26 21 0.39463738
27 21 0.3953791
28 21 0.39583907
29 21 0.3963635
30 21 0.39666843
0 22 0.400491
1 22 0.40117875
2 22 0.40177518
3 22 0.4024107
4 22 0.40285066
5 22 0.4037508
6 22 0.40441
7 22 0.4051009
8 22 0.405922
9 22 0.4066261
10 22 0.4074452
11 22 0.4082765
12 22 0.40891495
13 22 0.4095861
14 22 0.41029266
15 22 0.41098186
16 22 0.4116728
17 22 0.412331
18 22 0.41281223
19 22 0.41343698
20 22 0.41394556
21 22 0.41446534
22 22 0.41495362
23 22 0.41544947
24 22 0.41594827
25 22 0.41638187
26 22 0.41657767
27 22 0.4169451
28 22 0.4172244
29 22 0.4174622
30 22 0.41769463
0 23 0.4199825
1 23 0.42048153
2 23 0.42088974
3 23 0.42119223
4 23 0.42146885
5 23 0.42192832
6 23 0.42242932
7 23 0.42269322
8 23 0.42318714
9 23 0.42379236
10 23 0.42445448
11 23 0.42493227
12 23 0.42544866
13 23 0.42587736
14 23 0.42639935
15 23 0.4267597
16 23 0.42730537
17 23 0.42771748
18 23 0.42815962
19 23 0.4285549
20 23 0.42896774
21 23 0.4293779
22 23 0.42969432
23 23 0.42999268
24 23 0.4303745
25 23 0.43056664
26 23 0.43087524
27 23 0.43103614
28 23 0.43127248
29 23 0.43146852
30 23 0.43151098
0 24 0.4332327
1 24 0.43355912
2 24 0.4339351
3 24 0.43409696
4 24 0.43428373
5 24 0.43448225
6 24 0.43464753
7 24 0.43493488
8 24 0.43541217
9 24 0.43582746
10 24 0.43632016
11 24 0.43668613
12 24 0.43701547
13 24 0.43747982
14 24 0.43771982
15 24 0.43802306
16 24 0.43847057
17 24 0.4387394
18 24 0.43901527
19 24 0.43946108
20 24 0.43966395
21 24 0.43998182
22 24 0.4401935
23 24 0.44049478
24 24 0.44067374
25 24 0.440923
26 24 0.4410314
27 24 0.44124624
28 24 0.44148162
29 24 0.44150382
30 24 0.44162932
0 25 0.44298628
1 25 0.4432758
2 25 0.44350728
3 25 0.44369355
4 25 0.4437512
5 25 0.44384322
6 25 0.4441318
7 25 0.44434932
8 25 0.44452634
9 25 0.4449067
10 25 0.44523093
11 25 0.44551486
12 25 0.4458464
13 25 0.446177
14 25 0.44650367
15 25 0.44679052
16 25 0.44707546
17 25 0.44748536
18 25 0.4476282
19 25 0.44794068
20 25 0.44809815
21 25 0.44844484
22 25 0.44852933
23 25 0.44870412
24 25 0.44891116
25 25 0.44903618
26 25 0.44919997
27 25 0.44937992
28 25 0.44951275
29 25 0.4495523
30 25 0.44966093
0 26 0.450982
1 26 0.451212
2 26 0.4515069
3 26 0.45153767
4 26 0.4515213
5 26 0.45151863
6 26 0.451795
7 26 0.45197883
8 26 0.45219833
9 26 0.45252937
10 26 0.45279673
11 26 0.45306307
12 26 0.45342588
13 26 0.45359263
14 26 0.4538839
15 26 0.45409092
16 26 0.45440757
17 26 0.45454943
18 26 0.45478356
19 26 0.45503163
20 26 0.4552638
21 26 0.45552114
22 26 0.4556339
23 26 0.45577455
24 26 0.45597354
25 26 0.45605165
26 26 0.45620912
27 26 0.45631924
28 26 0.45642176
29 26 0.45651552
30 26 0.45653042
0 27 0.45752653
1 27 0.45768058
2 27 0.45782438
3 27 0.45790252
4 27 0.45778507
5 27 0.4577443
6 27 0.45790446
7 27 0.45796013
8 27 0.45830315
9 27 0.45876533
10 27 0.45905438
11 27 0.45949093
12 27 0.45963153
13 27 0.45989814
14 27 0.46009836
15 27 0.4603813
16 27 0.46054024
17 27 0.46070138
18 27 0.46081394
19 27 0.461031
20 27 0.46119505
21 27 0.46139255
22 27 0.46153635
23 27 0.4616052
24 27 0.46176755
25 27 0.46186522
26 27 0.46201804
27 27 0.46204686
28 27 0.46209252
29 27 0.4621931
30 27 0.46227172
0 28 0.46303856
1 28 0.46323878
2 28 0.4634529
3 28 0.4634905
4 28 0.4631958
5 28 0.46304712
6 28 0.46324342
7 28 0.46341163
8 28 0.46353906
9 28 0.46389332
10 28 0.46433157
11 28 0.46457106
12 28 0.46483254
13 28 0.46506572
14 28 0.46533793
15 28 0.46554422
16 28 0.4657288
17 28 0.4658941
18 28 0.46606377
19 28 0.46627006
20 28 0.46652815
21 28 0.46656474
22 28 0.4667288
23 28 0.46685722
24 28 0.4670406
25 28 0.4670716
26 28 0.46719587
27 28 0.46732232
28 28 0.46743563
29 28 0.4675262
30 28 0.46754596
0 29 0.4683138
1 29 0.46854916
2 29 0.46862632
3 29 0.4686173
4 29 0.46849033
5 29 0.46832356
6 29 0.4685511
7 29 0.46863022
8 29 0.4687777
9 29 0.46904233
10 29 0.46933532
11 29 0.4695599
12 29 0.46979797
13 29 0.47002795
14 29 0.4702257
15 29 0.47051573
16 29 0.4705802
17 29 0.4707887
18 29 0.4709896
19 29 0.47106507
20 29 0.4712621
21 29 0.47150722
22 29 0.47156385
23 29 0.47168934
24 29 0.4718092
25 29 0.47193155
26 29 0.4720453
27 29 0.47206825
28 29 0.4720983
29 29 0.47215688
30 29 0.4721493
0 30 0.47306705
1 30 0.47332415
2 30 0.47352752
3 30 0.47347012
4 30 0.47305387
5 30 0.47293106
6 30 0.47306046
7 30 0.47314736
8 30 0.47335467
9 30 0.47362712
10 30 0.47397184
11 30 0.474091
12 30 0.47445527
13 30 0.47456977
14 30 0.47476166
15 30 0.47490814
16 30 0.47506538
17 30 0.47523114
18 30 0.47546944
19 30 0.47556415
20 30 0.4756689
21 30 0.47580805
22 30 0.47591794
23 30 0.47605562
24 30 0.47608176
25 30 0.47615597
26 30 0.47627828
27 30 0.47634104
28 30 0.47642893
29 30 0.47651756
30 30 0.47655198
