0 0 0.34496596
1 0 0.3451974
2 0 0.3420211
3 0 0.34567228
4 0 0.34575823
5 0 0.3459777
6 0 0.34684125
7 0 0.3477375
8 0 0.3480632
9 0 0.34854612
10 0 0.34897313
11 0 0.34942186
12 0 0.3496201
13 0 0.34979588
14 0 0.3498706
15 0 0.34991893
16 0 0.34988865
17 0 0.34990966
18 0 0.35012424
19 0 0.3502241
20 0 0.35030493
21 0 0.3503884
22 0 0.35050732
23 0 0.35064796
24 0 0.35091993
25 0 0.35110742
26 0 0.3512285
27 0 0.35137963
28 0 0.3514856
29 0 0.3515713
30 0 0.35184985
0 1 0.35245046
1 1 0.35317045
2 1 0.35414848
3 1 0.35559186
4 1 0.35986316
5 1 0.35914367
6 1 0.35626522
7 1 0.35553426
8 1 0.35508186
9 1 0.35546783
10 1 0.35632357
11 1 0.35680673
12 1 0.3573707
13 1 0.35758117
14 1 0.35778818
15 1 0.3580709
16 1 0.3580985
17 1 0.35818198
18 1 0.35828087
19 1 0.3583153
20 1 0.35832116
21 1 0.35830578
22 1 0.35831702
23 1 0.3583717
24 1 0.3584442
25 1 0.35852477
26 1 0.3585936
27 1 0.35869202
28 1 0.3587008
29 1 0.35863072
30 1 0.35863513
0 2 0.35766807
1 2 0.35823253
2 2 0.35919544
3 2 0.36055824
4 2 0.36053237
5 2 0.36290497
6 2 0.36268476
7 2 0.36034536
8 2 0.35965663
9 2 0.36000332
10 2 0.3601327
11 2 0.36047232
12 2 0.36052504
13 2 0.3604894
14 2 0.36047572
15 2 0.36041933
16 2 0.36038002
17 2 0.36028188
18 2 0.36009732
19 2 0.35992518
20 2 0.35980898
21 2 0.3596842
22 2 0.35966712
23 2 0.35958996
24 2 0.35972986
25 2 0.35982484
26 2 0.35988465
27 2 0.36003652
28 2 0.36012855
29 2 0.35981044
30 2 0.36006117
0 3 0.36018568
1 3 0.36080167
2 3 0.3613766
3 3 0.3625739
4 3 0.3630356
5 3 0.36360297
6 3 0.3611293
7 3 0.36075553
8 3 0.36001796
9 3 0.360204
10 3 0.36023012
11 3 0.36043617
12 3 0.36042592
13 3 0.36043105
14 3 0.36051553
15 3 0.36054263
16 3 0.36050698
17 3 0.36046156
18 3 0.3604506
19 3 0.3604584
20 3 0.36043715
21 3 0.36047035
22 3 0.3605109
23 3 0.3605358
24 3 0.36066225
25 3 0.36077163
26 3 0.36084634
27 3 0.36103165
28 3 0.3611076
29 3 0.36110905
30 3 0.36117375
0 4 0.36170647
1 4 0.36231193
2 4 0.36287445
3 4 0.36358416
4 4 0.3638249
5 4 0.3636694
6 4 0.3627624
7 4 0.36109293
8 4 0.36045206
9 4 0.3605336
10 4 0.36077994
11 4 0.36085805
12 4 0.3610143
13 4 0.36121622
14 4 0.3612472
15 4 0.36127165
16 4 0.3613876
17 4 0.36145964
18 4 0.3614406
19 4 0.36154312
20 4 0.36169866
21 4 0.36187786
22 4 0.36198723
23 4 0.36223602
24 4 0.36246428
25 4 0.36261225
26 4 0.36271527
27 4 0.36272088
28 4 0.3628122
29 4 0.36282733
30 4 0.3628151
0 5 0.36296088
1 5 0.36351654
2 5 0.36483493
3 5 0.3656882
4 5 0.36653882
5 5 0.36697313
6 5 0.36515403
7 5 0.36407173
8 5 0.36397675
9 5 0.3643281
10 5 0.36451072
11 5 0.3647502
12 5 0.36494064
13 5 0.36518258
14 5 0.36518624
15 5 0.36524388
16 5 0.36527318
17 5 0.3653071
18 5 0.3652556
19 5 0.3652153
20 5 0.365176
21 5 0.36521506
22 5 0.36524752
23 5 0.36412275
24 5 0.3642995
25 5 0.36445186
26 5 0.36449972
27 5 0.36460984
28 5 0.36484933
29 5 0.36371797
30 5 0.36349773
0 6 0.3642702
1 6 0.36465767
2 6 0.365947
3 6 0.36747485
4 6 0.37005302
5 6 0.3728773
6 6 0.37247005
7 6 0.37128985
8 6 0.3708023
9 6 0.37150225
10 6 0.37125176
11 6 0.37075225
12 6 0.3703936
13 6 0.36985868
14 6 0.36950982
15 6 0.369054
16 6 0.36872047
17 6 0.36846462
18 6 0.36826077
19 6 0.36795533
20 6 0.3676587
21 6 0.3674695
22 6 0.36729664
23 6 0.3672317
24 6 0.36711743
25 6 0.36693603
26 6 0.36670092
27 6 0.36660108
28 6 0.36664867
29 6 0.36663404
30 6 0.3664856
0 7 0.36760622
1 7 0.36795437
2 7 0.36854202
3 7 0.37112212
4 7 0.3730084
5 7 0.37348497
6 7 0.3727518
7 7 0.37232795
8 7 0.37191364
9 7 0.37216756
10 7 0.3722025
11 7 0.37204352
12 7 0.3717569
13 7 0.3715599
14 7 0.3713907
15 7 0.37115386
16 7 0.3709776
17 7 0.37078205
18 7 0.37063703
19 7 0.3705081
20 7 0.37040508
21 7 0.370252
22 7 0.3702105
23 7 0.3701734
24 7 0.37013823
25 7 0.37003228
26 7 0.37000835
27 7 0.36988553
28 7 0.36982745
29 7 0.36978543
30 7 0.36955154
0 8 0.36911136
1 8 0.36919802
2 8 0.3702144
3 8 0.37171784
4 8 0.37414512
5 8 0.37535828
6 8 0.3745543
7 8 0.37412706
8 8 0.37386218
9 8 0.37343612
10 8 0.3728924
11 8 0.37262508
12 8 0.37238607
13 8 0.37203327
14 8 0.37155402
15 8 0.37118584
16 8 0.3709146
17 8 0.3705926
18 8 0.3703067
19 8 0.37002298
20 8 0.36983696
21 8 0.3697315
22 8 0.36965728
23 8 0.36974493
24 8 0.3698372
25 8 0.36988017
26 8 0.36994708
27 8 0.3700264
28 8 0.3702073
29 8 0.37024662
30 8 0.37024614
0 9 0.36980498
1 9 0.3694761
2 9 0.36979422
3 9 0.37105793
4 9 0.37216976
5 9 0.3737445
6 9 0.37306088
7 9 0.37330455
8 9 0.37318197
9 9 0.37317708
10 9 0.37326205
11 9 0.37313926
12 9 0.3730145
13 9 0.37286532
14 9 0.37259775
15 9 0.37240437
16 9 0.37214974
17 9 0.37170345
18 9 0.37129375
19 9 0.37095782
20 9 0.3705887
21 9 0.37048784
22 9 0.3705887
23 9 0.3708001
24 9 0.37099224
25 9 0.37124518
26 9 0.37143463
27 9 0.37165412
28 9 0.37177888
29 9 0.37199935
30 9 0.37212387
0 10 0.3692183
1 10 0.36948344
2 10 0.36996585
3 10 0.37100348
4 10 0.37204647
5 10 0.372451
6 10 0.37202692
7 10 0.37270248
8 10 0.374431
9 10 0.37474644
10 10 0.37486926
11 10 0.37480897
12 10 0.37448278
13 10 0.37405065
14 10 0.37346202
15 10 0.3727723
16 10 0.37212825
17 10 0.01716579
18 10 -0.0018957809
19 10 -0.0018142367
20 10 -0.0017173114
21 10 -0.001571069
22 10 0.08286016
23 10 0.13843766
24 10 0.164941
25 10 0.18508731
26 10 0.20156485
27 10 0.21516663
28 10 0.22671196
29 10 0.23661055
30 10 0.24497762
0 11 0.20541623
1 11 0.2223889
2 11 0.2414224
3 11 0.25244406
4 11 0.26870358
5 11 0.27828696
6 11 0.28908205
7 11 0.29503724
8 11 0.297569
9 11 0.3000229
10 11 0.30191746
11 11 0.3033025
12 11 0.30478445
13 11 0.3062608
14 11 0.3076297
15 11 0.034252234
16 11 0.005406821
17 11 -0.0018017854
18 11 -0.001417258
19 11 -0.0022356298
20 11 -0.0010363928
21 11 -0.0020066225
22 11 -0.002288365
23 11 0.07690938
24 11 0.11393949
25 11 0.13714004
26 11 0.15444767
27 11 0.16876674
28 11 0.1806407
29 11 0.19096069
30 11 0.19990614
0 12 0.16502474
1 12 0.18063265
2 12 0.19707064
3 12 0.20968802
4 12 0.22399512
5 12 0.23265444
6 12 0.23718308
7 12 0.2515346
8 12 0.24708752
9 12 0.25102338
10 12 0.25432175
11 12 0.25718558
12 12 0.25976837
13 12 0.2625704
14 12 -0.0019192188
15 12 -7.190051E-4
16 12 2.785687E-4
17 12 -0.0015315176
18 12 0.0033247578
19 12 -0.0019914855
20 12 -0.0021675136
21 12 5.9082937E-5
22 12 -0.002247593
23 12 0.05921697
24 12 0.10091756
25 12 0.12379144
26 12 0.14073604
27 12 0.154455
28 12 0.16809559
29 12 0.17773001
30 12 0.18601725
0 13 0.15208265
1 13 0.1660211
2 13 0.17850737
3 13 0.19084495
4 13 0.204206
5 13 0.21308896
6 13 0.21889544
7 13 0.22345166
8 13 0.22691265
9 13 0.23121154
10 13 0.23473138
11 13 0.23773874
12 13 0.24023952
13 13 0.2424456
14 13 0.107204035
15 13 0.18618424
16 13 0.057147115
17 13 0.06711309
18 13 0.0039954223
19 13 -6.220798E-4
20 13 -0.0015454338
21 13 -0.0020974441
22 13 -0.0022246435
23 13 0.052579906
24 13 0.08949819
25 13 0.119354606
26 13 0.13855192
27 13 0.15306997
28 13 0.16506624
29 13 0.17531152
30 13 0.18401869
0 14 0.17223261
1 14 0.18283996
2 14 0.1925093
3 14 0.20435542
4 14 0.21304305
5 14 0.21971649
6 14 0.22265428
7 14 0.22524124
8 14 0.2293165
9 14 0.23344766
10 14 0.23797849
11 14 0.2404175
12 14 0.24294342
13 14 0.23689449
14 14 0.23450236
15 14 0.23783225
16 14 0.235831
17 14 0.23677926
18 14 0.013537073
19 14 -6.8384834E-4
20 14 -0.0011543145
21 14 -0.0013874724
22 14 -0.002229038
23 14 -8.5328455E-4
24 14 0.072226204
25 14 0.110974595
26 14 0.13338192
27 14 0.15248549
28 14 0.16506502
29 14 0.1755127
30 14 0.18423304
0 15 0.17254561
1 15 0.18365589
2 15 0.19426689
3 15 0.20510274
4 15 0.21619129
5 15 0.22308935
6 15 0.22752447
7 15 0.23196669
8 15 0.2351889
9 15 0.23849754
10 15 0.24124783
11 15 0.24386165
12 15 0.24651891
13 15 0.24040407
14 15 0.23898657
15 15 0.24477889
16 15 0.19079344
17 15 0.20254754
18 15 0.096236095
19 15 -3.637751E-4
20 15 -0.0021079425
21 15 -0.0019028612
22 15 -4.6875718E-4
23 15 -0.0022810407
24 15 0.08150735
25 15 0.11589972
26 15 0.13717666
27 15 0.15289687
28 15 0.1654908
29 15 0.17595313
30 15 0.18483828
0 16 0.16759534
1 16 0.18075472
2 16 0.19127539
3 16 0.20289421
4 16 0.21480235
5 16 0.22043966
6 16 0.2258743
7 16 0.23077379
8 16 0.23438664
9 16 0.23783445
10 16 0.24138358
11 16 0.24414167
12 16 0.24707384
13 16 0.24040847
14 16 0.24035841
15 16 0.24451229
16 16 -0.0021252767
17 16 0.11061277
18 16 0.04498897
19 16 0.009148821
20 16 -0.0020202945
21 16 -0.00226981
22 16 -0.0015957275
23 16 -8.42298E-5
24 16 0.077645965
25 16 0.1125608
26 16 0.13381527
27 16 0.14966147
28 16 0.16218607
29 16 0.17258297
30 16 0.18133725
0 17 0.15795773
1 17 0.17368552
2 17 0.18469863
3 17 0.19648103
4 17 0.20876247
5 17 0.21350741
6 17 0.2213115
7 17 0.22631694
8 17 0.22961484
9 17 0.23342983
10 17 0.236436
11 17 0.23923461
12 17 0.24191606
13 17 0.23335831
14 17 0.23383194
15 17 0.23880713
16 17 0.18596086
17 17 0.21593958
18 17 0.0049685817
19 17 -0.0010112459
20 17 6.318456E-4
21 17 5.739834E-4
22 17 -0.0023013048
23 17 0.0010041657
24 17 0.07794797
25 17 0.11349661
26 17 0.13497643
27 17 0.15092932
28 17 0.16353986
29 17 0.17393455
30 17 0.18262194
0 18 0.16910146
1 18 0.18224424
2 18 0.19029392
3 18 0.20248455
4 18 0.21385777
5 18 0.2192785
6 18 0.2237964
7 18 0.22790681
8 18 0.23042467
9 18 0.2336713
10 18 0.23683053
11 18 0.23943067
12 18 0.24173416
13 18 0.2402632
14 18 0.2272464
15 18 0.22705865
16 18 0.12201847
17 18 0.0015732662
18 18 -5.56405E-4
19 18 -0.0011020676
20 18 -0.0016968033
21 18 -0.0023281607
22 18 0.0011013352
23 18 0.0724325
24 18 0.11001438
25 18 0.13205597
26 18 0.1505421
27 18 0.1627769
28 18 0.17288229
29 18 0.18143637
30 18 0.18882295
0 19 0.16115212
1 19 0.17309445
2 19 0.18266393
3 19 0.19805992
4 19 0.20571774
5 19 0.20983182
6 19 0.21517223
7 19 0.22322144
8 19 0.23274355
9 19 0.23114002
10 19 0.23256801
11 19 0.23427385
12 19 0.23560444
13 19 0.2363083
14 19 6.567483E-5
15 19 -0.0014043184
16 19 -0.001298848
17 19 -0.0019450982
18 19 -0.0017654079
19 19 -0.0022671246
20 19 -0.0022319676
21 19 0.046853743
22 19 0.09669288
23 19 0.11973987
24 19 0.13641787
25 19 0.14946273
26 19 0.16017164
27 19 0.16931021
28 19 0.17721243
29 19 0.18559171
30 19 0.19165088
0 20 0.14848493
1 20 0.16438045
2 20 0.17485717
3 20 0.18678436
4 20 0.19742294
5 20 0.20228215
6 20 0.20769262
7 20 0.21221785
8 20 0.21505041
9 20 0.21836321
10 20 0.22128977
11 20 0.22405519
12 20 0.22709575
13 20 0.22906527
14 20 0.23029356
15 20 -0.0019018846
16 20 0.017134052
17 20 -0.001997101
18 20 -0.001599878
19 20 -0.0019868468
20 20 0.0041004047
21 20 0.070168555
22 20 0.1075307
23 20 0.13185407
24 20 0.14640751
25 20 0.15830784
26 20 0.1678617
27 20 0.17593336
28 20 0.18298107
29 20 0.189196
30 20 0.19476958
0 21 0.1608777
1 21 0.17308614
2 21 0.18230356
3 21 0.19353788
4 21 0.2028576
5 21 0.20740503
6 21 0.21284236
7 21 0.21619155
8 21 0.21867424
9 21 0.22178268
10 21 0.22481838
11 21 0.22738042
12 21 0.22926497
13 21 0.23111926
14 21 0.23263417
15 21 0.23429899
16 21 0.23537934
17 21 -0.0015366446
18 21 0.014701641
19 21 -0.0020805981
20 21 0.07515667
21 21 0.12032533
22 21 0.14333959
23 21 0.15926318
24 21 0.1715224
25 21 0.18129916
26 21 0.18950583
27 21 0.19641365
28 21 0.20258807
29 21 0.20793727
30 21 0.21349789
0 22 0.22312817
1 22 0.22567582
2 22 0.22861214
3 22 0.23649605
4 22 0.24184452
5 22 0.24598326
6 22 0.24891567
7 22 0.25147358
8 22 0.25250265
9 22 0.25459912
10 22 0.25374874
11 22 0.2537573
12 22 0.2541582
13 22 0.25475731
14 22 0.2553733
15 22 0.25621438
16 22 0.2570994
17 22 0.25786477
18 22 0.25885478
19 22 0.26007503
20 22 0.261681
21 22 0.2632296
22 22 0.2648434
23 22 0.26644182
24 22 0.2680976
25 22 0.26962474
26 22 0.27118286
27 22 0.27251515
28 22 0.27394876
29 22 0.27597347
30 22 0.27911243
0 23 0.27812096
1 23 0.2782501
2 23 0.28086904
3 23 0.28549093
4 23 0.28748974
5 23 0.28503904
6 23 0.28519356
7 23 0.2854653
8 23 0.28588524
9 23 0.28755665
10 23 0.28761622
11 23 0.28803003
12 23 0.28861916
13 23 0.28917605
14 23 0.28961626
15 23 0.29009527
16 23 0.2905855
17 23 0.29112798
18 23 0.2916187
19 23 0.2921761
20 23 0.29280478
21 23 0.29376987
22 23 0.29449522
23 23 0.2953031
24 23 0.29608217
25 23 0.29679286
26 23 0.29743132
27 23 0.29811344
28 23 0.29876652
29 23 0.2993642
30 23 0.30002412
0 24 0.3007612
1 24 0.30093575
2 24 0.30187157
3 24 0.3077701
4 24 0.31029624
5 24 0.3086197
6 24 0.3068858
7 24 0.3070772
8 24 0.3072691
9 24 0.30760285
10 24 0.30743513
11 24 0.30730158
12 24 0.3073328
13 24 0.3073841
14 24 0.30755597
15 24 0.30774495
16 24 0.3080025
17 24 0.30825692
18 24 0.30852425
19 24 0.30881894
20 24 0.30916488
21 24 0.3094835
22 24 0.3100111
23 24 0.3104735
24 24 0.31094983
25 24 0.31136706
26 24 0.31181702
27 24 0.31225234
28 24 0.31267372
29 24 0.31311855
30 24 0.3135463
0 25 0.31463322
1 25 0.3149665
2 25 0.31600606
3 25 0.3205557
4 25 0.32064992
5 25 0.3192908
6 25 0.31748995
7 25 0.31722018
8 25 0.31767917
9 25 0.31779978
10 25 0.31770065
11 25 0.31758592
12 25 0.31751975
13 25 0.31749094
14 25 0.3174536
15 25 0.31741622
16 25 0.3174387
17 25 0.31757078
18 25 0.3177512
19 25 0.31794944
20 25 0.31815404
21 25 0.31831688
22 25 0.31851268
23 25 0.3188618
24 25 0.31914452
25 25 0.31939453
26 25 0.31969678
27 25 0.3201155
28 25 0.3204009
29 25 0.32081985
30 25 0.321408
0 26 0.32392415
1 26 0.32428083
2 26 0.3245528
3 26 0.32685778
4 26 0.32727405
5 26 0.3254254
6 26 0.32337993
7 26 0.32348418
8 26 0.32378766
9 26 0.32410946
10 26 0.32384017
11 26 0.32364705
12 26 0.32343316
13 26 0.32330352
14 26 0.32314068
15 26 0.32295442
16 26 0.32278547
17 26 0.32264873
18 26 0.32259306
19 26 0.32261723
20 26 0.32247955
21 26 0.3224434
22 26 0.32239532
23 26 0.32242143
24 26 0.32242706
25 26 0.32240802
26 26 0.32241583
27 26 0.3224849
28 26 0.32253447
29 26 0.32280254
30 26 0.3228404
0 27 0.32630944
1 27 0.3269696
2 27 0.3280895
3 27 0.32826722
4 27 0.32810315
5 27 0.32684582
6 27 0.325651
7 27 0.3250926
8 27 0.32529137
9 27 0.3256224
10 27 0.32571006
11 27 0.32574767
12 27 0.32587755
13 27 0.32613316
14 27 0.3263568
15 27 0.32644957
16 27 0.32660827
17 27 0.32685462
18 27 0.32715246
19 27 0.32742885
20 27 0.32769886
21 27 0.3279518
22 27 0.3282152
23 27 0.32849112
24 27 0.32889125
25 27 0.32925627
26 27 0.3295954
27 27 0.329882
28 27 0.33018082
29 27 0.33042204
30 27 0.33054218
0 28 0.33167157
1 28 0.33222407
2 28 0.33295333
3 28 0.33499512
4 28 0.33494505
5 28 0.33379441
6 28 0.33263156
7 28 0.3326728
8 28 0.33305052
9 28 0.33337986
10 28 0.33322996
11 28 0.3330305
12 28 0.33278438
13 28 0.3326877
14 28 0.33268672
15 28 0.33264253
16 28 0.3326169
17 28 0.33263326
18 28 0.33268845
19 28 0.3327402
20 28 0.3328503
21 28 0.33292893
22 28 0.3331047
23 28 0.33328512
24 28 0.33346432
25 28 0.33376244
26 28 0.33401096
27 28 0.33422852
28 28 0.33445483
29 28 0.33466822
30 28 0.33524463
0 29 0.33580837
1 29 0.33607984
2 29 0.33672243
3 29 0.33797953
4 29 0.33782914
5 29 0.3366675
6 29 0.33326486
7 29 0.33537525
8 29 0.33604053
9 29 0.33632594
10 29 0.33611697
11 29 0.33573657
12 29 0.33544776
13 29 0.33518115
14 29 0.3347737
15 29 0.3345061
16 29 0.33373752
17 29 0.3334458
18 29 0.33362204
19 29 0.3336804
20 29 0.3337197
21 29 0.33381638
22 29 0.33393675
23 29 0.33416966
24 29 0.33441624
25 29 0.33468285
26 29 0.3348982
27 29 0.33513695
28 29 0.3354585
29 29 0.336167
30 29 0.33655593
0 30 0.33932552
1 30 0.34022224
2 30 0.3412445
3 30 0.34086776
4 30 0.34147152
5 30 0.34001327
6 30 0.33867902
7 30 0.33855352
8 30 0.33862895
9 30 0.33848467
10 30 0.33815458
11 30 0.33776006
12 30 0.33747977
13 30 0.33728054
14 30 0.3370088
15 30 0.3367222
16 30 0.33647072
17 30 0.33637086
18 30 0.33636305
19 30 0.33635134
20 30 0.3363157
21 30 0.3362627
22 30 0.3362146
23 30 0.33622414
24 30 0.33628663
25 30 0.33639747
26 30 0.33645192
27 30 0.3365696
28 30 0.3367151
29 30 0.3369114
30 30 0.33670974
