0 0 0.7733075
1 0 0.77465636
2 0 0.77555484
3 0 0.7738065
4 0 0.7712293
5 0 0.77228916
6 0 0.7709151
7 0 0.7697779
8 0 0.7714952
9 0 0.76612306
10 0 0.76918584
11 0 0.7692767
12 0 0.7686595
13 0 0.76831937
14 0 0.7668252
15 0 0.7666299
16 0 0.7657871
17 0 0.7642246
18 0 0.76326805
19 0 0.7629277
20 0 0.76074994
21 0 0.7611032
22 0 0.7612819
23 0 0.76055264
24 0 0.7598815
25 0 0.7589154
26 0 0.75745934
27 0 0.758266
28 0 0.75822353
29 0 0.7566051
30 0 0.75618124
0 1 0.7551063
1 1 0.755117
2 1 0.75589436
3 1 0.7564291
4 1 0.7574965
5 1 0.7537247
6 1 0.7504856
7 1 0.7509783
8 1 0.7559959
9 1 0.7608356
10 1 0.7626249
11 1 0.7628984
12 1 0.76415133
13 1 0.7630383
14 1 0.7616481
15 1 0.76086855
16 1 0.7600717
17 1 0.75951946
18 1 0.7601352
19 1 0.75887686
20 1 0.757942
21 1 0.756651
22 1 0.7558895
23 1 0.75511897
24 1 0.7537881
25 1 0.7529344
26 1 0.75203496
27 1 0.751585
28 1 0.75055885
29 1 0.7500327
30 1 0.7491858
0 2 0.75351644
1 2 0.7526956
2 2 0.75208205
3 2 0.7513594
4 2 0.7502583
5 2 0.74798506
6 2 0.74662834
7 2 0.74610347
8 2 0.74537516
9 2 0.7448576
10 2 0.74342835
11 2 0.7423868
12 2 0.7408651
13 2 0.7397672
14 2 0.7386878
15 2 0.73782086
16 2 0.7370469
17 2 0.736044
18 2 0.7351758
19 2 0.73505545
20 2 0.7342273
21 2 0.733666
22 2 0.73305076
23 2 0.7320461
24 2 0.7314011
25 2 0.73075676
26 2 0.730237
27 2 0.72973335
28 2 0.7292531
29 2 0.72903657
30 2 0.72875136
0 3 0.7340378
1 3 0.7340703
2 3 0.7340974
3 3 0.7344346
4 3 0.7339326
5 3 0.7316225
6 3 0.7305732
7 3 0.7295048
8 3 0.72917914
9 3 0.72943425
10 3 0.72885317
11 3 0.72809464
12 3 0.7275055
13 3 0.7270614
14 3 0.7267074
15 3 0.7263273
16 3 0.72572374
17 3 0.7253573
18 3 0.724996
19 3 0.72457504
20 3 0.72430944
21 3 0.72403693
22 3 0.723555
23 3 0.7230648
24 3 0.7226824
25 3 0.722263
26 3 0.7220223
27 3 0.7216285
28 3 0.7213548
29 3 0.72115606
30 3 0.7210042
0 4 0.7265736
1 4 0.72616833
2 4 0.72600037
3 4 0.7255621
4 4 0.7241195
5 4 0.7216978
6 4 0.72093415
7 4 0.7200183
8 4 0.7199029
9 4 0.71952224
10 4 0.71897143
11 4 0.71858203
12 4 0.71838284
13 4 0.7185168
14 4 0.7182976
15 4 0.7180432
16 4 0.7177795
17 4 0.7175415
18 4 0.71708006
19 4 0.7168323
20 4 0.71652734
21 4 0.7160857
22 4 0.71574605
23 4 0.71538496
24 4 0.71508515
25 4 0.71489495
26 4 0.7146149
27 4 0.7144472
28 4 0.7143459
29 4 0.71425337
30 4 0.7142983
0 5 0.71778053
1 5 0.7176345
2 5 0.71719015
3 5 0.71682227
4 5 0.7165813
5 5 0.7153923
6 5 0.715521
7 5 0.714465
8 5 0.713778
9 5 0.7138322
10 5 0.7132487
11 5 0.7127675
12 5 0.7122758
13 5 0.71183413
14 5 0.7114657
15 5 0.7111483
16 5 0.71092296
17 5 0.71054065
18 5 0.710401
19 5 0.71022373
20 5 0.710025
21 5 0.7097909
22 5 0.70955336
23 5 0.7094332
24 5 0.7092843
25 5 0.7091302
26 5 0.70901966
27 5 0.708879
28 5 0.7086986
29 5 0.70859724
30 5 0.70849323
0 6 0.71068424
1 6 0.7105289
2 6 0.7096776
3 6 0.7093407
4 6 0.70856065
5 6 0.7075665
6 6 0.70814705
7 6 0.7080904
8 6 0.7089186
9 6 0.7092989
10 6 0.7094496
11 6 0.70939076
12 6 0.7091747
13 6 0.70908093
14 6 0.70901453
15 6 0.7087833
16 6 0.70870614
17 6 0.70838976
18 6 0.7081595
19 6 0.7080465
20 6 0.7079935
21 6 0.70785016
22 6 0.70758796
23 6 0.70745397
24 6 0.70730084
25 6 0.70721686
26 6 0.7070523
27 6 0.7070086
28 6 0.7070455
29 6 0.7070677
30 6 0.7071954
0 7 0.7085489
1 7 0.7084371
2 7 0.70719564
3 7 0.70670295
4 7 0.70626324
5 7 0.7059888
6 7 0.70601374
7 7 0.70558625
8 7 0.7054605
9 7 0.7055611
10 7 0.7054825
11 7 0.705315
12 7 0.70520025
13 7 0.70506257
14 7 0.70486134
15 7 0.7047
16 7 0.70451075
17 7 0.7043169
18 7 0.70410746
19 7 0.7040022
20 7 0.703885
21 7 0.70356107
22 7 0.70325196
23 7 0.703116
24 7 0.70301735
25 7 0.702988
26 7 0.70279956
27 7 0.7025413
28 7 0.7024385
29 7 0.7022881
30 7 0.7023403
0 8 0.70401907
1 8 0.7036631
2 8 0.702979
3 8 0.70246655
4 8 0.7024968
5 8 0.7015796
6 8 0.701999
7 8 0.7019663
8 8 0.7020161
9 8 0.7020647
10 8 0.70199025
11 8 0.7019814
12 8 0.7016079
13 8 0.7015212
14 8 0.7014321
15 8 0.7014809
16 8 0.7013789
17 8 0.70124704
18 8 0.70130223
19 8 0.70134276
20 8 0.7012717
21 8 0.7012075
22 8 0.7010835
23 8 0.7010127
24 8 0.7009431
25 8 0.7008462
26 8 0.7009104
27 8 0.7009973
28 8 0.7009902
29 8 0.7009741
30 8 0.7010017
0 9 0.5791624
1 9 0.5973309
2 9 0.6081282
3 9 0.6152926
4 9 0.6208874
5 9 0.6249344
6 9 0.62797105
7 9 0.6320429
8 9 0.63593745
9 9 0.6389067
10 9 0.64050025
11 9 0.64266264
12 9 0.6443912
13 9 0.028601756
14 9 -0.0019070116
15 9 -0.0019531548
16 9 -0.0020945144
17 9 -0.0017556421
18 9 -0.0020029603
19 9 0.096475594
20 9 0.25248972
21 9 0.34140196
22 9 0.37704995
23 9 0.4049796
24 9 0.42221448
25 9 0.43477765
26 9 0.4443564
27 9 0.45183992
28 9 0.4582265
29 9 0.4634973
30 9 0.46832553
0 10 0.39206094
1 10 0.41876128
2 10 0.434356
3 10 0.4449858
4 10 0.45227107
5 10 0.45417124
6 10 0.45827654
7 10 0.46419778
8 10 0.4700907
9 10 0.47497994
10 10 0.47821262
11 10 0.48119485
12 10 -0.0015195545
13 10 -0.0021098955
14 10 -0.0022517433
15 10 -0.002252964
16 10 -0.0022776227
17 10 -0.0022971544
18 10 -0.0022986191
19 10 -0.0023098497
20 10 0.13916741
21 10 0.22028047
22 10 0.27011618
23 10 0.30205932
24 10 0.3288263
25 10 0.34801266
26 10 0.36200872
27 10 0.37228572
28 10 0.38178635
29 10 0.3913036
30 10 0.3998435
0 11 0.31698704
1 11 0.34776434
2 11 0.36711156
3 11 0.37924385
4 11 0.3872061
5 11 0.39310172
6 11 0.4019439
7 11 0.41001847
8 11 0.4166768
9 11 0.42120492
10 11 0.42584318
11 11 0.42938402
12 11 -0.0018699017
13 11 -0.0021894865
14 11 -0.0022969102
15 11 -0.002266392
16 11 -0.0023274282
17 11 -0.0023420767
18 11 -0.0023418327
19 11 -0.0023430535
20 11 -0.0023442742
21 11 0.08849306
22 11 0.1956817
23 11 0.22322828
24 11 0.24490511
25 11 0.27729234
26 11 0.28986502
27 11 0.30740654
28 11 0.3272223
29 11 0.34003597
30 11 0.3535242
0 12 0.27828696
1 12 0.3102755
2 12 0.33004606
3 12 0.34461588
4 12 0.35325053
5 12 0.3585465
6 12 0.36991605
7 12 0.37823603
8 12 0.38567337
9 12 0.39056358
10 12 0.39541864
11 12 0.39963698
12 12 -0.0011486992
13 12 -0.0022998399
14 12 -0.0022056
15 12 -0.0023349966
16 12 -0.0023291372
17 12 -0.0023398795
18 12 -0.0023428092
19 12 -0.0023327994
20 12 -0.002345495
21 12 0.02633048
22 12 0.1551447
23 12 0.19992737
24 12 0.23846458
25 12 0.26354554
26 12 0.28121525
27 12 0.29657313
28 12 0.31027257
29 12 0.32343978
30 12 0.3352766
0 13 0.26445425
1 13 0.29327548
2 13 0.31139782
3 13 0.32415682
4 13 0.33094475
5 13 0.33700123
6 13 0.34536418
7 13 0.35446757
8 13 0.36180583
9 13 0.36684301
10 13 0.37037018
11 13 0.3733695
12 13 -0.0017151141
13 13 -0.0023049668
14 13 -0.0023369498
15 13 -0.0023376823
16 13 -0.002345739
17 13 -0.0023464714
18 13 -0.0023447624
19 13 -0.0020976884
20 13 -0.0023467157
21 13 -0.002300328
22 13 0.123400815
23 13 0.1819393
24 13 0.20164883
25 13 0.21998432
26 13 0.23733078
27 13 0.252363
28 13 0.26535124
29 13 0.2770206
30 13 0.2877029
0 14 0.25211152
1 14 0.28453243
2 14 0.30722883
3 14 0.32048854
4 14 0.32993326
5 14 0.33510792
6 14 0.34066585
7 14 0.34712836
8 14 0.35265237
9 14 0.3586422
10 14 0.36409175
11 14 0.36866507
12 14 -0.0011032884
13 14 -0.0023108264
14 14 0.1311983
15 14 0.17160322
16 14 0.17590845
17 14 -0.0021963227
18 14 -0.002330358
19 14 -0.0023425652
20 14 -0.001657252
21 14 -0.0023459832
22 14 0.114718065
23 14 0.18215024
24 14 0.21110407
25 14 0.23419791
26 14 0.2536269
27 14 0.27342898
28 14 0.28564036
29 14 0.29682118
30 14 0.3096019
0 15 0.23203455
1 15 0.26313758
2 15 0.28162956
3 15 0.2925328
4 15 0.30242968
5 15 0.3089293
6 15 0.3162099
7 15 0.3248299
8 15 0.3320434
9 15 0.3381929
10 15 0.34437686
11 15 7.368277E-4
12 15 -0.0022976426
13 15 -0.0023310904
14 15 0.045158405
15 15 0.15582904
16 15 0.17465965
17 15 -0.0022436867
18 15 -0.0023398795
19 15 -0.0023452507
20 15 -0.002345739
21 15 0.051786926
22 15 0.14827986
23 15 0.19640999
24 15 0.22691827
25 15 0.25500244
26 15 0.2711736
27 15 0.2820087
28 15 0.29280794
29 15 0.3002812
30 15 0.30718535
0 16 0.23008116
1 16 0.2606944
2 16 0.27901673
3 16 0.29232135
4 16 0.30336303
5 16 0.31102136
6 16 0.3185271
7 16 0.32467172
8 16 0.3301237
9 16 0.33518773
10 16 0.34117392
11 16 -0.0018164341
12 16 -0.002284947
13 16 -0.00230692
14 16 0.07247084
15 16 0.11062669
16 16 0.0071785767
17 16 -0.0022258642
18 16 -0.0023335319
19 16 -0.002343786
20 16 -0.0023393913
21 16 0.08870912
22 16 0.1527704
23 16 0.19021532
24 16 0.2130953
25 16 0.23601729
26 16 0.25141522
27 16 0.26515788
28 16 0.27519536
29 16 0.28624925
30 16 0.29402843
0 17 0.23963355
1 17 0.2647975
2 17 0.2801757
3 17 0.28975078
4 17 0.297027
5 17 0.30261597
6 17 0.30873176
7 17 0.31489983
8 17 0.32100466
9 17 0.3281957
10 17 0.33362082
11 17 0.33858258
12 17 0.0013808805
13 17 -0.0019480279
14 17 -0.0018418251
15 17 0.019622859
16 17 -0.0023354848
17 17 -0.002343786
18 17 -0.0023386588
19 17 -0.0019319144
20 17 0.0017898224
21 17 0.09763699
22 17 0.15326114
23 17 0.18940695
24 17 0.2129388
25 17 0.23498675
26 17 0.24949771
27 17 0.26054475
28 17 0.27029052
29 17 0.27872962
30 17 0.2857446
0 18 0.23818089
1 18 0.2604134
2 18 0.27449003
3 18 0.28692383
4 18 0.29419127
5 18 0.3015134
6 18 0.3086102
7 18 0.31448844
8 18 0.32004127
9 18 0.3249532
10 18 0.32950088
11 18 0.3341445
12 18 -0.0018354773
13 18 -0.0022727398
14 18 -0.002320592
15 18 -0.0023379263
16 18 -0.0023428092
17 18 -0.0023337759
18 18 -0.002338903
19 18 -0.002227329
20 18 0.099325985
21 18 0.15385392
22 18 0.18961643
23 18 0.21365586
24 18 0.23032628
25 18 0.2455997
26 18 0.26212168
27 18 0.27336648
28 18 0.28196207
29 18 0.2899246
30 18 0.2966952
0 19 0.25372118
1 19 0.27429765
2 19 0.28686547
3 19 0.29687223
4 19 0.30386084
5 19 0.31019565
6 19 0.31746408
7 19 0.32351568
8 19 0.32879433
9 19 0.33413574
10 19 0.3386629
11 19 0.34282872
12 19 0.34647918
13 19 0.08295708
14 19 -0.0022226903
15 19 -0.0022800642
16 19 -0.0023247425
17 19 -0.002335729
18 19 -0.0021794767
19 19 0.0017610133
20 19 0.0968008
21 19 0.16644396
22 19 0.18598868
23 19 0.204102
24 19 0.21964715
25 19 0.23307216
26 19 0.24664465
27 19 0.25791484
28 19 0.26937276
29 19 0.28195304
30 19 0.28993633
0 20 0.274502
1 20 0.29235065
2 20 0.30430812
3 20 0.31301773
4 20 0.319219
5 20 0.32397786
6 20 0.32852554
7 20 0.33399191
8 20 0.3390506
9 20 0.34276965
10 20 0.34643865
11 20 0.34978905
12 20 0.35324612
13 20 0.35644466
14 20 0.3596061
15 20 -0.0014533914
16 20 -0.0021894865
17 20 0.003260792
18 20 0.008513558
19 20 0.09972931
20 20 0.17128704
21 20 0.22316504
22 20 0.23793943
23 20 0.2503212
24 20 0.26343054
25 20 0.277369
26 20 0.290533
27 20 0.30327246
28 20 0.30891243
29 20 0.3125292
30 20 0.32040113
0 21 0.3510017
1 21 0.35470295
2 21 0.35792223
3 21 0.36057705
4 21 0.36277607
5 21 0.36433858
6 21 0.36679712
7 21 0.36931694
8 21 0.37183723
9 21 0.37409922
10 21 0.37731487
11 21 0.37947774
12 21 0.38171166
13 21 0.3839192
14 21 0.3854693
15 21 0.3872674
16 21 0.38897762
17 21 0.3906603
18 21 0.39221498
19 21 0.3937006
20 21 0.3951003
21 21 0.3966755
22 21 0.3980078
23 21 0.39936623
24 21 0.4004612
25 21 0.40154985
26 21 0.40266827
27 21 0.40367267
28 21 0.40454867
29 21 0.40543002
30 21 0.40623498
0 22 0.41053876
1 22 0.4115434
2 22 0.41254586
3 22 0.41343236
4 22 0.41416967
5 22 0.41501293
6 22 0.41612673
7 22 0.41723
8 22 0.41831353
9 22 0.4194283
10 22 0.420442
11 22 0.42167613
12 22 0.42251086
13 22 0.4234552
14 22 0.42425674
15 22 0.4250441
16 22 0.42598137
17 22 0.42686883
18 22 0.42767963
19 22 0.4283923
20 22 0.4290388
21 22 0.42979467
22 22 0.43053734
23 22 0.43118775
24 22 0.43175173
25 22 0.4323174
26 22 0.43272147
27 22 0.4330501
28 22 0.43348026
29 22 0.4337188
30 22 0.43392485
0 23 0.4364366
1 23 0.43727133
2 23 0.43799987
3 23 0.4385941
4 23 0.43922254
5 23 0.4397555
6 23 0.44049552
7 23 0.4413085
8 23 0.4420126
9 23 0.44253924
10 23 0.4432065
11 23 0.44401264
12 23 0.44469064
13 23 0.4452187
14 23 0.44571653
15 23 0.4464282
16 23 0.4470078
17 23 0.44750586
18 23 0.44801638
19 23 0.44853324
20 23 0.44901127
21 23 0.4495081
22 23 0.44994047
23 23 0.4504571
24 23 0.45073882
25 23 0.45101765
26 23 0.4513326
27 23 0.4514593
28 23 0.45155182
29 23 0.4515616
30 23 0.45165047
0 24 0.45301646
1 24 0.4537833
2 24 0.45452136
3 24 0.45504138
4 24 0.45553383
5 24 0.4560485
6 24 0.45662978
7 24 0.4572985
8 24 0.457779
9 24 0.45831633
10 24 0.45886445
11 24 0.45951337
12 24 0.46003047
13 24 0.46053684
14 24 0.4609575
15 24 0.46142283
16 24 0.46176806
17 24 0.46210912
18 24 0.46253344
19 24 0.46281615
20 24 0.4630891
21 24 0.46348244
22 24 0.46361867
23 24 0.46374756
24 24 0.46387306
25 24 0.4639932
26 24 0.46397316
27 24 0.4639656
28 24 0.4639402
29 24 0.463813
30 24 0.46377322
0 25 0.4651846
1 25 0.46592924
2 25 0.46654448
3 25 0.46695757
4 25 0.46754915
5 25 0.46808797
6 25 0.46857065
7 25 0.46895003
8 25 0.46954185
9 25 0.47006872
10 25 0.47077623
11 25 0.47129482
12 25 0.4718258
13 25 0.47222647
14 25 0.472684
15 25 0.4730558
16 25 0.4734308
17 25 0.4737177
18 25 0.47394696
19 25 0.47414935
20 25 0.4744169
21 25 0.47458857
22 25 0.47466376
23 25 0.47470012
24 25 0.4746159
25 25 0.4745778
26 25 0.47455952
27 25 0.4744738
28 25 0.47420084
29 25 0.4740639
30 25 0.47382975
0 26 0.47518355
1 26 0.47598213
2 26 0.47656345
3 26 0.47681612
4 26 0.47715965
5 26 0.47765353
6 26 0.47818506
7 26 0.4785957
8 26 0.47910058
9 26 0.4797864
10 26 0.48037502
11 26 0.48087063
12 26 0.4813196
13 26 0.48166704
14 26 0.48207843
15 26 0.4824351
16 26 0.48266143
17 26 0.4829688
18 26 0.48312017
19 26 0.48329914
20 26 0.48348054
21 26 0.4835643
22 26 0.4835738
23 26 0.48351496
24 26 0.48337823
25 26 0.48323762
26 26 0.48309186
27 26 0.48293853
28 26 0.48266193
29 26 0.48250544
30 26 0.48218462
0 27 0.4835777
1 27 0.48424202
2 27 0.48478207
3 27 0.48517513
4 27 0.4855072
5 27 0.4857804
6 27 0.4862777
7 27 0.48663244
8 27 0.48716566
9 27 0.48773816
10 27 0.48818105
11 27 0.4887006
12 27 0.48911345
13 27 0.48958147
14 27 0.48993766
15 27 0.49019694
16 27 0.49046797
17 27 0.4905976
18 27 0.4907548
19 27 0.49087763
20 27 0.49100408
21 27 0.49103826
22 27 0.49101436
23 27 0.49094623
24 27 0.49077997
25 27 0.49062055
26 27 0.49051532
27 27 0.49023822
28 27 0.49003923
29 27 0.48975456
30 27 0.48950845
0 28 0.4908471
1 28 0.49152192
2 28 0.49193478
3 28 0.49218404
4 28 0.49224678
5 28 0.49260837
6 28 0.4930776
7 28 0.49321896
8 28 0.49372068
9 28 0.49437696
10 28 0.49488232
11 28 0.49535474
12 28 0.49575514
13 28 0.49611282
14 28 0.49645558
15 28 0.49666214
16 28 0.4969004
17 28 0.49710086
18 28 0.4971995
19 28 0.49730742
20 28 0.4974256
21 28 0.49736333
22 28 0.49732134
23 28 0.49719754
24 28 0.49710575
25 28 0.49695852
26 28 0.49674442
27 28 0.49657524
28 28 0.49622
29 28 0.4959705
30 28 0.4956172
0 29 0.49671805
1 29 0.4974451
2 29 0.49783695
3 29 0.49810064
4 29 0.49805766
5 29 0.4986087
6 29 0.49903694
7 29 0.49913165
8 29 0.49961066
9 29 0.49999592
10 29 0.500369
11 29 0.5006827
12 29 0.5010875
13 29 0.5014193
14 29 0.5016473
15 29 0.5018993
16 29 0.50213563
17 29 0.5023861
18 29 0.5025968
19 29 0.50261533
20 29 0.5026398
21 29 0.50268203
22 29 0.50265664
23 29 0.5025897
24 29 0.50238657
25 29 0.5021925
26 29 0.50206995
27 29 0.50181454
28 29 0.5016078
29 29 0.5012113
30 29 0.50090855
0 30 0.50229186
1 30 0.502838
2 30 0.50333434
3 30 0.50361466
4 30 0.5036149
5 30 0.50380826
6 30 0.5041513
7 30 0.5045697
8 30 0.50498235
9 30 0.50529486
10 30 0.5056325
11 30 0.50597453
12 30 0.5062519
13 30 0.5066281
14 30 0.5069079
15 30 0.50714105
16 30 0.5073974
17 30 0.5076103
18 30 0.5076594
19 30 0.50780463
20 30 0.50788546
21 30 0.50790036
22 30 0.5078964
23 30 0.50784224
24 30 0.5076594
25 30 0.5076037
26 30 0.5073422
27 30 0.5071188
28 30 0.5068222
29 30 0.5066047
30 30 0.5061808
