0 0 0.3896544
1 0 0.3901715
2 0 0.39196402
3 0 0.39031944
4 0 0.3894569
5 0 0.38918465
6 0 0.3883841
7 0 0.38938144
8 0 0.3895167
9 0 0.38956627
10 0 0.38969982
11 0 0.38978282
12 0 0.38962486
13 0 0.38921127
14 0 0.38957334
15 0 0.38973644
16 0 0.38983604
17 0 0.38987634
18 0 0.3899591
19 0 0.39002502
20 0 0.39007506
21 0 0.3901178
22 0 0.39021495
23 0 0.3902765
24 0 0.39031675
25 0 0.39040685
26 0 0.39049426
27 0 0.39056212
28 0 0.39071277
29 0 0.39083654
30 0 0.39096472
0 1 0.39042664
1 1 0.39152822
2 1 0.39075866
3 1 0.3934164
4 1 0.39457268
5 1 0.39704832
6 1 0.39793625
7 1 0.39727658
8 1 0.3963874
9 1 0.39649287
10 1 0.39628536
11 1 0.3961662
12 1 0.39551973
13 1 0.39460197
14 1 0.3936967
15 1 0.39304408
16 1 0.3925629
17 1 0.3922748
18 1 0.3919928
19 1 0.39182436
20 1 0.391609
21 1 0.39146107
22 1 0.39135927
23 1 0.39132604
24 1 0.3912345
25 1 0.3911029
26 1 0.39099425
27 1 0.39097548
28 1 0.39099768
29 1 0.39099085
30 1 0.39095592
0 2 0.39124402
1 2 0.3919535
2 2 0.39210463
3 2 0.39446747
4 2 0.39576703
5 2 0.39899316
6 2 0.4002478
7 2 0.40109745
8 2 0.40083012
9 2 0.40013674
10 2 0.39965063
11 2 0.39961696
12 2 0.39932007
13 2 0.39878637
14 2 0.39818552
15 2 0.39769676
16 2 0.39715573
17 2 0.39670846
18 2 0.39638984
19 2 0.39595333
20 2 0.39554316
21 2 0.39516228
22 2 0.39480755
23 2 0.39457807
24 2 0.39434025
25 2 0.39408904
26 2 0.39391595
27 2 0.39379826
28 2 0.39375162
29 2 0.39369157
30 2 0.3935048
0 3 0.39563617
1 3 0.39620185
2 3 0.39477387
3 3 0.39439446
4 3 0.392893
5 3 0.3946059
6 3 0.3920685
7 3 0.39072937
8 3 0.3892169
9 3 0.38950863
10 3 0.3893204
11 3 0.39008215
12 3 0.39071715
13 3 0.3913297
14 3 0.39156702
15 3 0.39177504
16 3 0.39178774
17 3 0.39187294
18 3 0.39194643
19 3 0.39207312
20 3 0.39232364
21 3 0.392559
22 3 0.39276797
23 3 0.3929308
24 3 0.39302018
25 3 0.39318034
26 3 0.3933012
27 3 0.39337248
28 3 0.39350015
29 3 0.39360735
30 3 0.39373967
0 4 0.39323282
1 4 0.3944179
2 4 0.39500067
3 4 0.39620724
4 4 0.3963906
5 4 0.39670065
6 4 0.3940822
7 4 0.392402
8 4 0.39080286
9 4 0.39068982
10 4 0.39014512
11 4 0.390421
12 4 0.39056164
13 4 0.39090174
14 4 0.3911471
15 4 0.39142787
16 4 0.39178845
17 4 0.39183998
18 4 0.3918683
19 4 0.3918822
20 4 0.3919154
21 4 0.3920133
22 4 0.3921642
23 4 0.39232093
24 4 0.39251235
25 4 0.39272133
26 4 0.3928361
27 4 0.39304408
28 4 0.3932692
29 4 0.393391
30 4 0.39352873
0 5 0.39468548
1 5 0.39542598
2 5 0.39597797
3 5 0.3966921
4 5 0.39691013
5 5 0.39554194
6 5 0.3981804
7 5 0.39792895
8 5 0.3962878
9 5 0.39588717
10 5 0.39511055
11 5 0.395185
12 5 0.39495525
13 5 0.39465058
14 5 0.39436883
15 5 0.39429876
16 5 0.3930602
17 5 0.3926686
18 5 0.39297378
19 5 0.39310905
20 5 0.39331657
21 5 0.3932631
22 5 0.39314005
23 5 0.39335513
24 5 0.39352822
25 5 0.3937443
26 5 0.3938488
27 5 0.39411467
28 5 0.3941994
29 5 0.3943327
30 5 0.39446282
0 6 0.39719236
1 6 0.3976621
2 6 0.3982141
3 6 0.39901635
4 6 0.40153325
5 6 0.40191776
6 6 0.3998008
7 6 0.4006299
8 6 0.40019143
9 6 0.39989284
10 6 0.39894164
11 6 0.39807737
12 6 0.3975747
13 6 0.39712864
14 6 0.39673117
15 6 0.39653292
16 6 0.39642647
17 6 0.3960461
18 6 0.39583954
19 6 0.3955876
20 6 0.39539227
21 6 0.39530095
22 6 0.39525312
23 6 0.39517987
24 6 0.3951408
25 6 0.39502168
26 6 0.394967
27 6 0.39480048
28 6 0.3947138
29 6 0.39464837
30 6 0.39460516
0 7 0.3952099
1 7 0.39541107
2 7 0.39575532
3 7 0.39511713
4 7 0.39420158
5 7 0.39467597
6 7 0.39396256
7 7 0.3939728
8 7 0.39389494
9 7 0.39346159
10 7 0.3923986
11 7 0.39171278
12 7 0.39140785
13 7 0.39126283
14 7 0.39113635
15 7 0.39056897
16 7 0.39057556
17 7 0.39052135
18 7 0.39052525
19 7 0.39062414
20 7 0.39081994
21 7 0.3911637
22 7 0.39147303
23 7 0.39180458
24 7 0.39209485
25 7 0.39242592
26 7 0.39258608
27 7 0.39282584
28 7 0.39308852
29 7 0.39335686
30 7 0.39351237
0 8 0.39242104
1 8 0.39327994
2 8 0.3949489
3 8 0.39579266
4 8 0.39776513
5 8 0.39876464
6 8 0.3981438
7 8 0.39675313
8 8 0.39748362
9 8 0.39687717
10 8 0.39643845
11 8 0.3961523
12 8 0.39588496
13 8 0.3956506
14 8 0.3952907
15 8 0.39499822
16 8 0.39480096
17 8 0.3947177
18 8 0.39485762
19 8 0.39479607
20 8 0.39490277
21 8 0.39508563
22 8 0.39540374
23 8 0.3957424
24 8 0.3960595
25 8 0.39640915
26 8 0.3967739
27 8 0.39711788
28 8 0.39746654
29 8 0.39771262
30 8 0.3979143
0 9 0.39422917
1 9 0.3945036
2 9 0.3937885
3 9 0.394903
4 9 0.39806128
5 9 0.39669016
6 9 0.3959499
7 9 0.39606735
8 9 0.39555708
9 9 0.39507538
10 9 0.3945026
11 9 0.39429703
12 9 0.39395404
13 9 0.3935551
14 9 0.39324722
15 9 0.3928117
16 9 0.39249063
17 9 0.392235
18 9 0.39203677
19 9 0.39200965
20 9 0.39209
21 9 0.39240006
22 9 0.39274576
23 9 0.39327312
24 9 0.3937387
25 9 0.39406705
26 9 0.39437518
27 9 0.39488494
28 9 0.39533052
29 9 0.395654
30 9 0.39593405
0 10 0.3144628
1 10 0.32899672
2 10 0.337106
3 10 0.34502017
4 10 0.3533814
5 10 0.3587843
6 10 0.362132
7 10 0.36482736
8 10 0.36584225
9 10 0.36670336
10 10 0.3675989
11 10 0.3684773
12 10 0.36922586
13 10 0.36980888
14 10 0.37023857
15 10 0.37053278
16 10 0.37079474
17 10 -0.0013049516
18 10 -0.0018413367
19 10 -0.0011943543
20 10 -0.0022056
21 10 0.073306054
22 10 0.119955696
23 10 0.15748069
24 10 0.17909087
25 10 0.19606696
26 10 0.20986186
27 10 0.22161032
28 10 0.23186731
29 10 0.24100076
30 10 0.24905215
0 11 0.18849117
1 11 0.21055424
2 11 0.22494362
3 11 0.23832616
4 11 0.25108
5 11 0.2613641
6 11 0.26741424
7 11 0.2724131
8 11 0.2760235
9 11 0.27972814
10 11 0.28333515
11 11 0.28608298
12 11 0.28920364
13 11 0.29161602
14 11 0.11425614
15 11 -0.0014692608
16 11 -0.0013913787
17 11 -0.0022864118
18 11 -8.2301063E-4
19 11 -0.0017890899
20 11 -0.0019309378
21 11 -0.002272984
22 11 -9.746243E-4
23 11 0.07157214
24 11 0.10911666
25 11 0.13194782
26 11 0.15213196
27 11 0.16549301
28 11 0.17688528
29 11 0.18682219
30 11 0.19568415
0 12 0.17942438
1 12 0.19017307
2 12 0.20022914
3 12 0.21212433
4 12 0.22343823
5 12 0.23033409
6 12 0.23603633
7 12 0.2419207
8 12 0.24549301
9 12 0.2493151
10 12 0.25290743
11 12 0.2556726
12 12 0.25809258
13 12 0.2600677
14 12 -5.9742125E-4
15 12 0.0060823685
16 12 -0.0010954757
17 12 1.684596E-4
18 12 -0.0012690624
19 12 -0.0014023652
20 12 -0.002230503
21 12 -0.0021238117
22 12 -0.001912871
23 12 0.05972479
24 12 0.1004449
25 12 0.12317205
26 12 0.13977167
27 12 0.15304849
28 12 0.16639341
29 12 0.17602393
30 12 0.18428725
0 13 0.17156683
1 13 0.18344055
2 13 0.19282937
3 13 0.20248942
4 13 0.21135479
5 13 0.21925384
6 13 0.22399025
7 13 0.22668755
8 13 0.23091394
9 13 0.23550482
10 13 0.23874462
11 13 0.24182792
12 13 0.24471444
13 13 0.23981105
14 13 0.23794334
15 13 0.23837523
16 13 0.23601948
17 13 0.012509225
18 13 0.0066543985
19 13 -9.26772E-4
20 13 -0.0018149691
21 13 -0.0018467079
22 13 -0.0020676586
23 13 0.054391947
24 13 0.10292931
25 13 0.12771167
26 13 0.14516336
27 13 0.16118142
28 13 0.1721435
29 13 0.18173642
30 13 0.19002439
0 14 0.17938116
1 14 0.18958175
2 14 0.19802329
3 14 0.20757398
4 14 0.21789128
5 14 0.22529007
6 14 0.2289803
7 14 0.23214418
8 14 0.23620845
9 14 0.23991334
10 14 0.24298589
11 14 0.2458895
12 14 0.24901846
13 14 0.24715295
14 14 0.24707288
15 14 0.24788222
16 14 0.2479496
17 14 0.07538836
18 14 5.8716716E-4
19 14 -0.0010229648
20 14 -0.0017886016
21 14 -0.0018894332
22 14 -0.0020115054
23 14 0.047670405
24 14 0.10124862
25 14 0.12644675
26 14 0.14741828
27 14 0.16067335
28 14 0.17200825
29 14 0.18181773
30 14 0.19017503
0 15 0.18113118
1 15 0.1925464
2 15 0.200099
3 15 0.20923367
4 15 0.22188693
5 15 0.23015
6 15 0.23346914
7 15 0.23736545
8 15 0.24098195
9 15 0.24352667
10 15 0.24639
11 15 0.2491962
12 15 0.24994865
13 15 0.25081804
14 15 0.24930167
15 15 0.071267694
16 15 0.06585989
17 15 0.10962863
18 15 0.0152824605
19 15 -0.0018616008
20 15 -0.0017922637
21 15 -0.0020659496
22 15 -0.002178012
23 15 0.004739086
24 15 0.079025865
25 15 0.111810796
26 15 0.13250886
27 15 0.14797077
28 15 0.16059889
29 15 0.17118181
30 15 0.18021077
0 16 0.19685286
1 16 0.21052666
2 16 0.205613
3 16 0.2127701
4 16 0.22229612
5 16 0.22750373
6 16 0.22979404
7 16 0.23381412
8 16 0.23728976
9 16 0.24005811
10 16 0.2429588
11 16 0.24594419
12 16 0.2465897
13 16 0.2445118
14 16 0.24426888
15 16 -4.2529948E-4
16 16 0.08914053
17 16 0.15552361
18 16 0.0788474
19 16 5.383383E-4
20 16 -0.001236347
21 16 -0.0016428474
22 16 -0.0017873809
23 16 0.0604311
24 16 0.10683537
25 16 0.13039726
26 16 0.14704424
27 16 0.16009718
28 16 0.17067571
29 16 0.181264
30 16 0.18748334
0 17 0.16854432
1 17 0.18071663
2 17 0.18999851
3 17 0.20377094
4 17 0.22016329
5 17 0.22750324
6 17 0.22978061
7 17 0.23489764
8 17 0.23657271
9 17 0.23944922
10 17 0.2424041
11 17 0.24494833
12 17 0.2471654
13 17 0.24243535
14 17 0.24162112
15 17 0.24226908
16 17 0.19103442
17 17 0.2238379
18 17 0.002849653
19 17 -0.001838407
20 17 -0.0020830396
21 17 -0.0013984588
22 17 -0.0023201038
23 17 0.072707415
24 17 0.11290505
25 17 0.13590246
26 17 0.15225379
27 17 0.16525741
28 17 0.1761045
29 17 0.18523256
30 17 0.1932012
0 18 0.18104623
1 18 0.19163819
2 18 0.19909802
3 18 0.20892116
4 18 0.21860467
5 18 0.22411354
6 18 0.22725128
7 18 0.23107482
8 18 0.23399137
9 18 0.2379138
10 18 0.24048316
11 18 0.2427022
12 18 0.2442303
13 18 0.22334082
14 18 0.19843882
15 18 0.18104915
16 18 0.0037095293
17 18 -0.0018835737
18 18 -0.0017702908
19 18 -0.001900908
20 18 -0.0021269857
21 18 -0.002211948
22 18 0.05757705
23 18 0.10199228
24 18 0.1258088
25 18 0.14283422
26 18 0.15603095
27 18 0.1670111
28 18 0.17636916
29 18 0.18596451
30 18 0.19275002
0 19 0.16582626
1 19 0.17729568
2 19 0.18560196
3 19 0.19619587
4 19 0.2072351
5 19 0.21167146
6 19 0.21452257
7 19 0.21839811
8 19 0.2232622
9 19 0.22644585
10 19 0.22883505
11 19 0.2312699
12 19 0.23334683
13 19 0.23440716
14 19 -9.262837E-4
15 19 -0.0015603265
16 19 -0.0020993974
17 19 -0.0021975434
18 19 -0.0020942704
19 19 -0.0023047228
20 19 -0.0015625239
21 19 0.05235383
22 19 0.0961626
23 19 0.11911315
24 19 0.13863884
25 19 0.14870809
26 19 0.16131814
27 19 0.1702321
28 19 0.17800955
29 19 0.18489589
30 19 0.1909929
0 20 0.15752731
1 20 0.17085613
2 20 0.17967512
3 20 0.18998851
4 20 0.2015292
5 20 0.20580637
6 20 0.20939969
7 20 0.21337606
8 20 0.21722183
9 20 0.22062472
10 20 0.22315527
11 20 0.22570194
12 20 0.22808895
13 20 0.22998032
14 20 0.23102722
15 20 -0.0017097429
16 20 -0.0015971924
17 20 -0.0022468606
18 20 -9.856108E-4
19 20 -0.002347448
20 20 0.06348803
21 20 0.10365515
22 20 0.12598874
23 20 0.14211203
24 20 0.15482268
25 20 0.16532162
26 20 0.17406589
27 20 0.18168052
28 20 0.18847334
29 20 0.19439507
30 20 0.19979872
0 21 0.17918755
1 21 0.18933786
2 21 0.19599006
3 21 0.20411396
4 21 0.21096759
5 21 0.21566956
6 21 0.21865886
7 21 0.22114351
8 21 0.22433546
9 21 0.22747712
10 21 0.23009752
11 21 0.23200648
12 21 0.23368278
13 21 0.23512836
14 21 0.23632735
15 21 0.23750119
16 21 0.23848021
17 21 0.23951124
18 21 0.2409573
19 21 0.24271147
20 21 0.2448458
21 21 0.24758899
22 21 0.25011614
23 21 0.25260103
24 21 0.25501123
25 21 0.2571436
26 21 0.25907478
27 21 0.2607662
28 21 0.2624547
29 21 0.26415688
30 21 0.2657333
0 22 0.27021116
1 22 0.27108154
2 22 0.2718335
3 22 0.2748653
4 22 0.2781229
5 22 0.27912194
6 22 0.27665633
7 22 0.27647153
8 22 0.27771908
9 22 0.27944958
10 22 0.2801764
11 22 0.28060097
12 22 0.28084975
13 22 0.28138566
14 22 0.2819257
15 22 0.2823576
16 22 0.28282097
17 22 0.28331244
18 22 0.28403366
19 22 0.28473923
20 22 0.28576633
21 22 0.28713647
22 22 0.28832254
23 22 0.28955033
24 22 0.29076007
25 22 0.29188314
26 22 0.29288486
27 22 0.29388487
28 22 0.29482725
29 22 0.29566932
30 22 0.29655775
0 23 0.30332422
1 23 0.30307618
2 23 0.30254906
3 23 0.30288354
4 23 0.30622125
5 23 0.3057205
6 23 0.30380812
7 23 0.3028982
8 23 0.3036836
9 23 0.30445704
10 23 0.3046272
11 23 0.30470315
12 23 0.30497414
13 23 0.30517313
14 23 0.30534035
15 23 0.3055779
16 23 0.3058013
17 23 0.30612943
18 23 0.3064573
19 23 0.30687237
20 23 0.30740583
21 23 0.30808845
22 23 0.30864608
23 23 0.30938902
24 23 0.3101229
25 23 0.31075573
26 23 0.31137294
27 23 0.3119816
28 23 0.31256363
29 23 0.3132548
30 23 0.31385735
0 24 0.31949145
1 24 0.31995362
2 24 0.32039186
3 24 0.32149538
4 24 0.32266703
5 24 0.32209867
6 24 0.3195691
7 24 0.31829467
8 24 0.31843188
9 24 0.31892577
10 24 0.3189668
11 24 0.31901905
12 24 0.31908983
13 24 0.3191848
14 24 0.3193374
15 24 0.31943604
16 24 0.31962353
17 24 0.3198362
18 24 0.3201045
19 24 0.3203352
20 24 0.3206553
21 24 0.32105082
22 24 0.3214136
23 24 0.32185307
24 24 0.32234356
25 24 0.32287407
26 24 0.32332942
27 24 0.32382208
28 24 0.32430282
29 24 0.3246683
30 24 0.32508528
0 25 0.33054924
1 25 0.3307951
2 25 0.33129463
3 25 0.33213788
4 25 0.3329121
5 25 0.332019
6 25 0.32940054
7 25 0.32780483
8 25 0.32751772
9 25 0.32805848
10 25 0.32829627
11 25 0.32829896
12 25 0.32833973
13 25 0.3283732
14 25 0.32842737
15 25 0.32849893
16 25 0.3285951
17 25 0.3287079
18 25 0.32889345
19 25 0.32913467
20 25 0.32937688
21 25 0.32964298
22 25 0.329923
23 25 0.3303139
24 25 0.33072406
25 25 0.33116058
26 25 0.33140057
27 25 0.33176875
28 25 0.33211982
29 25 0.33237985
30 25 0.332728
0 26 0.3371077
1 26 0.3376077
2 26 0.33759794
3 26 0.3374617
4 26 0.33743778
5 26 0.33582935
6 26 0.33472753
7 26 0.33297896
8 26 0.3326523
9 26 0.33307296
10 26 0.33320114
11 26 0.33334005
12 26 0.333363
13 26 0.3334221
14 26 0.33342013
15 26 0.33347824
16 26 0.3336528
17 26 0.33380246
18 26 0.33407664
19 26 0.33427
20 26 0.3344563
21 26 0.3346643
22 26 0.33496705
23 26 0.33537892
24 26 0.33571413
25 26 0.33608595
26 26 0.33635157
27 26 0.33668312
28 26 0.3369849
29 26 0.33742705
30 26 0.338012
0 27 0.34162095
1 27 0.34188122
2 27 0.34222105
3 27 0.34252918
4 27 0.34265417
5 27 0.34055063
6 27 0.3387442
7 27 0.3375086
8 27 0.33830914
9 27 0.339148
10 27 0.3392569
11 27 0.33930403
12 27 0.33935454
13 27 0.33939046
14 27 0.33941388
15 27 0.33945832
16 27 0.33948174
17 27 0.3396126
18 27 0.3397071
19 27 0.3398194
20 27 0.33991975
21 27 0.3400672
22 27 0.34016097
23 27 0.3403729
24 27 0.34051082
25 27 0.3407059
26 27 0.3409254
27 27 0.3412032
28 27 0.34138584
29 27 0.34190243
30 27 0.34218174
0 28 0.34637883
1 28 0.3465168
2 28 0.3466945
3 28 0.3465207
4 28 0.3456696
5 28 0.34464493
6 28 0.34407362
7 28 0.342734
8 28 0.342672
9 28 0.34252867
10 28 0.3422545
11 28 0.34207165
12 28 0.34195298
13 28 0.34194908
14 28 0.3419574
15 28 0.3420072
16 28 0.34213072
17 28 0.34224132
18 28 0.34242833
19 28 0.34265172
20 28 0.34278113
21 28 0.3429635
22 28 0.34319642
23 28 0.34342957
24 28 0.34367615
25 28 0.3438722
26 28 0.3440624
27 28 0.34429482
28 28 0.34441346
29 28 0.34488955
30 28 0.3451376
0 29 0.3494077
1 29 0.3498115
2 29 0.3502346
3 29 0.35037255
4 29 0.34919405
5 29 0.34819576
6 29 0.3465678
7 29 0.34463564
8 29 0.34487516
9 29 0.34534463
10 29 0.34545767
11 29 0.34557438
12 29 0.34571868
13 29 0.34594938
14 29 0.34609854
15 29 0.34622967
16 29 0.3461691
17 29 0.34624723
18 29 0.34641936
19 29 0.34665617
20 29 0.3469145
21 29 0.3471318
22 29 0.34734663
23 29 0.34765035
24 29 0.34791988
25 29 0.34821773
26 29 0.34841672
27 29 0.34857956
28 29 0.3487966
29 29 0.3493198
30 29 0.3495759
0 30 0.3442665
1 30 0.3443805
2 30 0.34898677
3 30 0.35040134
4 30 0.35210645
5 30 0.3510288
6 30 0.3494465
7 30 0.34727898
8 30 0.34802803
9 30 0.34831563
10 30 0.3482158
11 30 0.3481904
12 30 0.34820893
13 30 0.34818673
14 30 0.34816036
15 30 0.34818354
16 30 0.34822506
17 30 0.34834272
18 30 0.3484282
19 30 0.34856635
20 30 0.3481596
21 30 0.34846017
22 30 0.34874898
23 30 0.34915596
24 30 0.34953538
25 30 0.34991843
26 30 0.3502185
27 30 0.35045776
28 30 0.3508313
29 30 0.35140014
30 30 0.3517085
