0 0 0.44740602
1 0 0.44754663
2 0 0.44641063
3 0 0.44701833
4 0 0.4471714
5 0 0.44698682
6 0 0.4475369
7 0 0.44752246
8 0 0.44784644
9 0 0.44797876
10 0 0.44790676
11 0 0.44825685
12 0 0.4482671
13 0 0.44823804
14 0 0.4483223
15 0 0.44849002
16 0 0.44862455
17 0 0.4488062
18 0 0.44877395
19 0 0.44896194
20 0 0.44918388
21 0 0.44936112
22 0 0.44944656
23 0 0.44954398
24 0 0.44969463
25 0 0.44988602
26 0 0.45005473
27 0 0.45019487
28 0 0.4503521
29 0 0.4504705
30 0 0.45063752
0 1 0.44914284
1 1 0.44944242
2 1 0.44897732
3 1 0.45212018
4 1 0.45228305
5 1 0.45098004
6 1 0.44919363
7 1 0.44605368
8 1 0.4430744
9 1 0.44346747
10 1 0.44499508
11 1 0.4455449
12 1 0.4459741
13 1 0.44639698
14 1 0.4468374
15 1 0.4474097
16 1 0.4477698
17 1 0.44820753
18 1 0.448575
19 1 0.4489712
20 1 0.449355
21 1 0.4497315
22 1 0.45006645
23 1 0.4504444
24 1 0.45072833
25 1 0.4509649
26 1 0.4512823
27 1 0.45146346
28 1 0.45175105
29 1 0.4519803
30 1 0.45215413
0 2 0.45145443
1 2 0.45171613
2 2 0.4526732
3 2 0.45311728
4 2 0.45288926
5 2 0.45322055
6 2 0.45054522
7 2 0.44893044
8 2 0.44827005
9 2 0.4487725
10 2 0.4495518
11 2 0.44964188
12 2 0.44992557
13 2 0.45022026
14 2 0.4506285
15 2 0.4509141
16 2 0.45117927
17 2 0.45151326
18 2 0.45179257
19 2 0.4520035
20 2 0.45226228
21 2 0.45249668
22 2 0.45275253
23 2 0.453004
24 2 0.4532684
25 2 0.45349059
26 2 0.45368272
27 2 0.45389804
28 2 0.4540968
29 2 0.4543414
30 2 0.45453405
0 3 0.45346105
1 3 0.4536915
2 3 0.45340952
3 3 0.45334238
4 3 0.4533546
5 3 0.45417368
6 3 0.4537567
7 3 0.4528961
8 3 0.45141438
9 3 0.4514725
10 3 0.4519117
11 3 0.45208505
12 3 0.45250547
13 3 0.4526141
14 3 0.45281258
15 3 0.45294663
16 3 0.45313317
17 3 0.4534249
18 3 0.45362705
19 3 0.45391563
20 3 0.45414978
21 3 0.45438707
22 3 0.4546405
23 3 0.45483825
24 3 0.4550526
25 3 0.45525256
26 3 0.45544717
27 3 0.45562905
28 3 0.45584095
29 3 0.45597768
30 3 0.45612857
0 4 0.4554032
1 4 0.4556498
2 4 0.45554042
3 4 0.4558937
4 4 0.45641226
5 4 0.4563517
6 4 0.45451966
7 4 0.45350695
8 4 0.45316246
9 4 0.45378137
10 4 0.4540438
11 4 0.45429236
12 4 0.4543844
13 4 0.45445055
14 4 0.45456678
15 4 0.45468226
16 4 0.45483434
17 4 0.45503113
18 4 0.45518616
19 4 0.45536733
20 4 0.4556183
21 4 0.45582363
22 4 0.45607436
23 4 0.45626673
24 4 0.4564423
25 4 0.45660585
26 4 0.45673698
27 4 0.45689517
28 4 0.4570707
29 4 0.45717984
30 4 0.45736563
0 5 0.4568649
1 5 0.45728433
2 5 0.45720208
3 5 0.45771012
4 5 0.45837396
5 5 0.45765617
6 5 0.4552628
7 5 0.45435166
8 5 0.45429185
9 5 0.4551288
10 5 0.4552494
11 5 0.45529675
12 5 0.45530066
13 5 0.45544177
14 5 0.45557436
15 5 0.45573476
16 5 0.45592543
17 5 0.45610318
18 5 0.45620155
19 5 0.45631778
20 5 0.45655826
21 5 0.4567155
22 5 0.45693594
23 5 0.457152
24 5 0.4574086
25 5 0.4575651
26 5 0.45770282
27 5 0.45789933
28 5 0.45800188
29 5 0.45814374
30 5 0.45829436
0 6 0.45849943
1 6 0.45864373
2 6 0.45849335
3 6 0.4588454
4 6 0.45976728
5 6 0.45995212
6 6 0.4577924
7 6 0.4567741
8 6 0.45619327
9 6 0.4562145
10 6 0.45628238
11 6 0.45642933
12 6 0.4566691
13 6 0.45700383
14 6 0.4573029
15 6 0.4575556
16 6 0.45777434
17 6 0.4579455
18 6 0.45813617
19 6 0.45835173
20 6 0.45855975
21 6 0.45871064
22 6 0.4589323
23 6 0.45915058
24 6 0.4594526
25 6 0.45962593
26 6 0.45980293
27 6 0.45995942
28 6 0.46011594
29 6 0.46028048
30 6 0.4604216
0 7 0.45894966
1 7 0.4588471
2 7 0.4591418
3 7 0.459811
4 7 0.46035078
5 7 0.4596384
6 7 0.4582226
7 7 0.4570419
8 7 0.45625404
9 7 0.45623404
10 7 0.45636317
11 7 0.45663515
12 7 0.4563439
13 7 0.45595765
14 7 0.4564755
15 7 0.45678726
16 7 0.45707804
17 7 0.45736417
18 7 0.45760417
19 7 0.45786834
20 7 0.4580866
21 7 0.458414
22 7 0.45866057
23 7 0.45897552
24 7 0.4592663
25 7 0.45959735
26 7 0.45981857
27 7 0.45904902
28 7 0.45940864
29 7 0.45966962
30 7 0.45990646
0 8 0.45674405
1 8 0.4564413
2 8 0.45678774
3 8 0.4578913
4 8 0.45847332
5 8 0.45756218
6 8 0.45593202
7 8 0.45485803
8 8 0.45392075
9 8 0.45399767
10 8 0.45440832
11 8 0.45492345
12 8 0.4543866
13 8 0.4547577
14 8 0.45528334
15 8 0.45562953
16 8 0.45586511
17 8 0.45603213
18 8 0.4562345
19 8 0.45649698
20 8 0.45667446
21 8 0.45702702
22 8 0.45745158
23 8 0.45786124
24 8 0.45821208
25 8 0.45873505
26 8 0.45910028
27 8 0.45948407
28 8 0.45969844
29 8 0.46010542
30 8 0.4603725
0 9 0.45677236
1 9 0.4565502
2 9 0.4570407
3 9 0.45848554
4 9 0.45964375
5 9 0.45796967
6 9 0.4568239
7 9 0.45559365
8 9 0.45496106
9 9 0.45487976
10 9 0.45533827
11 9 0.4556449
12 9 0.45587122
13 9 0.45595962
14 9 0.45612758
15 9 0.45627993
16 9 0.45633486
17 9 0.4563744
18 9 0.4564511
19 9 0.45663467
20 9 0.4569147
21 9 0.45706436
22 9 0.4575927
23 9 0.45814276
24 9 0.45864326
25 9 0.45921576
26 9 0.45959467
27 9 0.46011227
28 9 0.46052805
29 9 0.46078366
30 9 0.46099606
0 10 0.28168887
1 10 0.3044275
2 10 0.32315925
3 10 0.3377984
4 10 0.35002342
5 10 0.35982263
6 10 0.36814478
7 10 0.37365147
8 10 0.37722868
9 10 0.38115403
10 10 0.3845198
11 10 0.38805038
12 10 0.39091173
13 10 0.39406
14 10 0.39619625
15 10 0.06172824
16 10 0.03774838
17 10 0.0044136415
18 10 -0.001855253
19 10 -9.914703E-4
20 10 -0.0021279622
21 10 -0.0020527658
22 10 0.0900463
23 10 0.13960712
24 10 0.16757165
25 10 0.18819965
26 10 0.20383686
27 10 0.21701895
28 10 0.22868343
29 10 0.2382219
30 10 0.24682018
0 11 0.19386576
1 11 0.21217072
2 11 0.2266087
3 11 0.23910205
4 11 0.25008807
5 11 0.2616639
6 11 0.26850778
7 11 0.27342558
8 11 0.2774471
9 11 0.28243378
10 11 0.28629637
11 11 0.29062235
12 11 0.29402843
13 11 0.29757756
14 11 0.22598954
15 11 0.093786836
16 11 0.17411521
17 11 0.010457924
18 11 -0.0019255666
19 11 -0.0018547646
20 11 -0.0010293126
21 11 -0.0018940719
22 11 0.028851027
23 11 0.116089426
24 11 0.1508153
25 11 0.17004313
26 11 0.18492495
27 11 0.1970975
28 11 0.20748389
29 11 0.21646157
30 11 0.22437501
0 12 0.18922922
1 12 0.20508175
2 12 0.21725138
3 12 0.23021665
4 12 0.23973902
5 12 0.24827065
6 12 0.2538806
7 12 0.25797954
8 12 0.26182577
9 12 0.26605704
10 12 0.2693481
11 12 0.27321512
12 12 0.2771417
13 12 0.27748862
14 12 0.2788253
15 12 0.28004506
16 12 0.28049624
17 12 0.24400885
18 12 -9.909819E-4
19 12 -7.0142676E-4
20 12 8.9845125E-5
21 12 -0.0014487526
22 12 -0.0013855193
23 12 0.08824744
24 12 0.12999931
25 12 0.1539838
26 12 0.17140888
27 12 0.18509927
28 12 0.19635457
29 12 0.20755005
30 12 0.21544373
0 13 0.19263893
1 13 0.20593552
2 13 0.21656117
3 13 0.2260054
4 13 0.23451604
5 13 0.24294733
6 13 0.24828748
7 13 0.2518183
8 13 0.25561523
9 13 0.2596651
10 13 0.2642511
11 13 0.26805317
12 13 0.27102295
13 13 0.27131227
14 13 0.273053
15 13 0.275576
16 13 0.2767816
17 13 0.27718955
18 13 0.0018889449
19 13 -0.0012370795
20 13 -0.0012146182
21 13 -1.5063708E-4
22 13 -0.0019133594
23 13 0.07380582
24 13 0.12727612
25 13 0.15334292
26 13 0.17145844
27 13 0.18792377
28 13 0.19882116
29 13 0.2081902
30 13 0.2160912
0 14 0.19239332
1 14 0.20576194
2 14 0.21585219
3 14 0.22483107
4 14 0.23348746
5 14 0.24025123
6 14 0.24561094
7 14 0.25119013
8 14 0.2558999
9 14 0.26081672
10 14 0.26334876
11 14 0.26642352
12 14 0.26948607
13 14 0.26985717
14 14 0.27327225
15 14 0.27560577
16 14 0.27673274
17 14 0.26820478
18 14 0.07379922
19 14 -0.0021025713
20 14 -0.0020481271
21 14 -0.0017356223
22 14 -0.0013669643
23 14 0.07386222
24 14 0.12830128
25 14 0.15392911
26 14 0.17147186
27 14 0.18522257
28 14 0.19821836
29 14 0.20724511
30 14 0.21493103
0 15 0.17996466
1 15 0.19582526
2 15 0.20768091
3 15 0.21752822
4 15 0.22562577
5 15 0.2325978
6 15 0.23845287
7 15 0.24409358
8 15 0.24827309
9 15 0.25208637
10 15 0.2566619
11 15 0.260817
12 15 0.26429555
13 15 0.26628044
14 15 0.267268
15 15 0.18268517
16 15 0.08905751
17 15 0.17942339
18 15 0.13356332
19 15 -0.0011252613
20 15 -5.6055543E-4
21 15 -0.002086946
22 15 -0.0016164798
23 15 0.07005234
24 15 0.124943316
25 15 0.15070738
26 15 0.1683915
27 15 0.18441541
28 15 0.19494659
29 15 0.20379975
30 15 0.21153472
0 16 0.17187275
1 16 0.1910703
2 16 0.20249967
3 16 0.21245931
4 16 0.2206396
5 16 0.22772272
6 16 0.23352286
7 16 0.23840429
8 16 0.24257696
9 16 0.2462633
10 16 0.24989566
11 16 0.2535139
12 16 0.2553181
13 16 0.25673416
14 16 0.255594
15 16 0.0033203634
16 16 0.13171588
17 16 0.18051106
18 16 0.05176178
19 16 3.0981918E-4
20 16 -9.201801E-4
21 16 0.003932677
22 16 -0.0018181431
23 16 0.084949784
24 16 0.12784986
25 16 0.15096837
26 16 0.16763
27 16 0.18043514
28 16 0.1910227
29 16 0.19987391
30 16 0.20747973
0 17 0.17925763
1 17 0.19303298
2 17 0.20310614
3 17 0.21336825
4 17 0.22102535
5 17 0.22775958
6 17 0.23326626
7 17 0.23770896
8 17 0.24128494
9 17 0.24472542
10 17 0.24813832
11 17 0.2513415
12 17 0.25273603
13 17 0.25367892
14 17 0.25576735
15 17 0.25988728
16 17 0.24078006
17 17 0.2462069
18 17 -8.779431E-4
19 17 -0.0010139315
20 17 -0.0013337607
21 17 -0.001446067
22 17 0.024485482
23 17 0.11387845
24 17 0.14305174
25 17 0.16219632
26 17 0.17912969
27 17 0.19023801
28 17 0.19935705
29 17 0.20712231
30 17 0.21383213
0 18 0.18191391
1 18 0.19503278
2 18 0.20457856
3 18 0.21265194
4 18 0.22004952
5 18 0.22725616
6 18 0.232423
7 18 0.23638178
8 18 0.23986915
9 18 0.24327399
10 18 0.24639416
11 18 0.24981144
12 18 0.2525024
13 18 0.25107953
14 18 0.25256002
15 18 0.20651756
16 18 0.03803574
17 18 -0.0012966507
18 18 0.0035369194
19 18 -0.0021433434
20 18 -0.0021435875
21 18 0.01425974
22 18 0.113836944
23 18 0.13968548
24 18 0.15724923
25 18 0.17066838
26 18 0.18148154
27 18 0.19057494
28 18 0.19831944
29 18 0.20509322
30 18 0.21108355
0 19 0.162252
1 19 0.17894047
2 19 0.1905852
3 19 0.20009705
4 19 0.20955326
5 19 0.21628383
6 19 0.22179686
7 19 0.22589286
8 19 0.22957212
9 19 0.23313881
10 19 0.2363962
11 19 0.23946875
12 19 0.24223368
13 19 0.1489156
14 19 0.007964722
15 19 -0.0017746853
16 19 -0.001402121
17 19 -0.0011665218
18 19 -2.6977953E-4
19 19 -0.0016120852
20 19 -0.0019988099
21 19 0.07173645
22 19 0.1133533
23 19 0.13566126
24 19 0.15121911
25 19 0.16341828
26 19 0.17344698
27 19 0.18198228
28 19 0.18942599
29 19 0.19708066
30 19 0.20274284
0 20 0.15840258
1 20 0.17690895
2 20 0.18550113
3 20 0.19624886
4 20 0.2035434
5 20 0.20946805
6 20 0.2148009
7 20 0.21942206
8 20 0.22317138
9 20 0.2266585
10 20 0.22992711
11 20 0.2328959
12 20 0.23565814
13 20 0.23813622
14 20 0.24049929
15 20 -0.0017817655
16 20 0.0018579386
17 20 -6.010834E-4
18 20 -0.001435813
19 20 0.018663371
20 20 0.06537307
21 20 0.11479814
22 20 0.1381149
23 20 0.1539589
24 20 0.16823915
25 20 0.17773344
26 20 0.18578848
27 20 0.19268923
28 20 0.19875695
29 20 0.20415156
30 20 0.20894827
0 21 0.22725078
1 21 0.23003013
2 21 0.23260732
3 21 0.2363171
4 21 0.23905957
5 21 0.24154226
6 21 0.24410407
7 21 0.24599107
8 21 0.24768445
9 21 0.24949478
10 21 0.25125653
11 21 0.25299996
12 21 0.25464916
13 21 0.25621632
14 21 0.25797147
15 21 0.25928327
16 21 0.2605074
17 21 0.2616356
18 21 0.26282483
19 21 0.2641349
20 21 0.26549307
21 21 0.26694915
22 21 0.26841134
23 21 0.26995358
24 21 0.27141723
25 21 0.27301785
26 21 0.27432963
27 21 0.2756856
28 21 0.2770123
29 21 0.27824572
30 21 0.27946642
0 22 0.28431684
1 22 0.28518015
2 22 0.28603464
3 22 0.2881621
4 22 0.29007792
5 22 0.29114214
6 22 0.29169416
7 22 0.2922496
8 22 0.2930753
9 22 0.29402354
10 22 0.29475793
11 22 0.29560658
12 22 0.29638833
13 22 0.29721743
14 22 0.29814667
15 22 0.2988134
16 22 0.29955366
17 22 0.30028486
18 22 0.30101243
19 22 0.30176976
20 22 0.30260667
21 22 0.30347168
22 22 0.30432716
23 22 0.30523708
24 22 0.3060611
25 22 0.3068111
26 22 0.30777693
27 22 0.30856892
28 22 0.3093231
29 22 0.3101378
30 22 0.31081018
0 23 0.3137858
1 23 0.3142536
2 23 0.31439885
3 23 0.3153029
4 23 0.31639132
5 23 0.31709373
6 23 0.31743822
7 23 0.31775633
8 23 0.31827173
9 23 0.31877074
10 23 0.31926757
11 23 0.31978396
12 23 0.32029444
13 23 0.32079983
14 23 0.32134232
15 23 0.32186162
16 23 0.32252106
17 23 0.32311115
18 23 0.3236341
19 23 0.32419807
20 23 0.32468855
21 23 0.32527158
22 23 0.32581064
23 23 0.3263805
24 23 0.3269435
25 23 0.3274994
26 23 0.32807362
27 23 0.32871035
28 23 0.3292897
29 23 0.32982072
30 23 0.3303554
0 24 0.3324841
1 24 0.33270773
2 24 0.3326047
3 24 0.33290303
4 24 0.33394775
5 24 0.33430395
6 24 0.33460084
7 24 0.33476293
8 24 0.33502662
9 24 0.3354446
10 24 0.33588186
11 24 0.33631715
12 24 0.33668754
13 24 0.33709306
14 24 0.33747244
15 24 0.33786893
16 24 0.3383526
17 24 0.33873174
18 24 0.33908576
19 24 0.33946297
20 24 0.33984578
21 24 0.3403104
22 24 0.34066853
23 24 0.34109947
24 24 0.34151083
25 24 0.34191686
26 24 0.34236875
27 24 0.3428756
28 24 0.34334582
29 24 0.34380603
30 24 0.3442499
0 25 0.34555313
1 25 0.34582487
2 25 0.34581828
3 25 0.34586492
4 25 0.34630314
5 25 0.34682342
6 25 0.34696284
7 25 0.34697747
8 25 0.34741083
9 25 0.34748432
10 25 0.34762713
11 25 0.34778193
12 25 0.34800142
13 25 0.34832662
14 25 0.3485566
15 25 0.34882393
16 25 0.349093
17 25 0.34937742
18 25 0.34980053
19 25 0.3501113
20 25 0.35039014
21 25 0.35067993
22 25 0.3509558
23 25 0.35132983
24 25 0.3516316
25 25 0.35192236
26 25 0.35230422
27 25 0.35255128
28 25 0.35290286
29 25 0.35332963
30 25 0.35360354
0 26 0.35491508
1 26 0.35503083
2 26 0.35499153
3 26 0.35487384
4 26 0.35538435
5 26 0.35583112
6 26 0.3559798
7 26 0.35596785
8 26 0.35590607
9 26 0.3558692
10 26 0.35602057
11 26 0.3562877
12 26 0.35641804
13 26 0.35660654
14 26 0.35685164
15 26 0.35710043
16 26 0.35734603
17 26 0.3575714
18 26 0.35788536
19 26 0.35822204
20 26 0.3583961
21 26 0.35865515
22 26 0.35890174
23 26 0.35921985
24 26 0.35943812
25 26 0.35977697
26 26 0.36005384
27 26 0.36036244
28 26 0.36063465
29 26 0.36101285
30 26 0.3613544
0 27 0.36230046
1 27 0.36235687
2 27 0.36229217
3 27 0.36230826
4 27 0.36300653
5 27 0.3633022
6 27 0.36352313
7 27 0.36357856
8 27 0.36363935
9 27 0.3637326
10 27 0.36387837
11 27 0.3640981
12 27 0.36433688
13 27 0.36448923
14 27 0.3646933
15 27 0.3648845
16 27 0.36511815
17 27 0.36534423
18 27 0.3655461
19 27 0.36586082
20 27 0.36604956
21 27 0.3663064
22 27 0.36643383
23 27 0.36665332
24 27 0.36688355
25 27 0.36710548
26 27 0.3673391
27 27 0.36749145
28 27 0.3677112
29 27 0.3678894
30 27 0.36814064
0 28 0.36839846
1 28 0.3683931
2 28 0.36835012
3 28 0.36845753
4 28 0.36915895
5 28 0.36918265
6 28 0.369366
7 28 0.36946073
8 28 0.36961675
9 28 0.36976153
10 28 0.36995757
11 28 0.37018096
12 28 0.3703687
13 28 0.3705142
14 28 0.3707442
15 28 0.3709212
16 28 0.37114656
17 28 0.37136456
18 28 0.37159967
19 28 0.3718685
20 28 0.37206942
21 28 0.37236458
22 28 0.3725494
23 28 0.3727767
24 28 0.3729571
25 28 0.3732423
26 28 0.37341538
27 28 0.37366295
28 28 0.37394884
29 28 0.37424767
30 28 0.3743927
0 29 0.37529138
1 29 0.37506947
2 29 0.3749027
3 29 0.37491783
4 29 0.37567422
5 29 0.37574401
6 29 0.37542567
7 29 0.37544814
8 29 0.37555605
9 29 0.37570715
10 29 0.37581092
11 29 0.37585193
12 29 0.3759352
13 29 0.3760529
14 29 0.3762543
15 29 0.37638223
16 29 0.3764296
17 29 0.3765082
18 29 0.37662953
19 29 0.37682804
20 29 0.3769523
21 29 0.37719303
22 29 0.37738737
23 29 0.37757266
24 29 0.3777975
25 29 0.3779389
26 29 0.37817255
27 29 0.37837103
28 29 0.37856293
29 29 0.37878656
30 29 0.3789306
0 30 0.37941158
1 30 0.37938568
2 30 0.37933907
3 30 0.37911126
4 30 0.37946698
5 30 0.379382
6 30 0.3792624
7 30 0.3790219
8 30 0.3788659
9 30 0.37890008
10 30 0.3789621
11 30 0.3790705
12 30 0.37925044
13 30 0.37937984
14 30 0.3794848
15 30 0.37961078
16 30 0.3797895
17 30 0.3799267
18 30 0.38011056
19 30 0.3803088
20 30 0.38042185
21 30 0.38058662
22 30 0.38075778
23 30 0.38094234
24 30 0.38118845
25 30 0.3813835
26 30 0.3815122
27 30 0.38178733
28 30 0.3820122
29 30 0.38221946
30 30 0.38230443
