0 0 0.44890726
1 0 0.44895756
2 0 0.44946465
3 0 0.4496187
4 0 0.4494539
5 0 0.44953227
6 0 0.44928348
7 0 0.44895023
8 0 0.44821438
9 0 0.44800052
10 0 0.44799903
11 0 0.44807595
12 0 0.4480166
13 0 0.4482251
14 0 0.4483665
15 0 0.44860452
16 0 0.44884402
17 0 0.44903958
18 0 0.4493013
19 0 0.449585
20 0 0.44988507
21 0 0.45011652
22 0 0.45041484
23 0 0.4505904
24 0 0.45074394
25 0 0.45096734
26 0 0.45110896
27 0 0.45130402
28 0 0.4514764
29 0 0.45151424
30 0 0.45174178
0 1 0.450397
1 1 0.45045415
2 1 0.45057842
3 1 0.45031476
4 1 0.45019293
5 1 0.45010185
6 1 0.4490989
7 1 0.4489507
8 1 0.44807667
9 1 0.4481155
10 1 0.44862625
11 1 0.44915068
12 1 0.44944364
13 1 0.44961455
14 1 0.4498594
15 1 0.44995853
16 1 0.4501336
17 1 0.45034137
18 1 0.45051447
19 1 0.45064604
20 1 0.45086995
21 1 0.4510821
22 1 0.4513658
23 1 0.451587
24 1 0.45180744
25 1 0.4519857
26 1 0.45216438
27 1 0.45240584
28 1 0.45257893
29 1 0.45272398
30 1 0.45291024
0 2 0.45272398
1 2 0.45288754
2 2 0.45285484
3 2 0.45257187
4 2 0.45316172
5 2 0.4537904
6 2 0.45171908
7 2 0.45151448
8 2 0.4507249
9 2 0.45087507
10 2 0.45123932
11 2 0.45168146
12 2 0.45186213
13 2 0.45215976
14 2 0.45245564
15 2 0.45259604
16 2 0.45264852
17 2 0.45276085
18 2 0.4530023
19 2 0.45313632
20 2 0.45337853
21 2 0.4535897
22 2 0.45386168
23 2 0.45405334
24 2 0.45425183
25 2 0.45440271
26 2 0.4545885
27 2 0.45470887
28 2 0.45486632
29 2 0.45499524
30 2 0.45514563
0 3 0.45487854
1 3 0.45485997
2 3 0.45459142
3 3 0.45448497
4 3 0.4553854
5 3 0.45607606
6 3 0.45486706
7 3 0.45354038
8 3 0.45298788
9 3 0.45316952
10 3 0.45327842
11 3 0.4534447
12 3 0.4536766
13 3 0.45388415
14 3 0.45405942
15 3 0.454171
16 3 0.45439708
17 3 0.45459288
18 3 0.45477086
19 3 0.45505238
20 3 0.45528284
21 3 0.45553628
22 3 0.45567006
23 3 0.45593226
24 3 0.4561288
25 3 0.45630753
26 3 0.45650065
27 3 0.45662296
28 3 0.45680678
29 3 0.45692202
30 3 0.45710024
0 4 0.4561906
1 4 0.45636806
2 4 0.45654237
3 4 0.45685732
4 4 0.45819402
5 4 0.45797136
6 4 0.45496863
7 4 0.4547948
8 4 0.4544486
9 4 0.45472863
10 4 0.45483485
11 4 0.45531482
12 4 0.4554374
13 4 0.45556384
14 4 0.45580506
15 4 0.45604214
16 4 0.45627213
17 4 0.45650673
18 4 0.45667252
19 4 0.45698893
20 4 0.45732316
21 4 0.45757633
22 4 0.45778996
23 4 0.45808953
24 4 0.4583852
25 4 0.45865032
26 4 0.45881194
27 4 0.45908028
28 4 0.4592536
29 4 0.45947066
30 4 0.45965326
0 5 0.46008858
1 5 0.46006808
2 5 0.4595771
3 5 0.45991817
4 5 0.46129173
5 5 0.46086642
6 5 0.46006978
7 5 0.4592746
8 5 0.4585268
9 5 0.45840815
10 5 0.45831293
11 5 0.45833856
12 5 0.45826605
13 5 0.45828533
14 5 0.45846552
15 5 0.45852923
16 5 0.45856562
17 5 0.45860565
18 5 0.4586828
19 5 0.458841
20 5 0.45895013
21 5 0.45910078
22 5 0.45929757
23 5 0.45950067
24 5 0.45964596
25 5 0.4598664
26 5 0.46002364
27 5 0.46016574
28 5 0.46037373
29 5 0.46051705
30 5 0.46062106
0 6 0.45909077
1 6 0.4589328
2 6 0.45899236
3 6 0.4593354
4 6 0.46033785
5 6 0.46047017
6 6 0.458934
7 6 0.45790032
8 6 0.45690542
9 6 0.45685464
10 6 0.4565641
11 6 0.4566049
12 6 0.4559684
13 6 0.45636073
14 6 0.45661074
15 6 0.4568678
16 6 0.4570707
17 6 0.45728484
18 6 0.45750993
19 6 0.45772257
20 6 0.45797992
21 6 0.4581879
22 6 0.45847479
23 6 0.4586413
24 6 0.4588825
25 6 0.4590754
26 6 0.4593359
27 6 0.45953315
28 6 0.45965254
29 6 0.4598823
30 6 0.4600527
0 7 0.4592956
1 7 0.45912617
2 7 0.4590954
3 7 0.45901558
4 7 0.4614233
5 7 0.45936468
6 7 0.45797306
7 7 0.45658708
8 7 0.456381
9 7 0.45646694
10 7 0.4566073
11 7 0.45684218
12 7 0.45712346
13 7 0.4572885
14 7 0.45745304
15 7 0.45755047
16 7 0.45762467
17 7 0.45769888
18 7 0.4578493
19 7 0.45801044
20 7 0.45827094
21 7 0.4585717
22 7 0.45886004
23 7 0.4591772
24 7 0.45951337
25 7 0.45979196
26 7 0.46007663
27 7 0.45986983
28 7 0.46013546
29 7 0.46045431
30 7 0.46065745
0 8 0.45826408
1 8 0.45813274
2 8 0.457914
3 8 0.45836076
4 8 0.45875654
5 8 0.4572045
6 8 0.45594397
7 8 0.454755
8 8 0.45464268
9 8 0.45482555
10 8 0.45521814
11 8 0.4555658
12 8 0.4556786
13 8 0.45577627
14 8 0.45589173
15 8 0.45603797
16 8 0.45608875
17 8 0.45618618
18 8 0.45633072
19 8 0.45652553
20 8 0.4567826
21 8 0.45715252
22 8 0.45759222
23 8 0.45808563
24 8 0.45856732
25 8 0.4589255
26 8 0.45933345
27 8 0.459644
28 8 0.45996967
29 8 0.46025434
30 8 0.46052364
0 9 0.45727262
1 9 0.45710588
2 9 0.45734414
3 9 0.45803165
4 9 0.45921698
5 9 0.45779166
6 9 0.45687613
7 9 0.4556647
8 9 0.45559803
9 9 0.45612466
10 9 0.45661026
11 9 0.4570524
12 9 0.45723015
13 9 0.45750993
14 9 0.45745108
15 9 0.45734465
16 9 0.45720646
17 9 0.45702556
18 9 -0.0013554895
19 9 0.0029297322
20 9 0.102417335
21 9 0.18465126
22 9 0.2168417
23 9 0.23958814
24 9 0.2570574
25 9 0.2709856
26 9 0.28269547
27 9 0.29274228
28 9 0.30152535
29 9 0.30929622
30 9 0.31618696
0 10 0.21634193
1 10 0.238364
2 10 0.25699222
3 10 0.27013987
4 10 0.2818771
5 10 0.29321054
6 10 0.30006757
7 10 0.30590945
8 10 0.31116834
9 10 0.31621796
10 10 0.3213262
11 10 0.32535288
12 10 0.32984123
13 10 0.33358395
14 10 0.16500838
15 10 0.0033137714
16 10 2.8809035E-4
17 10 -0.0012773633
18 10 -0.0016281988
19 10 -0.0015564203
20 10 -0.0013249714
21 10 -9.7242696E-4
22 10 0.10407508
23 10 0.14733355
24 10 0.1723935
25 10 0.19048655
26 10 0.2047065
27 10 0.21657412
28 10 0.22669414
29 10 0.23547553
30 10 0.2431087
0 11 0.18526065
1 11 0.20712255
2 11 0.22003339
3 11 0.23150232
4 11 0.24123172
5 11 0.24973503
6 11 0.25660303
7 11 0.26244104
8 11 0.267549
9 11 0.27279642
10 11 0.27753744
11 11 0.28154653
12 11 0.2859785
13 11 0.28956717
14 11 0.25766045
15 11 0.017452903
16 11 0.11448246
17 11 -8.7208365E-4
18 11 -7.2681776E-4
19 11 -0.0011272145
20 11 -1.17677584E-4
21 11 -0.0018432899
22 11 0.079087146
23 11 0.14422388
24 11 0.16809095
25 11 0.18551798
26 11 0.19876525
27 11 0.20979373
28 11 0.21923284
29 11 0.22730426
30 11 0.23398967
0 12 0.19643049
1 12 0.21124469
2 12 0.22207175
3 12 0.23117736
4 12 0.23982495
5 12 0.24845204
6 12 0.25400266
7 12 0.25879985
8 12 0.2631825
9 12 0.2679367
10 12 0.27179933
11 12 0.27517414
12 12 0.27868566
13 12 0.27804136
14 12 0.27951843
15 12 0.2815729
16 12 0.27615485
17 12 0.023106799
18 12 -7.89807E-4
19 12 -6.1622035E-4
20 12 -9.2726026E-4
21 12 -0.0014074922
22 12 0.010928146
23 12 0.12174845
24 12 0.15767966
25 12 0.17671022
26 12 0.19105834
27 12 0.20259538
28 12 0.21220979
29 12 0.22052096
30 12 0.2277215
0 13 0.19910802
1 13 0.212462
2 13 0.2222556
3 13 0.23043467
4 13 0.23785691
5 13 0.24426644
6 13 0.2511164
7 13 0.25540382
8 13 0.2590982
9 13 0.26328674
10 13 0.26717865
11 13 0.27084497
12 13 0.27263355
13 13 0.27420732
14 13 0.27637213
15 13 0.27900305
16 13 0.2810512
17 13 0.28205997
18 13 5.9131766E-4
19 13 -7.8516826E-4
20 13 -0.0010586099
21 13 -0.0016137942
22 13 -0.0013713589
23 13 0.08120583
24 13 0.13552356
25 13 0.16161746
26 13 0.1828109
27 13 0.19606037
28 13 0.20701025
29 13 0.21593396
30 13 0.22362329
0 14 0.19776255
1 14 0.211138
2 14 0.22122018
3 14 0.22940244
4 14 0.23681417
5 14 0.2441075
6 14 0.24995573
7 14 0.25610206
8 14 0.2607762
9 14 0.26447645
10 14 0.26829928
11 14 0.27177295
12 14 0.27475908
13 14 0.27503547
14 14 0.2773292
15 14 0.27950573
16 14 0.28119376
17 14 0.13418785
18 14 0.019816954
19 14 -0.0022961777
20 14 -0.0021792327
21 14 -0.0015002671
22 14 -0.001309102
23 14 0.09777908
24 14 0.14279051
25 14 0.16685753
26 14 0.18385608
27 14 0.19696689
28 14 0.20762745
29 14 0.2167687
30 14 0.22438625
0 15 0.1869433
1 15 0.20294158
2 15 0.21439733
3 15 0.22525637
4 15 0.2336066
5 15 0.23991455
6 15 0.24513754
7 15 0.24984123
8 15 0.2540405
9 15 0.25856572
10 15 0.26210046
11 15 0.26666766
12 15 0.26718402
13 15 0.26899776
14 15 0.14637455
15 15 0.110258035
16 15 0.12613206
17 15 0.16088746
18 15 0.09187519
19 15 0.0024560923
20 15 -0.0017976349
21 15 -0.0017956818
22 15 -0.001890654
23 15 0.08871425
24 15 0.13754287
25 15 0.16148295
26 15 0.17851958
27 15 0.19168653
28 15 0.20422895
29 15 0.21263412
30 15 0.21969257
0 16 0.17986725
1 16 0.19978309
2 16 0.21121807
3 16 0.22031245
4 16 0.22784162
5 16 0.23409416
6 16 0.23954225
7 16 0.24438411
8 16 0.24886635
9 16 0.25251412
10 16 0.25622168
11 16 0.25966412
12 16 0.2606622
13 16 0.26313415
14 16 0.22408961
15 16 0.056899797
16 16 0.15472527
17 16 0.18973532
18 16 0.17942365
19 16 -0.0021313804
20 16 -0.002014191
21 16 -0.0015298085
22 16 -0.0021167316
23 16 0.09146649
24 16 0.1343248
25 16 0.15774484
26 16 0.17452586
27 16 0.18747577
28 16 0.19787608
29 16 0.20665282
30 16 0.21548377
0 17 0.19205812
1 17 0.20474678
2 17 0.21510974
3 17 0.22294676
4 17 0.2291959
5 17 0.23499651
6 17 0.24015015
7 17 0.2451849
8 17 0.24898306
9 17 0.25325534
10 17 0.25652102
11 17 0.2597708
12 17 0.2611915
13 17 0.26234555
14 17 0.26411682
15 17 0.26695207
16 17 0.2686418
17 17 0.075149834
18 17 -8.603647E-4
19 17 -0.00167776
20 17 -0.0019399711
21 17 -0.0012651561
22 17 0.08490462
23 17 0.13355649
24 17 0.15849338
25 17 0.17571045
26 17 0.18887033
27 17 0.19956164
28 17 0.21003911
29 17 0.21737246
30 17 0.22371167
0 18 0.18893649
1 18 0.20204826
2 18 0.2117967
3 18 0.2200268
4 18 0.22681573
5 18 0.2329518
6 18 0.23818383
7 18 0.24257696
8 18 0.24652526
9 18 0.24902505
10 18 0.25278586
11 18 0.25562647
12 18 0.2582857
13 18 0.24116898
14 18 0.19482085
15 18 0.08359918
16 18 -0.0012148623
17 18 2.2998398E-4
18 18 -6.596781E-4
19 18 -0.0016494393
20 18 -0.0016633555
21 18 0.06978281
22 18 0.12703758
23 18 0.14953133
24 18 0.16569199
25 18 0.17831498
26 18 0.18873043
27 18 0.1975582
28 18 0.20525363
29 18 0.21195197
30 18 0.21778703
0 19 0.16901162
1 19 0.18584709
2 19 0.19742686
3 19 0.20844631
4 19 0.2160077
5 19 0.22230662
6 19 0.22823592
7 19 0.23256582
8 19 0.2363879
9 19 0.24004444
10 19 0.24333648
11 19 0.2463607
12 19 0.24919327
13 19 0.17700784
14 19 -9.582666E-4
15 19 -0.0013635462
16 19 -0.0013408408
17 19 -8.701305E-4
18 19 -0.0011172045
19 19 -0.0022888533
20 19 0.036677808
21 19 0.1114165
22 19 0.13749258
23 19 0.1546906
24 19 0.16773328
25 19 0.17837773
26 19 0.18728949
27 19 0.19506598
28 19 0.20196037
29 19 0.20815748
30 19 0.21352378
0 20 0.17010783
1 20 0.18525527
2 20 0.19608088
3 20 0.20440498
4 20 0.21116632
5 20 0.2172455
6 20 0.22297119
7 20 0.22807868
8 20 0.23249844
9 20 0.23638935
10 20 0.24053444
11 20 0.2437259
12 20 0.24644762
13 20 0.24881533
14 20 0.25088078
15 20 -8.5572596E-4
16 20 -0.0011325857
17 20 -0.001611841
18 20 -0.0013222859
19 20 0.005695644
20 20 0.09576123
21 20 0.13225226
22 20 0.15300624
23 20 0.16795301
24 20 0.17958795
25 20 0.1891152
26 20 0.19709677
27 20 0.20405146
28 20 0.21022269
29 20 0.21572205
30 20 0.22065206
0 21 0.24074025
1 21 0.24318244
2 21 0.24536167
3 21 0.24769862
4 21 0.25016937
5 21 0.25217745
6 21 0.2544685
7 21 0.25734037
8 21 0.25959674
9 21 0.26209238
10 21 0.2641068
11 21 0.26602337
12 21 0.26772797
13 21 0.26933274
14 21 0.2708164
15 21 0.27219167
16 21 0.27335623
17 21 0.27452812
18 21 0.27569515
19 21 0.27705574
20 21 0.27879968
21 21 0.28029263
22 21 0.2818637
23 21 0.28345355
24 21 0.28496653
25 21 0.2863762
26 21 0.2877898
27 21 0.2892095
28 21 0.29056644
29 21 0.2918421
30 21 0.2931778
0 22 0.29857585
1 22 0.2992343
2 22 0.29972675
3 22 0.30032736
4 22 0.3007751
5 22 0.30120456
6 22 0.3019431
7 22 0.3033081
8 22 0.3051563
9 22 0.30671367
10 22 0.30822885
11 22 0.30919027
12 22 0.31014147
13 22 0.31095153
14 22 0.31176257
15 22 0.31246963
16 22 0.3132289
17 22 0.31389493
18 22 0.31464788
19 22 0.3154047
20 22 0.3162297
21 22 0.31712034
22 22 0.31791112
23 22 0.31877637
24 22 0.31959596
25 22 0.32034644
26 22 0.32118192
27 22 0.3218787
28 22 0.3226524
29 22 0.32337213
30 22 0.32412556
0 23 0.3265272
1 23 0.3267135
2 23 0.32676575
3 23 0.32689124
4 23 0.32710266
5 23 0.32728016
6 23 0.32755554
7 23 0.32883316
8 23 0.3303405
9 23 0.3315788
10 23 0.33229196
11 23 0.33272824
12 23 0.3331213
13 23 0.333415
14 23 0.33380175
15 23 0.33420214
16 23 0.33455274
17 23 0.33491552
18 23 0.33531737
19 23 0.33575562
20 23 0.33621657
21 23 0.33651078
22 23 0.33705032
23 23 0.3375408
24 23 0.33802396
25 23 0.33846173
26 23 0.3389256
27 23 0.33944124
28 23 0.33990145
29 23 0.34037995
30 23 0.34083822
0 24 0.34239978
1 24 0.34267297
2 24 0.3424862
3 24 0.34232336
4 24 0.34222886
5 24 0.34223253
6 24 0.34251404
7 24 0.3436908
8 24 0.3445453
9 24 0.34538394
10 24 0.34632537
11 24 0.34714326
12 24 0.34782565
13 24 0.34832588
14 24 0.34872603
15 24 0.34918553
16 24 0.349573
17 24 0.3499487
18 24 0.35033226
19 24 0.3509065
20 24 0.35134667
21 24 0.35177395
22 24 0.35224244
23 24 0.35272
24 24 0.3531675
25 24 0.35354668
26 24 0.35394853
27 24 0.35437408
28 24 0.35481012
29 24 0.35524663
30 24 0.35555622
0 25 0.35721004
1 25 0.3570433
2 25 0.35679573
3 25 0.35666806
4 25 0.35661092
5 25 0.35655722
6 25 0.35676035
7 25 0.35769662
8 25 0.35853502
9 25 0.35949597
10 25 0.36035854
11 25 0.3609811
12 25 0.3616293
13 25 0.36205608
14 25 0.3624069
15 25 0.36278388
16 25 0.36304143
17 25 0.36335444
18 25 0.3636064
19 25 0.3638808
20 25 0.36418673
21 25 0.3644277
22 25 0.36470968
23 25 0.36508763
24 25 0.3653525
25 25 0.36568528
26 25 0.36595774
27 25 0.36628026
28 25 0.3665288
29 25 0.3668379
30 25 0.36713257
0 26 0.36817995
1 26 0.36815333
2 26 0.36782375
3 26 0.3674126
4 26 0.3669856
5 26 0.36680126
6 26 0.36729077
7 26 0.36806887
8 26 0.36888894
9 26 0.36950126
10 26 0.3700401
11 26 0.37050566
12 26 0.37094954
13 26 0.3713741
14 26 0.37194172
15 26 0.3725057
16 26 0.37301767
17 26 0.37350547
18 26 0.3738602
19 26 0.37423813
20 26 0.3745238
21 26 0.37485608
22 26 0.37521547
23 26 0.37552136
24 26 0.37590003
25 26 0.3762826
26 26 0.37648013
27 26 0.3767753
28 26 0.37706533
29 26 0.3773815
30 26 0.37766057
0 27 0.3789118
1 27 0.37884173
2 27 0.378403
3 27 0.37757194
4 27 0.37714565
5 27 0.37671548
6 27 0.37690127
7 27 0.37772283
8 27 0.3784814
9 27 0.37922844
10 27 0.37956026
11 27 0.37988815
12 27 0.3801479
13 27 0.38036984
14 27 0.38050216
15 27 0.3805378
16 27 0.38077584
17 27 0.38092306
18 27 0.38110104
19 27 0.3813308
20 27 0.38141575
21 27 0.38156053
22 27 0.38171506
23 27 0.3818755
24 27 0.38200364
25 27 0.3822993
26 27 0.38242456
27 27 0.38267383
28 27 0.38285887
29 27 0.38298634
30 27 0.38318017
0 28 0.3841631
1 28 0.38413528
2 28 0.38397244
3 28 0.38353908
4 28 0.38307813
5 28 0.3830154
6 28 0.38339257
7 28 0.38358864
8 28 0.38364673
9 28 0.38396877
10 28 0.38428763
11 28 0.38445705
12 28 0.38463113
13 28 0.38481253
14 28 0.38502932
15 28 0.38527152
16 28 0.3854561
17 28 0.38571268
18 28 0.38599345
19 28 0.3863194
20 28 0.38647956
21 28 0.38674712
22 28 0.38698396
23 28 0.38731867
24 28 0.38753426
25 28 0.38784578
26 28 0.3881378
27 28 0.38845783
28 28 0.38867685
29 28 0.38893318
30 28 0.389223
0 29 0.39039344
1 29 0.39028406
2 29 0.39001256
3 29 0.38961923
4 29 0.3893939
5 29 0.38897347
6 29 0.3889786
7 29 0.38920638
8 29 0.3895494
9 29 0.39008996
10 29 0.3903888
11 29 0.3905531
12 29 0.3904879
13 29 0.39057603
14 29 0.39064318
15 29 0.3907433
16 29 0.39078796
17 29 0.39092907
18 29 0.39127943
19 29 0.39145422
20 29 0.39161804
21 29 0.39180115
22 29 0.391974
23 29 0.39218837
24 29 0.39240077
25 29 0.3924872
26 29 0.3926476
27 29 0.39288613
28 29 0.3930944
29 29 0.39333928
30 29 0.39346159
0 30 0.39469403
1 30 0.39456072
2 30 0.39440545
3 30 0.3941547
4 30 0.39392278
5 30 0.3934418
6 30 0.3933786
7 30 0.39306754
8 30 0.39361003
9 30 0.3942194
10 30 0.39445648
11 30 0.3945485
12 30 0.3946281
13 30 0.3946303
14 30 0.39466205
15 30 0.39476386
16 30 0.39482588
17 30 0.39493084
18 30 0.39498284
19 30 0.39504877
20 30 0.39514592
21 30 0.3952402
22 30 0.3953227
23 30 0.39539033
24 30 0.3954233
25 30 0.39546576
26 30 0.3955373
27 30 0.39561787
28 30 0.39573726
29 30 0.39585665
30 30 0.39593527
