0 0 0.4732084
1 0 0.4737785
2 0 0.47287688
3 0 0.47265396
4 0 0.4726027
5 0 0.47264737
6 0 0.4726769
7 0 0.47278115
8 0 0.4726962
9 0 0.4726586
10 0 0.47267398
11 0 0.472673
12 0 0.47267982
13 0 0.47270375
14 0 0.4727477
15 0 0.47278896
16 0 0.4728571
17 0 0.4729706
18 0 0.47311735
19 0 0.47326308
20 0 0.47344694
21 0 0.47359416
22 0 0.47369304
23 0 0.4738322
24 0 0.47393718
25 0 0.47383854
26 0 0.47380462
27 0 0.47371525
28 0 0.47362664
29 0 0.4734938
30 0 0.47331607
0 1 0.47155043
1 1 0.47161976
2 1 0.47161245
3 1 0.47173816
4 1 0.4708744
5 1 0.47134167
6 1 0.4714501
7 1 0.47167885
8 1 0.4706239
9 1 0.47076234
10 1 0.47128698
11 1 0.4711698
12 1 0.47098255
13 1 0.47095838
14 1 0.47117248
15 1 0.47140566
16 1 0.4716173
17 1 0.47176087
18 1 0.4719672
19 1 0.4721923
20 1 0.4724296
21 1 0.47257924
22 1 0.4726447
23 1 0.4726874
24 1 0.47275528
25 1 0.47275478
26 1 0.47273332
27 1 0.47268888
28 1 0.47258243
29 1 0.4724723
30 1 0.47224796
0 2 0.47165567
1 2 0.4720973
2 2 0.47271913
3 2 0.47370476
4 2 0.47368914
5 2 0.47414276
6 2 0.4717411
7 2 0.47188637
8 2 0.4699823
9 2 0.4696998
10 2 0.46955624
11 2 0.46990782
12 2 0.47003502
13 2 0.4702152
14 2 0.4703983
15 2 0.47048572
16 2 0.47079602
17 2 0.47108778
18 2 0.47128552
19 2 0.47145498
20 2 0.47152722
21 2 0.47158974
22 2 0.47149378
23 2 0.4715829
24 2 0.47157678
25 2 0.47157386
26 2 0.47148865
27 2 0.4710062
28 2 0.47084168
29 2 0.47057799
30 2 0.47036853
0 3 0.46908042
1 3 0.46935973
2 3 0.46919468
3 3 0.46937022
4 3 0.46898374
5 3 0.46864876
6 3 0.46687627
7 3 0.46609747
8 3 0.4655462
9 3 0.46566656
10 3 0.46569902
11 3 0.46611577
12 3 0.46644953
13 3 0.46674445
14 3 0.46701765
15 3 0.46726203
16 3 0.4675418
17 3 0.46779475
18 3 0.46799836
19 3 0.46819833
20 3 0.4684598
21 3 0.4685516
22 3 0.46860677
23 3 0.4686661
24 3 0.4686971
25 3 0.46870077
26 3 0.4687142
27 3 0.46871275
28 3 0.46874276
29 3 0.46879306
30 3 0.468848
0 4 0.46935874
1 4 0.4699176
2 4 0.47034508
3 4 0.47073573
4 4 0.4706466
5 4 0.47014856
6 4 0.46830112
7 4 0.4680345
8 4 0.46713752
9 4 0.46751937
10 4 0.46749154
11 4 0.4677308
12 4 0.4681019
13 4 0.46802256
14 4 0.46806183
15 4 0.4687833
16 4 0.4690106
17 4 0.46925473
18 4 0.46948546
19 4 0.46954232
20 4 0.46959704
21 4 0.4696383
22 4 0.46964562
23 4 0.46956018
24 4 0.4693817
25 4 0.4691107
26 4 0.4688961
27 4 0.4686859
28 4 0.46849278
29 4 0.46832553
30 4 0.46819392
0 5 0.46883675
1 5 0.46939513
2 5 0.46975547
3 5 0.4706737
4 5 0.47100818
5 5 0.47019395
6 5 0.46890733
7 5 0.46734455
8 5 0.4670855
9 5 0.4674703
10 5 0.46761554
11 5 0.4679874
12 5 0.46845737
13 5 0.4687279
14 5 0.46899644
15 5 0.46922934
16 5 0.46948764
17 5 0.46962
18 5 0.46966368
19 5 0.4697684
20 5 0.4698524
21 5 0.46979478
22 5 0.46966198
23 5 0.46946567
24 5 0.46901646
25 5 0.46857846
26 5 0.46804866
27 5 0.46752033
28 5 0.46700567
29 5 0.46659356
30 5 0.4664344
0 6 0.4671507
1 6 0.46788168
2 6 0.46873936
3 6 0.46956822
4 6 0.47010535
5 6 0.46946812
6 6 0.46874008
7 6 0.4677945
8 6 0.46725103
9 6 0.46726838
10 6 0.46712312
11 6 0.46738753
12 6 0.46770272
13 6 0.46804672
14 6 0.46849495
15 6 0.4687164
16 6 0.46895787
17 6 0.4691378
18 6 0.46921325
19 6 0.4692828
20 6 0.46922886
21 6 0.46909067
22 6 0.46879014
23 6 0.46841365
24 6 0.46780062
25 6 0.46705744
26 6 0.46638384
27 6 0.4656165
28 6 0.46496096
29 6 0.46461698
30 6 0.46455008
0 7 0.46604082
1 7 0.4668277
2 7 0.4679139
3 7 0.46916172
4 7 0.47022352
5 7 0.4686993
6 7 0.4677503
7 7 0.46690193
8 7 0.46643144
9 7 0.46632355
10 7 0.46607623
11 7 0.46656403
12 7 0.46709627
13 7 0.46747345
14 7 0.46785456
15 7 0.4680301
16 7 0.4683802
17 7 0.46848202
18 7 0.46863753
19 7 0.46867025
20 7 0.4682574
21 7 0.46801814
22 7 0.46777278
23 7 0.4672967
24 7 0.46659282
25 7 0.46559843
26 7 0.46448195
27 7 0.46333715
28 7 0.4624851
29 7 0.46181762
30 7 0.46160814
0 8 0.46319386
1 8 0.46410745
2 8 0.4649324
3 8 0.46642292
4 8 0.46855015
5 8 0.4658328
6 8 0.46426734
7 8 0.46319532
8 8 0.46329567
9 8 0.46343434
10 8 0.46370363
11 8 0.46417484
12 8 0.46458718
13 8 0.46494925
14 8 0.46539092
15 8 0.46568656
16 8 0.46597904
17 8 0.4663548
18 8 0.4664522
19 8 0.46643487
20 8 0.4662386
21 8 0.46594658
22 8 0.46536186
23 8 0.46444485
24 8 0.46325317
25 8 0.46209154
26 8 0.4611108
27 8 0.46053293
28 8 0.46014303
29 8 0.46002266
30 8 0.4600588
0 9 0.46269482
1 9 0.4634297
2 9 0.4639939
3 9 0.46549127
4 9 0.4676026
5 9 0.46530864
6 9 0.46276173
7 9 0.46148363
8 9 0.4607744
9 9 0.4609399
10 9 0.46119455
11 9 0.46183372
12 9 0.4624597
13 9 0.46294484
14 9 0.4634424
15 9 0.46376637
16 9 0.4640242
17 9 0.46416238
18 9 0.46422952
19 9 0.46418655
20 9 0.4639612
21 9 0.46352857
22 9 0.46281666
23 9 0.46184546
24 9 0.46052292
25 9 0.45910493
26 9 0.45801604
27 9 0.45741618
28 9 0.4571537
29 9 0.45732072
30 9 0.45758414
0 10 0.26835614
1 10 0.29513392
2 10 0.31793088
3 10 0.3339707
4 10 0.34798336
5 10 0.3586229
6 10 0.3675149
7 10 0.3741207
8 10 0.37865692
9 10 0.38254175
10 10 0.38630548
11 10 0.38976988
12 10 0.3931266
13 10 0.39560348
14 10 0.3989956
15 10 0.4013328
16 10 -0.0016653087
17 10 -0.0019023728
18 10 -0.0017781034
19 10 -0.0015256581
20 10 -0.0013134966
21 10 -0.0019192188
22 10 0.08531673
23 10 0.13163483
24 10 0.15877123
25 10 0.1786956
26 10 0.1945977
27 10 0.20778345
28 10 0.21931
29 10 0.22951595
30 10 0.23854491
0 11 0.17847782
1 11 0.20368159
2 11 0.21904802
3 11 0.23251309
4 11 0.24366803
5 11 0.25349948
6 11 0.2614486
7 11 0.26799774
8 11 0.27325612
9 11 0.27774864
10 11 0.28226432
11 11 0.28751904
12 11 0.29182845
13 11 0.29570815
14 11 -0.0015127185
15 11 -0.0017517358
16 11 -0.0017712674
17 11 -0.0010476235
18 11 -0.0021401695
19 11 -0.0018059359
20 11 -7.243763E-4
21 11 -0.0011284353
22 11 0.056301888
23 11 0.106609054
24 11 0.13229817
25 11 0.15050255
26 11 0.1649725
27 11 0.17716774
28 11 0.18788397
29 11 0.1971373
30 11 0.20544064
0 12 0.15773214
1 12 0.17744169
2 12 0.19136816
3 12 0.20468135
4 12 0.21496446
5 12 0.22362232
6 12 0.23076476
7 12 0.23693648
8 12 0.24194437
9 12 0.24665123
10 12 0.2513271
11 12 0.2560137
12 12 0.26035628
13 12 0.2627479
14 12 0.23159485
15 12 0.24790272
16 12 0.16917348
17 12 0.025600977
18 12 -0.0019573052
19 12 -0.0018354773
20 12 -2.8027772E-4
21 12 -8.034791E-4
22 12 -0.001561059
23 12 0.07426896
24 12 0.11453202
25 12 0.13769913
26 12 0.15447478
27 12 0.16796131
28 12 0.1792945
29 12 0.190968
30 12 0.19919665
0 13 0.18186948
1 13 0.19479717
2 13 0.20487276
3 13 0.21425791
4 13 0.2226328
5 13 0.22915658
6 13 0.23487616
7 13 0.23943725
8 13 0.24332207
9 13 0.24759729
10 13 0.25272506
11 13 0.25660402
12 13 0.2592884
13 13 0.2607679
14 13 0.26279944
15 13 0.26531705
16 13 0.18628654
17 13 0.21186359
18 13 0.008613413
19 13 -0.0011643245
20 13 -0.0014753643
21 13 -9.2335395E-4
22 13 -0.0010222325
23 13 0.060232855
24 13 0.110776596
25 13 0.13582264
26 13 0.15335464
27 13 0.16741344
28 13 0.17920415
29 13 0.19123852
30 13 0.19974206
0 14 0.1808829
1 14 0.1942603
2 14 0.20446016
3 14 0.21296224
4 14 0.22094113
5 14 0.22847249
6 14 0.23458953
7 14 0.23919116
8 14 0.2433792
9 14 0.24723889
10 14 0.25263008
11 14 0.25637037
12 14 0.2587254
13 14 0.26018122
14 14 0.2626937
15 14 0.2654357
16 14 0.26756904
17 14 0.26388928
18 14 0.10070369
19 14 -0.002219028
20 14 -0.0017246357
21 14 -0.0013186237
22 14 -0.0012165713
23 14 0.017780056
24 14 0.081877716
25 14 0.11925036
26 14 0.14109541
27 14 0.15707809
28 14 0.16992716
29 14 0.1807823
30 14 0.19178589
0 15 0.16709045
1 15 0.18249694
2 15 0.19383402
3 15 0.20318377
4 15 0.2112691
5 15 0.21817522
6 15 0.22389771
7 15 0.22891195
8 15 0.23291518
9 15 0.23666085
10 15 0.24048537
11 15 0.24499227
12 15 0.24743396
13 15 0.24928164
14 15 0.25205097
15 15 0.066384315
16 15 0.10661125
17 15 0.1674071
18 15 0.086690776
19 15 0.0074322424
20 15 -9.1432064E-4
21 15 -0.0014084688
22 15 -0.0017016862
23 15 0.06560501
24 15 0.11126708
25 15 0.13513732
26 15 0.15191029
27 15 0.16510896
28 15 0.17609596
29 15 0.18551359
30 15 0.19354275
0 16 0.16608676
1 16 0.18033113
2 16 0.19106664
3 16 0.20019959
4 16 0.2084402
5 16 0.21513659
6 16 0.22025289
7 16 0.22480935
8 16 0.2287513
9 16 0.23253968
10 16 0.2363381
11 16 0.24056642
12 16 0.24224442
13 16 0.24396247
14 16 0.24617052
15 16 -0.0020972001
16 16 0.09217646
17 16 0.1471795
18 16 0.0975823
19 16 0.00252665
20 16 -0.001500023
21 16 -0.0021091632
22 16 9.4703597E-4
23 16 0.06786603
24 16 0.11006101
25 16 0.13308333
26 16 0.14939462
27 16 0.16238432
28 16 0.17309298
29 16 0.18384339
30 16 0.19147974
0 17 0.17275313
1 17 0.18437831
2 17 0.19303665
3 17 0.20068154
4 17 0.20737109
5 17 0.21289852
6 17 0.21781437
7 17 0.22166745
8 17 0.22504543
9 17 0.22844368
10 17 0.23178944
11 17 0.23514374
12 17 0.23554291
13 17 0.23583296
14 17 0.23860766
15 17 0.24135599
16 17 0.2434654
17 17 0.13453527
18 17 -0.00206302
19 17 -0.0014331274
20 17 -0.0010793622
21 17 -0.0013576868
22 17 0.062367897
23 17 0.11088793
24 17 0.134911
25 17 0.15139002
26 17 0.16413313
27 17 0.17454833
28 17 0.1834259
29 17 0.19233423
30 17 0.1974913
0 18 0.17151141
1 18 0.18343616
2 18 0.19212867
3 18 0.19965418
4 18 0.20616966
5 18 0.21166241
6 18 0.21649452
7 18 0.22049141
8 18 0.2239961
9 18 0.22806647
10 18 0.231213
11 18 0.23400334
12 18 0.23638374
13 18 0.23049669
14 18 0.23135608
15 18 0.22570218
16 18 0.21080254
17 18 -9.936675E-4
18 18 -0.0010678874
19 18 8.8136113E-4
20 18 -0.0022077975
21 18 0.001500023
22 18 0.07115758
23 18 0.113165304
24 18 0.13544689
25 18 0.15099499
26 18 0.16308135
27 18 0.17301705
28 18 0.18144003
29 18 0.18877852
30 18 0.19513604
0 19 0.15261586
1 19 0.16833656
2 19 0.18083675
3 19 0.1892695
4 19 0.19662239
5 19 0.20256999
6 19 0.20765308
7 19 0.21177667
8 19 0.21550526
9 19 0.21913299
10 19 0.2222849
11 19 0.22525272
12 19 0.22799958
13 19 0.23071447
14 19 0.0075674984
15 19 0.0037568933
16 19 -0.001686305
17 19 -0.0012773633
18 19 -6.1963836E-4
19 19 -0.0012810255
20 19 -0.0017951935
21 19 0.06942684
22 19 0.10799384
23 19 0.12910427
24 19 0.14403956
25 19 0.1557287
26 19 0.1653033
27 19 0.17350437
28 19 0.18062142
29 19 0.18700506
30 19 0.1925652
0 20 0.15279995
1 20 0.16775037
2 20 0.17787479
3 20 0.18792622
4 20 0.19514728
5 20 0.20105313
6 20 0.20585056
7 20 0.20988968
8 20 0.21343711
9 20 0.21676968
10 20 0.2198078
11 20 0.2226494
12 20 0.22532694
13 20 0.22780964
14 20 0.22988315
15 20 -0.0014836653
16 20 -9.289693E-4
17 20 -0.0011782406
18 20 -0.0012487984
19 20 -0.0011106126
20 20 0.061936494
21 20 0.10797602
22 20 0.13046683
23 20 0.14580789
24 20 0.15769626
25 20 0.167307
26 20 0.17538549
27 20 0.18232848
28 20 0.18849361
29 20 0.1939517
30 20 0.19981897
0 21 0.2186989
1 21 0.22124386
2 21 0.22372267
3 21 0.22672124
4 21 0.22963169
5 21 0.23187855
6 21 0.23400162
7 21 0.23594356
8 21 0.2377927
9 21 0.24005982
10 21 0.24175932
11 21 0.24348933
12 21 0.24514121
13 21 0.24669713
14 21 0.24817201
15 21 0.2495148
16 21 0.2507714
17 21 0.2519968
18 21 0.25310105
19 21 0.25422874
20 21 0.25575536
21 21 0.25714505
22 21 0.25856206
23 21 0.2600953
24 21 0.26148593
25 21 0.26294738
26 21 0.2642704
27 21 0.26563394
28 21 0.26697016
29 21 0.2682209
30 21 0.26942283
0 22 0.27502838
1 22 0.2756849
2 22 0.2762059
3 22 0.27779552
4 22 0.27955213
5 22 0.28063223
6 22 0.28158122
7 22 0.28251702
8 22 0.2832868
9 22 0.28420773
10 22 0.28486714
11 22 0.28567648
12 22 0.28642234
13 22 0.28719872
14 22 0.28790992
15 22 0.28864798
16 22 0.28933132
17 22 0.29008624
18 22 0.2907686
19 22 0.29155037
20 22 0.29246223
21 22 0.29316172
22 22 0.29419348
23 22 0.29501575
24 22 0.29582924
25 22 0.29668495
26 22 0.2974484
27 22 0.29827434
28 22 0.29914373
29 22 0.2999179
30 22 0.30069578
0 23 0.3039302
1 23 0.30425417
2 23 0.30434206
3 23 0.30530202
4 23 0.30642167
5 23 0.3069715
6 23 0.3072337
7 23 0.30736554
8 23 0.30768123
9 23 0.3080406
10 23 0.30839875
11 23 0.30890268
12 23 0.30938363
13 23 0.30983654
14 23 0.31029308
15 23 0.3107611
16 23 0.31125355
17 23 0.31171596
18 23 0.31224722
19 23 0.31273648
20 23 0.3132643
21 23 0.31379142
22 23 0.3144445
23 23 0.31507635
24 23 0.31564617
25 23 0.31624386
26 23 0.3167175
27 23 0.31726217
28 23 0.31781247
29 23 0.31843188
30 23 0.3189851
0 24 0.32057816
1 24 0.3208145
2 24 0.32090604
3 24 0.321522
4 24 0.3219871
5 24 0.32240117
6 24 0.32259575
7 24 0.32284406
8 24 0.32322884
9 24 0.3235123
10 24 0.32385457
11 24 0.32426742
12 24 0.32458407
13 24 0.32498738
14 24 0.32532015
15 24 0.32570004
16 24 0.3260599
17 24 0.3263851
18 24 0.3267767
19 24 0.3271874
20 24 0.32753846
21 24 0.3279557
22 24 0.32835805
23 24 0.32879752
24 24 0.3292953
25 24 0.3297145
26 24 0.33012223
27 24 0.33048943
28 24 0.33087885
29 24 0.33132368
30 24 0.33175263
0 25 0.33294624
1 25 0.33318576
2 25 0.33314377
3 25 0.33347434
4 25 0.3342693
5 25 0.33430955
6 25 0.33433202
7 25 0.33460253
8 25 0.3347915
9 25 0.33486548
10 25 0.3351455
11 25 0.33533862
12 25 0.33559546
13 25 0.33586305
14 25 0.33617848
15 25 0.3363479
16 25 0.33660647
17 25 0.33687526
18 25 0.33720878
19 25 0.33740774
20 25 0.33769584
21 25 0.33792216
22 25 0.33828202
23 25 0.33852568
24 25 0.3388753
25 25 0.33922932
26 25 0.3394693
27 25 0.33976814
28 25 0.34005427
29 25 0.34035018
30 25 0.34060067
0 26 0.34153134
1 26 0.34168932
2 26 0.34149742
3 26 0.3416788
4 26 0.341963
5 26 0.34232727
6 26 0.34230724
7 26 0.3424066
8 26 0.3425526
9 26 0.34278503
10 26 0.34295323
11 26 0.34324208
12 26 0.34342763
13 26 0.34368348
14 26 0.34391615
15 26 0.34422255
16 26 0.34438223
17 26 0.344611
18 26 0.34485194
19 26 0.34517592
20 26 0.34538808
21 26 0.34563076
22 26 0.34586883
23 26 0.34619012
24 26 0.34638616
25 26 0.3466479
26 26 0.34690937
27 26 0.3472353
28 26 0.34745696
29 26 0.3477641
30 26 0.3479726
0 27 0.34855562
1 27 0.3485554
2 27 0.34845895
3 27 0.34831563
4 27 0.34853828
5 27 0.348852
6 27 0.3488835
7 27 0.34922776
8 27 0.34939304
9 27 0.3496362
10 27 0.34983397
11 27 0.35003856
12 27 0.3503032
13 27 0.35044336
14 27 0.35064697
15 27 0.350843
16 27 0.35102808
17 27 0.35129175
18 27 0.35144484
19 27 0.35168043
20 27 0.35187134
21 27 0.35209718
22 27 0.3523257
23 27 0.35247952
24 27 0.35268143
25 27 0.35290188
26 27 0.35314065
27 27 0.3533311
28 27 0.35351518
29 27 0.35380986
30 27 0.35393387
0 28 0.35384476
1 28 0.3538726
2 28 0.35387772
3 28 0.35375613
4 28 0.35361624
5 28 0.3535596
6 28 0.35349685
7 28 0.3537818
8 28 0.3539263
9 28 0.3542205
10 28 0.35441363
11 28 0.35471588
12 28 0.35490337
13 28 0.35520124
14 28 0.35534576
15 28 0.3555628
16 28 0.35578376
17 28 0.35594246
18 28 0.356201
19 28 0.35635602
20 28 0.3565167
21 28 0.35670736
22 28 0.35689
23 28 0.35708848
24 28 0.35730624
25 28 0.3574371
26 28 0.35769054
27 28 0.35787487
28 28 0.35819542
29 28 0.35841343
30 28 0.3586317
0 29 0.35868958
1 29 0.3587523
2 29 0.35879087
3 29 0.3586268
4 29 0.35883167
5 29 0.3588607
6 29 0.3588749
7 29 0.3589027
8 29 0.3589049
9 29 0.35936072
10 29 0.35971838
11 29 0.35999402
12 29 0.36031386
13 29 0.36047477
14 29 0.36069056
15 29 0.3608676
16 29 0.36109585
17 29 0.36130607
18 29 0.3614384
19 29 0.3616264
20 29 0.36180094
21 29 0.36193377
22 29 0.3621393
23 29 0.3623129
24 29 0.36239398
25 29 0.36254755
26 29 0.36271015
27 29 0.36289325
28 29 0.36317596
29 29 0.3633415
30 29 0.36345014
0 30 0.3635793
1 30 0.36365107
2 30 0.3636047
3 30 0.3634233
4 30 0.3634936
5 30 0.36355072
6 30 0.36369574
7 30 0.36407807
8 30 0.36436006
9 30 0.3646208
10 30 0.36487034
11 30 0.36510032
12 30 0.36536032
13 30 0.3655454
14 30 0.36575878
15 30 0.36589402
16 30 0.36603415
17 30 0.3662583
18 30 0.36636475
19 30 0.36647972
20 30 0.36660057
21 30 0.36672363
22 30 0.36685058
23 30 0.36695728
24 30 0.36710474
25 30 0.36724266
26 30 0.36735547
27 30 0.36754298
28 30 0.36782056
29 30 0.36791235
30 30 0.36806715
