0 0 0.33619606
1 0 0.33638698
2 0 0.33592358
3 0 0.33536524
4 0 0.33553174
5 0 0.3341135
6 0 0.3364026
7 0 0.33673146
8 0 0.33556545
9 0 0.33760476
10 0 0.33834404
11 0 0.33884063
12 0 0.33936116
13 0 0.3397264
14 0 0.34013873
15 0 0.3403868
16 0 0.34059653
17 0 0.34076864
18 0 0.34102842
19 0 0.34130186
20 0 0.34149155
21 0 0.34169516
22 0 0.34190562
23 0 0.3421112
24 0 0.3422811
25 0 0.3424066
26 0 0.34253162
27 0 0.34267834
28 0 0.3427555
29 0 0.34288976
30 0 0.3430128
0 1 0.34282067
1 1 0.34353894
2 1 0.34417006
3 1 0.34892696
4 1 0.35148218
5 1 0.35528105
6 1 0.35445487
7 1 0.35427228
8 1 0.3548697
9 1 0.35450444
10 1 0.35338286
11 1 0.35306424
12 1 0.35254323
13 1 0.35190383
14 1 0.35130617
15 1 0.35059178
16 1 0.34992382
17 1 0.34944358
18 1 0.3490637
19 1 0.34867477
20 1 0.34835982
21 1 0.34799677
22 1 0.34772286
23 1 0.34748164
24 1 0.34735784
25 1 0.34716645
26 1 0.34695232
27 1 0.34680486
28 1 0.34666303
29 1 0.3464738
30 1 0.34635344
0 2 0.34865522
1 2 0.34927976
2 2 0.34898922
3 2 0.34937155
4 2 0.3495659
5 2 0.3518379
6 2 0.35121801
7 2 0.35036743
8 2 0.350469
9 2 0.35088134
10 2 0.35024145
11 2 0.34994677
12 2 0.34944236
13 2 0.3489687
14 2 0.34866354
15 2 0.34845284
16 2 0.34825265
17 2 0.3481943
18 2 0.34817037
19 2 0.34819135
20 2 0.3481899
21 2 0.34825265
22 2 0.34841648
23 2 0.34856465
24 2 0.34871212
25 2 0.34877145
26 2 0.34887278
27 2 0.34906515
28 2 0.34917772
29 2 0.34923166
30 2 0.34930125
0 3 0.3523733
1 3 0.35344902
2 3 0.35376957
3 3 0.35468632
4 3 0.35493073
5 3 0.36053944
6 3 0.36294353
7 3 0.36351705
8 3 0.36054385
9 3 0.35882434
10 3 0.3574615
11 3 0.35700205
12 3 0.3566429
13 3 0.35634091
14 3 0.35588825
15 3 0.35572296
16 3 0.35545757
17 3 0.35534137
18 3 0.3552369
19 3 0.35510308
20 3 0.35496196
21 3 0.35489848
22 3 0.3548526
23 3 0.35485113
24 3 0.35468853
25 3 0.35463506
26 3 0.35462382
27 3 0.35455278
28 3 0.35455498
29 3 0.3544993
30 3 0.3543255
0 4 0.35717928
1 4 0.35791123
2 4 0.35743687
3 4 0.35763267
4 4 0.35744053
5 4 0.3595934
6 4 0.3581732
7 4 0.3574283
8 4 0.35690805
9 4 0.35701597
10 4 0.35671347
11 4 0.35671687
12 4 0.35655037
13 4 0.3563443
14 4 0.3560777
15 4 0.35590512
16 4 0.35576034
17 4 0.3556695
18 4 0.355513
19 4 0.3553233
20 4 0.35524273
21 4 0.35518464
22 4 0.35513726
23 4 0.3550213
24 4 0.3549483
25 4 0.35499835
26 4 0.35508648
27 4 0.35520074
28 4 0.35529134
29 4 0.35538167
30 4 0.35537654
0 5 0.35868517
1 5 0.35968763
2 5 0.36026967
3 5 0.36063662
4 5 0.36059144
5 5 0.36182562
6 5 0.36254412
7 5 0.36235246
8 5 0.3609352
9 5 0.36026087
10 5 0.35942933
11 5 0.3591234
12 5 0.3589
13 5 0.3587357
14 5 0.35850987
15 5 0.3583695
16 5 0.3583048
17 5 0.35825354
18 5 0.35823816
19 5 0.35819736
20 5 0.35823497
21 5 0.35830823
22 5 0.3584076
23 5 0.3584525
24 5 0.358474
25 5 0.3583412
26 5 0.35829258
27 5 0.358421
28 5 0.35860607
29 5 0.35872424
30 5 0.3587389
0 6 0.3631916
1 6 0.36310077
2 6 0.3626657
3 6 0.36315766
4 6 0.3659116
5 6 0.36487618
6 6 0.36283025
7 6 0.3612924
8 6 0.36082047
9 6 0.36062467
10 6 0.3604501
11 6 0.3606078
12 6 0.36073405
13 6 0.36074162
14 6 0.36062026
15 6 0.36041567
16 6 0.36048013
17 6 0.36062515
18 6 0.36071256
19 6 0.36074674
20 6 0.36090934
21 6 0.3610309
22 6 0.36123306
23 6 0.36145523
24 6 0.36157537
25 6 0.36171672
26 6 0.3618212
27 6 0.36189178
28 6 0.3620341
29 6 0.3621867
30 6 0.3622348
0 7 0.3616801
1 7 0.36136514
2 7 0.36163077
3 7 0.36323577
4 7 0.3679121
5 7 0.3675403
6 7 0.36658153
7 7 0.3642187
8 7 0.36344793
9 7 0.36241034
10 7 0.361548
11 7 0.36086002
12 7 0.360256
13 7 0.35965517
14 7 0.3591466
15 7 0.35860682
16 7 0.35826793
17 7 0.35795543
18 7 0.35776353
19 7 0.35767758
20 7 0.35768002
21 7 0.3578453
22 7 0.35806555
23 7 0.35832873
24 7 0.358453
25 7 0.35860142
26 7 0.35876745
27 7 0.35884118
28 7 0.3589459
29 7 0.35903576
30 7 0.35901135
0 8 0.3589332
1 8 0.3593219
2 8 0.3593551
3 8 0.35933265
4 8 0.3604025
5 8 0.3626491
6 8 0.36279437
7 8 0.36262152
8 8 0.36164543
9 8 0.3610275
10 8 0.36036587
11 8 0.35990906
12 8 0.35957924
13 8 0.35924035
14 8 0.35900158
15 8 0.35829163
16 8 0.358391
17 8 0.35840467
18 8 0.35848597
19 8 0.35870838
20 8 0.3589474
21 8 0.3592306
22 8 0.35957313
23 8 0.35997328
24 8 0.3603229
25 8 0.36056313
26 8 0.3608605
27 8 0.36113346
28 8 0.36140665
29 8 0.36157537
30 8 0.3617382
0 9 0.3619301
1 9 0.36209586
2 9 0.36194474
3 9 0.3625114
4 9 0.3636828
5 9 0.36438277
6 9 0.36555588
7 9 0.36454514
8 9 0.36373556
9 9 0.36323845
10 9 0.36271307
11 9 0.36242694
12 9 0.3621591
13 9 0.36186028
14 9 0.3612702
15 9 0.3609274
16 9 0.3605607
17 9 0.36037588
18 9 0.36007386
19 9 0.35991713
20 9 0.35979408
21 9 0.35991102
22 9 0.3601537
23 9 0.36048988
24 9 0.36079654
25 9 0.36118716
26 9 0.3615624
27 9 0.3619191
28 9 0.3621823
29 9 0.36243278
30 9 0.36262152
0 10 0.36420357
1 10 0.3645405
2 10 0.36467135
3 10 0.36531395
4 10 0.36637717
5 10 0.3675669
6 10 0.36587986
7 10 0.3649858
8 10 0.364748
9 10 0.3643281
10 10 0.36389422
11 10 0.36352974
12 10 0.36340156
13 10 0.363059
14 10 0.362727
15 10 0.36237687
16 10 0.36183196
17 10 -0.001236347
18 10 -0.0019958802
19 10 -0.0018791792
20 10 -0.0021113604
21 10 0.053516686
22 10 0.12643772
23 10 0.15508269
24 10 0.17577417
25 10 0.19205958
26 10 0.20558248
27 10 0.21689737
28 10 0.22654498
29 10 0.23492083
30 10 0.24244462
0 11 0.19229396
1 11 0.21159698
2 11 0.22356176
3 11 0.23601338
4 11 0.24933511
5 11 0.25677615
6 11 0.26348108
7 11 0.26800776
8 11 0.27154174
9 11 0.27435794
10 11 0.27719834
11 11 0.27920398
12 11 0.28158292
13 11 0.28349262
14 11 0.2848122
15 11 -0.0016257573
16 11 -0.0011982605
17 11 -0.0017141375
18 11 0.0019968566
19 11 -5.1709777E-4
20 11 -0.0020539865
21 11 -0.001909209
22 11 0.030741192
23 11 0.096750505
24 11 0.12352264
25 11 0.14234886
26 11 0.15720627
27 11 0.16951773
28 11 0.1801014
29 11 0.19135253
30 11 0.19932605
0 12 0.17897588
1 12 0.1922195
2 12 0.19628963
3 12 0.20616405
4 12 0.21963055
5 12 0.22918221
6 12 0.23621333
7 12 0.2429351
8 12 0.24485262
9 12 0.24826674
10 12 0.25081658
11 12 0.2525571
12 12 0.25433105
13 12 0.25585377
14 12 -6.093843E-4
15 12 -0.0016684826
16 12 -4.3335624E-4
17 12 -0.0015471429
18 12 -0.0017092547
19 12 -0.0015793699
20 12 -5.3565274E-4
21 12 -0.0010085603
22 12 -0.0017151141
23 12 0.06067207
24 12 0.09775028
25 12 0.11935583
26 12 0.13548157
27 12 0.148149
28 12 0.15883031
29 12 0.16808924
30 12 0.17614649
0 13 0.14953843
1 13 0.16365045
2 13 0.17493384
3 13 0.18427113
4 13 0.19404252
5 13 0.20163345
6 13 0.20749731
7 13 0.21063945
8 13 0.21479918
9 13 0.21953656
10 13 0.22301733
11 13 0.22579251
12 13 0.22864021
13 13 0.22952451
14 13 0.19912659
15 13 0.2035102
16 13 0.15717745
17 13 0.016754895
18 13 0.0033005876
19 13 -3.5034717E-4
20 13 -0.0016128176
21 13 -0.0016567636
22 13 -0.0020127262
23 13 0.039317742
24 13 0.0790183
25 13 0.114373334
26 13 0.13235065
27 13 0.14602128
28 13 0.15733346
29 13 0.1668595
30 13 0.17514916
0 14 0.16451667
1 14 0.17535302
2 14 0.18272424
3 14 0.19060594
4 14 0.20190738
5 14 0.20755933
6 14 0.21227083
7 14 0.21590565
8 14 0.22074361
9 14 0.22414625
10 14 0.22757624
11 14 0.2306378
12 14 0.23363712
13 14 0.22920956
14 14 0.22880305
15 14 0.23237367
16 14 0.23088366
17 14 0.0430031
18 14 -1.7651638E-4
19 14 -0.001224384
20 14 -0.0018938278
21 14 -0.0022200046
22 14 -0.0021721523
23 14 0.054478128
24 14 0.09954376
25 14 0.12325335
26 14 0.14015742
27 14 0.1530873
28 14 0.16379815
29 14 0.17290597
30 14 0.18076937
0 15 0.17195942
1 15 0.18241124
2 15 0.19021556
3 15 0.19880846
4 15 0.20784596
5 15 0.2125926
6 15 0.21667641
7 15 0.22086446
8 15 0.224282
9 15 0.22744367
10 15 0.23057018
11 15 0.23359048
12 15 0.23676339
13 15 0.23549286
14 15 0.23921166
15 15 0.16089235
16 15 0.112667985
17 15 0.09972565
18 15 -1.4453346E-4
19 15 -0.0018279088
20 15 -0.0017051043
21 15 -0.0012026551
22 15 -0.0021643396
23 15 0.049870636
24 15 0.09744802
25 15 0.12066103
26 15 0.13706875
27 15 0.14996934
28 15 0.1608406
29 15 0.17028092
30 15 0.17970368
0 16 0.1555561
1 16 0.16827942
2 16 0.17797
3 16 0.18820699
4 16 0.20018446
5 16 0.20645335
6 16 0.2103455
7 16 0.21466564
8 16 0.2178671
9 16 0.22105661
10 16 0.22566995
11 16 0.22874007
12 16 0.23080577
13 16 0.22586015
14 16 0.22529349
15 16 0.11041502
16 16 0.020572824
17 16 0.1059838
18 16 0.051028855
19 16 0.0025051653
20 16 -0.0022236668
21 16 -0.0023450067
22 16 -0.0010576333
23 16 0.05313875
24 16 0.097556666
25 16 0.12048646
26 16 0.13683778
27 16 0.14955331
28 16 0.16211942
29 16 0.17074504
30 16 0.17816703
0 17 0.15757321
1 17 0.169976
2 17 0.17911504
3 17 0.18848531
4 17 0.19981751
5 17 0.20611301
6 17 0.21313852
7 17 0.2156725
8 17 0.21914129
9 17 0.22235106
10 17 0.225512
11 17 0.22858651
12 17 0.23144129
13 17 0.22507596
14 17 0.22642632
15 17 0.2268189
16 17 0.1790982
17 17 0.14020453
18 17 7.841917E-4
19 17 -0.0013564661
20 17 -0.002185336
21 17 -0.0018999315
22 17 -0.0019136035
23 17 0.05767227
24 17 0.10149911
25 17 0.12429756
26 17 0.14023066
27 17 0.15479583
28 17 0.16469051
29 17 0.17317183
30 17 0.18035212
0 18 0.16553085
1 18 0.17628492
2 18 0.18424281
3 18 0.19207935
4 18 0.2023234
5 18 0.20722607
6 18 0.21301448
7 18 0.2166559
8 18 0.21916059
9 18 0.2223076
10 18 0.22521755
11 18 0.22761506
12 18 0.22947568
13 18 0.19664338
14 18 0.15526678
15 18 0.036659498
16 18 1.8506142E-4
17 18 -0.0015962159
18 18 -0.0015725339
19 18 -0.002073274
20 18 -0.0017641871
21 18 -0.002128939
22 18 0.058541667
23 18 0.097384304
24 18 0.11865587
25 18 0.13409263
26 18 0.1461895
27 18 0.15628657
28 18 0.16477595
29 18 0.17226948
30 18 0.17878984
0 19 0.15806785
1 19 0.16691905
2 19 0.17586231
3 19 0.18203624
4 19 0.19166113
5 19 0.19640559
6 19 0.2011017
7 19 0.2062888
8 19 0.20970878
9 19 0.21398374
10 19 0.21747135
11 19 0.22006635
12 19 0.22159885
13 19 0.22293895
14 19 6.433204E-4
15 19 -0.0016782483
16 19 -0.0022063325
17 19 -0.0017077898
18 19 -0.0022710308
19 19 -0.0021772794
20 19 -0.0022676128
21 19 0.05597571
22 19 0.09425046
23 19 0.115200005
24 19 0.13029155
25 19 0.1421716
26 19 0.1518119
27 19 0.16007593
28 19 0.16734582
29 19 0.17368844
30 19 0.18054329
0 20 0.15484416
1 20 0.1662164
2 20 0.1738989
3 20 0.181056
4 20 0.19082153
5 20 0.19638313
6 20 0.20062539
7 20 0.2048149
8 20 0.20816773
9 20 0.21247688
10 20 0.21474595
11 20 0.21679458
12 20 0.21875603
13 20 0.22030342
14 20 0.22134152
15 20 -0.0014773175
16 20 -0.0015478752
17 20 -0.0019348441
18 20 -8.025025E-4
19 20 -0.0023147326
20 20 0.022792341
21 20 0.069694184
22 20 0.10876802
23 20 0.12722339
24 20 0.14093868
25 20 0.15174085
26 20 0.16074172
27 20 0.16851649
28 20 0.17526196
29 20 0.18108822
30 20 0.1864179
0 21 0.16847059
1 21 0.18027131
2 21 0.1864904
3 21 0.19195606
4 21 0.19967322
5 21 0.20298626
6 21 0.20578098
7 21 0.20883255
8 21 0.21197395
9 21 0.21521349
10 21 0.21771842
11 21 0.219852
12 21 0.22176364
13 21 0.22385548
14 21 0.22524367
15 21 0.22626811
16 21 0.22697124
17 21 3.4229038E-4
18 21 -0.0019658504
19 21 -0.0018843062
20 21 0.0795249
21 21 0.11840489
22 21 0.13977557
23 21 0.15467595
24 21 0.16619371
25 21 0.17534667
26 21 0.18288562
27 21 0.18932174
28 21 0.19491191
29 21 0.19983631
30 21 0.20499508
0 22 0.22459938
1 22 0.22690411
2 22 0.2276214
3 22 0.22828816
4 22 0.23166345
5 22 0.23266982
6 22 0.23349625
7 22 0.23557782
8 22 0.23737521
9 22 0.23922314
10 22 0.24040896
11 22 0.2414766
12 22 0.2425584
13 22 0.2435252
14 22 0.24425153
15 22 0.24493735
16 22 0.24585849
17 22 0.24661852
18 22 0.24748108
19 22 0.24882266
20 22 0.250195
21 22 0.25154975
22 22 0.25291768
23 22 0.25429344
24 22 0.2556133
25 22 0.25683206
26 22 0.25807327
27 22 0.2592442
28 22 0.26037824
29 22 0.26138973
30 22 0.262494
0 23 0.27153346
1 23 0.27160597
2 23 0.271364
3 23 0.27063134
4 23 0.27211818
5 23 0.27184546
6 23 0.27177563
7 23 0.2719165
8 23 0.27215675
9 23 0.2728057
10 23 0.27306083
11 23 0.2732444
12 23 0.2735374
13 23 0.27383843
14 23 0.27413943
15 23 0.2743736
16 23 0.27473393
17 23 0.27511042
18 23 0.2755296
19 23 0.27605256
20 23 0.2766544
21 23 0.27727133
22 23 0.2779481
23 23 0.2786036
24 23 0.27930433
25 23 0.27994594
26 23 0.2804701
27 23 0.28104043
28 23 0.2815712
29 23 0.28212443
30 23 0.2826127
0 24 0.29054302
1 24 0.29123664
2 24 0.29087773
3 24 0.29018462
4 24 0.29081842
5 24 0.2897112
6 24 0.28846437
7 24 0.2878345
8 24 0.28801125
9 24 0.28863505
10 24 0.2887969
11 24 0.2889656
12 24 0.289147
13 24 0.28931326
14 24 0.2895347
15 24 0.28977495
16 24 0.2900696
17 24 0.2903106
18 24 0.2905772
19 24 0.2909483
20 24 0.29149762
21 24 0.29190218
22 24 0.29233503
23 24 0.29280722
24 24 0.29330382
25 24 0.29375377
26 24 0.29421765
27 24 0.29460582
28 24 0.29506725
29 24 0.29537633
30 24 0.29571888
0 25 0.30254248
1 25 0.30274388
2 25 0.30264795
3 25 0.30266723
4 25 0.30318236
5 25 0.3019902
6 25 0.3005605
7 25 0.29931927
8 25 0.2993449
9 25 0.29983932
10 25 0.299842
11 25 0.29980218
12 25 0.29983613
13 25 0.29988888
14 25 0.30001217
15 25 0.30007222
16 25 0.30017257
17 25 0.3003105
18 25 0.30044502
19 25 0.30065572
20 25 0.3008774
21 25 0.30114523
22 25 0.3013967
23 25 0.30176073
24 25 0.30215672
25 25 0.30251074
26 25 0.30283204
27 25 0.30319703
28 25 0.30356446
29 25 0.30385378
30 25 0.30426687
0 26 0.3092198
1 26 0.30991244
2 26 0.31016612
3 26 0.31076255
4 26 0.31309658
5 26 0.31199133
6 26 0.3101388
7 26 0.30864096
8 26 0.30793977
9 26 0.3079283
10 26 0.30762237
11 26 0.30753204
12 26 0.30742535
13 26 0.30741364
14 26 0.30749395
15 26 0.30761188
16 26 0.3077032
17 26 0.3078326
18 26 0.30799714
19 26 0.30818588
20 26 0.30836654
21 26 0.3085643
22 26 0.30879647
23 26 0.30913582
24 26 0.3093358
25 26 0.3095128
26 26 0.3097418
27 26 0.3100306
28 26 0.3101505
29 26 0.3103961
30 26 0.3107157
0 27 0.31584248
1 27 0.3165234
2 27 0.31660005
3 27 0.31686032
4 27 0.31742162
5 27 0.31698582
6 27 0.31403923
7 27 0.31410784
8 27 0.31376678
9 27 0.31388053
10 27 0.31363982
11 27 0.31354433
12 27 0.31345963
13 27 0.31346452
14 27 0.31344327
15 27 0.3134413
16 27 0.31351188
17 27 0.31362027
18 27 0.31375626
19 27 0.313934
20 27 0.31413248
21 27 0.31427678
22 27 0.31438762
23 27 0.31467497
24 27 0.31493598
25 27 0.3152016
26 27 0.31535444
27 27 0.31554705
28 27 0.31556538
29 27 0.3157607
30 27 0.3159699
0 28 0.3215745
1 28 0.32192168
2 28 0.32196832
3 28 0.32235503
4 28 0.3223074
5 28 0.3212796
6 28 0.31988063
7 28 0.31886473
8 28 0.31879297
9 28 0.3189729
10 28 0.31878465
11 28 0.31868652
12 28 0.31862035
13 28 0.31853318
14 28 0.31841868
15 28 0.31835693
16 28 0.3183198
17 28 0.31830883
18 28 0.3183269
19 28 0.31836498
20 28 0.31838402
21 28 0.31841186
22 28 0.31847045
23 28 0.31852344
24 28 0.3185554
25 28 0.31857103
26 28 0.31860596
27 28 0.31864598
28 28 0.31860936
29 28 0.3186677
30 28 0.31883276
0 29 0.32422101
1 29 0.32455036
2 29 0.32493514
3 29 0.32480916
4 29 0.32493052
5 29 0.3245355
6 29 0.32394442
7 29 0.32374468
8 29 0.32376522
9 29 0.32381696
10 29 0.3234051
11 29 0.3230765
12 29 0.3227083
13 29 0.32253495
14 29 0.32240507
15 29 0.3223018
16 29 0.322231
17 29 0.3221895
18 29 0.3222188
19 29 0.32219586
20 29 0.3221414
21 29 0.3221353
22 29 0.32215288
23 29 0.3221956
24 29 0.32221586
25 29 0.32228765
26 29 0.3223897
27 29 0.32254472
28 29 0.3225506
29 29 0.32262748
30 29 0.3229024
0 30 0.32864466
1 30 0.32896915
2 30 0.32914957
3 30 0.32957804
4 30 0.3299445
5 30 0.32796937
6 30 0.3271432
7 30 0.3260189
8 30 0.32631212
9 30 0.32638976
10 30 0.32625377
11 30 0.32622448
12 30 0.32626694
13 30 0.32631797
14 30 0.32642564
15 30 0.3264657
16 30 0.32647473
17 30 0.32650867
18 30 0.3266117
19 30 0.32664782
20 30 0.32664123
21 30 0.3266444
22 30 0.3266898
23 30 0.3267279
24 30 0.32671985
25 30 0.32679456
26 30 0.32687756
27 30 0.32703453
28 30 0.32704332
29 30 0.32721373
30 30 0.32738414
