0 0 0.52162665
1 0 0.5216926
2 0 0.5209914
3 0 0.5207343
4 0 0.52071136
5 0 0.5207211
6 0 0.5209333
7 0 0.5211686
8 0 0.5213271
9 0 0.5211979
10 0 0.5210846
11 0 0.5211356
12 0 0.5211964
13 0 0.52132267
14 0 0.52160907
15 0 0.52168816
16 0 0.5217514
17 0 0.52175117
18 0 0.52174604
19 0 0.52173555
20 0 0.521747
21 0 0.5217704
22 0 0.52179146
23 0 0.5217985
24 0 0.5218024
25 0 0.52176774
26 0 0.5217394
27 0 0.52167886
28 0 0.5216503
29 0 0.52158
30 0 0.5214748
0 1 0.5197868
1 1 0.51960075
2 1 0.5191281
3 1 0.518518
4 1 0.5173756
5 1 0.5135994
6 1 0.5134583
7 1 0.51350296
8 1 0.5132955
9 1 0.51398855
10 1 0.514711
11 1 0.5151915
12 1 0.5154932
13 1 0.5156397
14 1 0.51579916
15 1 0.5160777
16 1 0.5161937
17 1 0.51630086
18 1 0.5165128
19 1 0.51664364
20 1 0.5168021
21 1 0.5169093
22 1 0.5169437
23 1 0.5171263
24 1 0.51720613
25 1 0.51735264
26 1 0.51745784
27 1 0.51749617
28 1 0.5175751
29 1 0.51761043
30 1 0.51764
0 2 0.51709896
1 2 0.5170655
2 2 0.51681453
3 2 0.5158128
4 2 0.5149498
5 2 0.51354545
6 2 0.5123584
7 2 0.51182985
8 2 0.51176053
9 2 0.5122188
10 2 0.5127151
11 2 0.51293707
12 2 0.5130843
13 2 0.51321
14 2 0.513398
15 2 0.51361555
16 2 0.5136873
17 2 0.5138992
18 2 0.5140728
19 2 0.51418513
20 2 0.51433355
21 2 0.5144923
22 2 0.5146209
23 2 0.5146915
24 2 0.5148267
25 2 0.5149317
26 2 0.51509726
27 2 0.5151886
28 2 0.51532114
29 2 0.5154991
30 2 0.5156253
0 3 0.5166441
1 3 0.51678723
2 3 0.5166617
3 3 0.51616806
4 3 0.51550347
5 3 0.5140794
6 3 0.51321363
7 3 0.51268536
8 3 0.51263136
9 3 0.5127237
10 3 0.51315385
11 3 0.51361233
12 3 0.5138919
13 3 0.51411456
14 3 0.51429886
15 3 0.51457083
16 3 0.5146502
17 3 0.514814
18 3 0.5149449
19 3 0.51514316
20 3 0.515306
21 3 0.5154598
22 3 0.5156524
23 3 0.5157767
24 3 0.51591265
25 3 0.51605064
26 3 0.5161471
27 3 0.51624274
28 3 0.516357
29 3 0.516471
30 3 0.516567
0 4 0.5180011
1 4 0.518087
2 4 0.51803774
3 4 0.51766366
4 4 0.51673156
5 4 0.5156639
6 4 0.51514536
7 4 0.5147369
8 4 0.5146661
9 4 0.5147791
10 4 0.5153055
11 4 0.5155831
12 4 0.5157147
13 4 0.51593
14 4 0.5159329
15 4 0.51601666
16 4 0.5160841
17 4 0.5161236
18 4 0.5161937
19 4 0.51637655
20 4 0.5165445
21 4 0.5166373
22 4 0.5167147
23 4 0.51685387
24 4 0.51693565
25 4 0.5170619
26 4 0.5171466
27 4 0.5171778
28 4 0.51721764
29 4 0.5172804
30 4 0.517317
0 5 0.5188568
1 5 0.5189862
2 5 0.5188297
3 5 0.51855063
4 5 0.5175421
5 5 0.51692027
6 5 0.516869
7 5 0.51631457
8 5 0.5161463
9 5 0.51629794
10 5 0.5168365
11 5 0.517057
12 5 0.5171007
13 5 0.517211
14 5 0.5172098
15 5 0.5173353
16 5 0.517546
17 5 0.51754063
18 5 0.51760507
19 5 0.5176439
20 5 0.5176832
21 5 0.5177482
22 5 0.51781064
23 5 0.5178868
24 5 0.51799035
25 5 0.51806897
26 5 0.51813245
27 5 0.5181405
28 5 0.51815784
29 5 0.51817685
30 5 0.51819247
0 6 0.51968545
1 6 0.5197902
2 6 0.5196908
3 6 0.5192574
4 6 0.5182692
5 6 0.51777846
6 6 0.51769567
7 6 0.5172264
8 6 0.5171461
9 6 0.51733166
10 6 0.51783437
11 6 0.51802427
12 6 0.51798373
13 6 0.51805526
14 6 0.518098
15 6 0.51811486
16 6 0.51794153
17 6 0.5179823
18 6 0.518089
19 6 0.51812387
20 6 0.51816005
21 6 0.5182176
22 6 0.51817197
23 6 0.51822007
24 6 0.51825035
25 6 0.5182911
26 6 0.51834536
27 6 0.51840127
28 6 0.51845324
29 6 0.5185089
30 6 0.51852137
0 7 0.5196737
1 7 0.5198295
2 7 0.5197902
3 7 0.5194122
4 7 0.5181793
5 7 0.51798594
6 7 0.51788586
7 7 0.5172547
8 7 0.5171432
9 7 0.51732796
10 7 0.517671
11 7 0.5179464
12 7 0.51807433
13 7 0.5181478
14 7 0.5181615
15 7 0.5181998
16 7 0.51823545
17 7 0.5183568
18 7 0.51847255
19 7 0.5185577
20 7 0.5186014
21 7 0.5186517
22 7 0.51871496
23 7 0.518805
24 7 0.51885486
25 7 0.5189139
26 7 0.51898205
27 7 0.519077
28 7 0.51913905
29 7 0.5191486
30 7 0.5191713
0 8 0.52067006
1 8 0.52074355
2 8 0.52070814
3 8 0.52051824
4 8 0.51960754
5 8 0.5191359
6 8 0.5191598
7 8 0.5186427
8 8 0.51839733
9 8 0.51860654
10 8 0.51889247
11 8 0.5191647
12 8 0.5192977
13 8 0.51941544
14 8 0.5195812
15 8 0.5196415
16 8 0.5196759
17 8 0.5197663
18 8 0.51986194
19 8 0.51995915
20 8 0.52012366
21 8 0.52020085
22 8 0.52033854
23 8 0.5203756
24 8 0.5204855
25 8 0.5205971
26 8 0.52065104
27 8 0.5206784
28 8 0.52073234
29 8 0.52077603
30 8 0.5208175
0 9 0.32682067
1 9 0.35456476
2 9 0.37354916
3 9 0.38812873
4 9 0.39999416
5 9 0.40996087
6 9 0.41861284
7 9 0.42665374
8 9 0.43239528
9 9 0.43735167
10 9 0.44182682
11 9 0.44567528
12 9 0.44907913
13 9 0.45226765
14 9 0.10618863
15 9 -0.0020967117
16 9 0.0012119326
17 9 -0.0019902647
18 9 -0.0023127794
19 9 -0.0023379263
20 9 0.13084844
21 9 0.19885461
22 9 0.23441447
23 9 0.2592774
24 9 0.27838877
25 9 0.29399157
26 9 0.30708942
27 9 0.3182871
28 9 0.32805628
29 9 0.33654764
30 9 0.3440011
0 10 0.2608509
1 10 0.28633374
2 10 0.30386597
3 10 0.3173552
4 10 0.32854018
5 10 0.33785284
6 10 0.3458251
7 10 0.3525586
8 10 0.35857263
9 10 0.36382124
10 10 0.36970487
11 10 0.3740853
12 10 0.3778007
13 10 0.1834713
14 10 -0.0022329444
15 10 -0.0023242543
16 10 -0.002147494
17 10 -0.002343786
18 10 -0.0023452507
19 10 -0.0023452507
20 10 -0.0023462274
21 10 0.07828001
22 10 0.15351212
23 10 0.19375809
24 10 0.22025996
25 10 0.24067336
26 10 0.25742412
27 10 0.27153003
28 10 0.28352875
29 10 0.2939088
30 10 0.30288523
0 11 0.24204472
1 11 0.26502162
2 11 0.28062904
3 11 0.2927794
4 11 0.30298218
5 11 0.31146204
6 11 0.31881884
7 11 0.32523397
8 11 0.33125776
9 11 0.33620974
10 11 0.34098324
11 11 0.34600458
12 11 0.34944335
13 11 0.010589274
14 11 -0.00225272
15 11 -0.002327184
16 11 -0.0023296254
17 11 -0.0023247425
18 11 -0.00228983
19 11 -0.002345495
20 11 -0.0023445182
21 11 -0.002345495
22 11 0.07444914
23 11 0.15180261
24 11 0.18645182
25 11 0.2151195
26 11 0.23367082
27 11 0.24910122
28 11 0.26209924
29 11 0.27310672
30 11 0.28275213
0 12 0.2218408
1 12 0.24704283
2 12 0.2636095
3 12 0.27806383
4 12 0.2880801
5 12 0.29649404
6 12 0.30379125
7 12 0.31017444
8 12 0.31601486
9 12 0.32124954
10 12 0.32617736
11 12 0.33048284
12 12 0.33284763
13 12 0.29815274
14 12 0.26987472
15 12 -0.0018132601
16 12 -0.0023105822
17 12 -0.0023384148
18 12 -0.002340612
19 12 -0.002342321
20 12 -0.0023450067
21 12 -0.0023447624
22 12 0.0030862289
23 12 0.11641804
24 12 0.1659188
25 12 0.19523102
26 12 0.21690567
27 12 0.23743919
28 12 0.25137666
29 12 0.26322228
30 12 0.2732874
0 13 0.2340651
1 13 0.25445727
2 13 0.26847285
3 13 0.27909875
4 13 0.28951958
5 13 0.29695058
6 13 0.3034895
7 13 0.30928257
8 13 0.31462714
9 13 0.31940186
10 13 0.32406208
11 13 0.32796448
12 13 0.33165887
13 13 0.33337352
14 13 0.33605933
15 13 0.33904085
16 13 0.2332941
17 13 0.13257746
18 13 -0.0022505226
19 13 -0.002330358
20 13 -0.0023379263
21 13 -0.0023435417
22 13 -0.0023044785
23 13 0.113167256
24 13 0.16933048
25 13 0.19990198
26 13 0.22189476
27 13 0.23930883
28 13 0.2535151
29 13 0.267612
30 13 0.2773641
0 14 0.24669957
1 14 0.2646847
2 14 0.27722788
3 14 0.28697363
4 14 0.29505602
5 14 0.30196458
6 14 0.308263
7 14 0.31376237
8 14 0.31890625
9 14 0.32435822
10 14 0.32852945
11 14 0.33150068
12 14 0.33434153
13 14 0.3374058
14 14 0.34021834
15 14 0.34301087
16 14 0.34490004
17 14 0.014109347
18 14 -0.00228983
19 14 -0.002315221
20 14 -0.0023291372
21 14 -0.002345495
22 14 -0.002245884
23 14 0.112782
24 14 0.16863368
25 14 0.19956556
26 14 0.22178538
27 14 0.2391897
28 14 0.25330198
29 14 0.26509097
30 14 0.27501738
0 15 0.24012794
1 15 0.2594898
2 15 0.27295023
3 15 0.28320184
4 15 0.29142317
5 15 0.29865104
6 15 0.30496463
7 15 0.31081507
8 15 0.3160561
9 15 0.3209053
10 15 0.32491976
11 15 0.3284701
12 15 0.3313969
13 15 -0.0019831846
14 15 0.093144
15 15 0.16105422
16 15 0.093115196
17 15 0.124692336
18 15 0.06437037
19 15 -0.0023362173
20 15 -0.0023386588
21 15 -0.0023447624
22 15 -0.0023432975
23 15 0.10686565
24 15 0.16617027
25 15 0.19651473
26 15 0.21822233
27 15 0.23510906
28 15 0.24900308
29 15 0.26062825
30 15 0.27056885
0 16 0.22523782
1 16 0.24756238
2 16 0.26252037
3 16 0.27553448
4 16 0.284207
5 16 0.2916441
6 16 0.29832047
7 16 0.3044551
8 16 0.31001207
9 16 0.31501728
10 16 0.31958887
11 16 0.32302153
12 16 0.32521176
13 16 -0.0017212178
14 16 4.0210577E-4
15 16 0.089753814
16 16 0.003901427
17 16 0.004735424
18 16 -0.0023166859
19 16 -0.0023425652
20 16 -0.00234403
21 16 -0.0022598002
22 16 0.057990633
23 16 0.1500936
24 16 0.18315172
25 16 0.20614475
26 16 0.2239397
27 16 0.24120364
28 16 0.2530217
29 16 0.26313734
30 16 0.27192408
0 17 0.23331583
1 17 0.2523779
2 17 0.26553288
3 17 0.27537605
4 17 0.28343648
5 17 0.2905435
6 17 0.29823187
7 17 0.3039507
8 17 0.3093573
9 17 0.31398284
10 17 0.31829345
11 17 0.3212493
12 17 0.32320172
13 17 0.3265343
14 17 0.32960808
15 17 0.08503597
16 17 -0.0022480814
17 17 -0.0022973984
18 17 -0.0023296254
19 17 -0.0023364616
20 17 -0.0023428092
21 17 -0.002296666
22 17 0.103888795
23 17 0.16629796
24 17 0.196368
25 17 0.21741593
26 17 0.23378532
27 17 0.24948062
28 17 0.26041463
29 17 0.26962718
30 17 0.2776727
0 18 0.23139001
1 18 0.25153142
2 18 0.26502457
3 18 0.27506232
4 18 0.28333002
5 18 0.29175958
6 18 0.29809344
7 18 0.3038638
8 18 0.3089996
9 18 0.31372598
10 18 0.31793478
11 18 0.3218738
12 18 9.3678193E-4
13 18 -0.0022514993
14 18 -0.002303746
15 18 -0.0023352408
16 18 -0.00234403
17 18 -0.0023450067
18 18 -0.0021025713
19 18 0.0083250785
20 18 -0.00234403
21 18 0.034021273
22 18 0.13858782
23 18 0.17117572
24 18 0.1940247
25 18 0.21183161
26 18 0.22652568
27 18 0.23897582
28 18 0.24966495
29 18 0.2590186
30 18 0.26880684
0 19 0.2246006
1 19 0.24403547
2 19 0.25726858
3 19 0.26737154
4 19 0.27565533
5 19 0.28303364
6 19 0.2897271
7 19 0.29569396
8 19 0.30130416
9 19 0.30689996
10 19 0.3112699
11 19 0.31525043
12 19 0.31887794
13 19 0.05167462
14 19 -0.0022383155
15 19 -0.0023149769
16 19 0.012614939
17 19 -0.002303746
18 19 -0.0022380713
19 19 -0.0023384148
20 19 0.04519283
21 19 0.14130172
22 19 0.17060515
23 19 0.1989005
24 19 0.21620008
25 19 0.2303209
26 19 0.24223247
27 19 0.2524565
28 19 0.26137802
29 19 0.2692014
30 19 0.27612728
0 20 0.2413201
1 20 0.25762844
2 20 0.26881173
3 20 0.27720737
4 20 0.28418964
5 20 0.29061115
6 20 0.29630068
7 20 0.30151218
8 20 0.30639824
9 20 0.31041685
10 20 0.31436002
11 20 0.31870848
12 20 0.3220313
13 20 0.3250777
14 20 0.013112261
15 20 -0.0016164798
16 20 -0.0022878768
17 20 -0.0022969102
18 20 0.0012365911
19 20 0.017772976
20 20 0.11560846
21 20 0.17496069
22 20 0.20210856
23 20 0.22091793
24 20 0.2379614
25 20 0.24935733
26 20 0.25914118
27 20 0.26746917
28 20 0.27465752
29 20 0.28108585
30 20 0.28687158
0 21 0.31122008
1 21 0.31475288
2 21 0.31777734
3 21 0.32054347
4 21 0.32365486
5 21 0.3265841
6 21 0.32954338
7 21 0.33215523
8 21 0.33461645
9 21 0.3370176
10 21 0.339337
11 21 0.3414403
12 21 0.3435536
13 21 0.34589055
14 21 0.34775338
15 21 0.34951317
16 21 0.35127345
17 21 0.35295877
18 21 0.35455033
19 21 0.35618758
20 21 0.3576461
21 21 0.35910878
22 21 0.36045474
23 21 0.36196184
24 21 0.36330292
25 21 0.36445332
26 21 0.36560836
27 21 0.36673045
28 21 0.36780763
29 21 0.36879298
30 21 0.3697864
0 22 0.37533388
1 22 0.37620962
2 22 0.37688735
3 22 0.37766984
4 22 0.37838152
5 22 0.37940523
6 22 0.38039255
7 22 0.38130516
8 22 0.3822805
9 22 0.38316724
10 22 0.3840962
11 22 0.38491505
12 22 0.38572317
13 22 0.38647223
14 22 0.38740584
15 22 0.38814607
16 22 0.388879
17 22 0.38956088
18 22 0.39031994
19 22 0.3909293
20 22 0.39161804
21 22 0.39225772
22 22 0.39283803
23 22 0.3934147
24 22 0.3939494
25 22 0.39464104
26 22 0.39517695
27 22 0.39565963
28 22 0.39618525
29 22 0.39661616
30 22 0.39704368
0 23 0.39983228
1 23 0.4003909
2 23 0.40057155
3 23 0.4009102
4 23 0.4011702
5 23 0.4017012
6 23 0.4022918
7 23 0.4028035
8 23 0.40333137
9 23 0.40385237
10 23 0.4044244
11 23 0.4049217
12 23 0.40543687
13 23 0.40600842
14 23 0.406433
15 23 0.40690026
16 23 0.407411
17 23 0.4077848
18 23 0.4081669
19 23 0.40852383
20 23 0.40894327
21 23 0.40943545
22 23 0.40976483
23 23 0.41022894
24 23 0.41061395
25 23 0.41097918
26 23 0.41140643
27 23 0.4116357
28 23 0.4119404
29 23 0.41221845
30 23 0.41244772
0 24 0.41441184
1 24 0.41464892
2 24 0.41490015
3 24 0.4149646
4 24 0.41517237
5 24 0.4155498
6 24 0.41597
7 24 0.41639796
8 24 0.41660964
9 24 0.41702104
10 24 0.417459
11 24 0.41791925
12 24 0.41822758
13 24 0.41854718
14 24 0.41891462
15 24 0.41926202
16 24 0.41952765
17 24 0.41990608
18 24 0.42020053
19 24 0.42049155
20 24 0.42078426
21 24 0.42107335
22 24 0.42145687
23 24 0.4217098
24 24 0.42198008
25 24 0.42233115
26 24 0.42249376
27 24 0.42272082
28 24 0.42296326
29 24 0.42318177
30 24 0.42344984
0 25 0.42455116
1 25 0.42482486
2 25 0.4249987
3 25 0.4251149
4 25 0.42538688
5 25 0.4255263
6 25 0.42572013
7 25 0.42597136
8 25 0.42634612
9 25 0.42668915
10 25 0.42697626
11 25 0.4272402
12 25 0.42752144
13 25 0.4278105
14 25 0.4281147
15 25 0.42847213
16 25 0.42869478
17 25 0.4289697
18 25 0.42918602
19 25 0.4294763
20 25 0.42971408
21 25 0.42997557
22 25 0.43021166
23 25 0.43047753
24 25 0.4306604
25 25 0.4309441
26 25 0.43104494
27 25 0.4312517
28 25 0.43147463
29 25 0.43157056
30 25 0.43173537
0 26 0.43267557
1 26 0.43293166
2 26 0.43300906
3 26 0.43306887
4 26 0.43326885
5 26 0.43346465
6 26 0.43350956
7 26 0.43364334
8 26 0.43393877
9 26 0.43420243
10 26 0.43448833
11 26 0.43474665
12 26 0.43500128
13 26 0.4353482
14 26 0.43550813
15 26 0.43575886
16 26 0.4359969
17 26 0.4362762
18 26 0.43648934
19 26 0.43671298
20 26 0.43696812
21 26 0.43711045
22 26 0.43739098
23 26 0.43749547
24 26 0.43770885
25 26 0.4379188
26 26 0.4380018
27 26 0.43817908
28 26 0.43839368
29 26 0.43849206
30 26 0.4385475
0 27 0.43909484
1 27 0.43942177
2 27 0.43949673
3 27 0.4395414
4 27 0.43953237
5 27 0.43977332
6 27 0.43995276
7 27 0.44000575
8 27 0.44023353
9 27 0.44049942
10 27 0.4407416
11 27 0.44100088
12 27 0.44123575
13 27 0.44149625
14 27 0.4416542
15 27 0.44199088
16 27 0.4421335
17 27 0.44243377
18 27 0.44250238
19 27 0.44266057
20 27 0.44282
21 27 0.44300848
22 27 0.44320452
23 27 0.4434521
24 27 0.44351143
25 27 0.44363153
26 27 0.44377264
27 27 0.44395602
28 27 0.4440046
29 27 0.44406393
30 27 0.4441965
0 28 0.44473264
1 28 0.44494212
2 28 0.44500852
3 28 0.44500804
4 28 0.44500437
5 28 0.4451223
6 28 0.44522923
7 28 0.44528317
8 28 0.4455051
9 28 0.44570336
10 28 0.44596946
11 28 0.4461582
12 28 0.44642943
13 28 0.4465271
14 28 0.44679955
15 28 0.44701588
16 28 0.44723755
17 28 0.44748732
18 28 0.44753027
19 28 0.4477373
20 28 0.44796267
21 28 0.44803274
22 28 0.44822633
23 28 0.4484661
24 28 0.44851124
25 28 0.44856644
26 28 0.4486768
27 28 0.4487637
28 28 0.44885844
29 28 0.44898367
30 28 0.44901592
0 29 0.44970855
1 29 0.44989213
2 29 0.44999418
3 29 0.44998345
4 29 0.44999322
5 29 0.45001274
6 29 0.45004472
7 29 0.45002714
8 29 0.45017338
9 29 0.45047224
10 29 0.4505589
11 29 0.4507596
12 29 0.45097175
13 29 0.4510921
14 29 0.4513333
15 29 0.45151863
16 29 0.45169002
17 29 0.4518521
18 29 0.45201936
19 29 0.4521661
20 29 0.45231062
21 29 0.45250717
22 29 0.45252597
23 29 0.45260945
24 29 0.45273447
25 29 0.45278525
26 29 0.45289877
27 29 0.45297396
28 29 0.45300987
29 29 0.45302597
30 29 0.45305088
0 30 0.453672
1 30 0.4538607
2 30 0.45400792
3 30 0.45402086
4 30 0.45401892
5 30 0.45403576
6 30 0.4540714
7 30 0.4541283
8 30 0.45429602
9 30 0.45452452
10 30 0.4547125
11 30 0.45492396
12 30 0.45507362
13 30 0.45531824
14 30 0.45552528
15 30 0.45569202
16 30 0.45588002
17 30 0.45603162
18 30 0.4562001
19 30 0.4564362
20 30 0.4565275
21 30 0.45662636
22 30 0.45675626
23 30 0.4568361
24 30 0.4569904
25 30 0.4570258
26 30 0.45701358
27 30 0.45703727
28 30 0.45709366
29 30 0.45718327
30 30 0.45725164
