0 0 0.35045776
1 0 0.3508047
2 0 0.3509148
3 0 0.35421586
4 0 0.35235843
5 0 0.35188064
6 0 0.35294437
7 0 0.35314652
8 0 0.35297048
9 0 0.35310012
10 0 0.3530042
11 0 0.35309255
12 0 0.35337746
13 0 0.35364068
14 0 0.3538306
15 0 0.35405645
16 0 0.35419977
17 0 0.35439017
18 0 0.35460407
19 0 0.3549234
20 0 0.35517243
21 0 0.35538214
22 0 0.35558844
23 0 0.3558587
24 0 0.35613558
25 0 0.35641536
26 0 0.35655305
27 0 0.3565733
28 0 0.35643294
29 0 0.35695833
30 0 0.35743442
0 1 0.35808703
1 1 0.35874718
2 1 0.35964614
3 1 0.36073622
4 1 0.3613239
5 1 0.3631679
6 1 0.35976648
7 1 0.35897228
8 1 0.35853648
9 1 0.35938513
10 1 0.35940295
11 1 0.36059976
12 1 0.3613549
13 1 0.36181584
14 1 0.36221063
15 1 0.3624135
16 1 0.36262298
17 1 0.36284393
18 1 0.36297283
19 1 0.36322382
20 1 0.3633322
21 1 0.36347187
22 1 0.36360884
23 1 0.3637878
24 1 0.3640278
25 1 0.36427096
26 1 0.36443403
27 1 0.36462423
28 1 0.3647756
29 1 0.36510104
30 1 0.36544773
0 2 0.36489475
1 2 0.36530417
2 2 0.3653557
3 2 0.36530855
4 2 0.36559007
5 2 0.36607006
6 2 0.36390474
7 2 0.36327508
8 2 0.36228216
9 2 0.36256927
10 2 0.3632321
11 2 0.3640334
12 2 0.3645251
13 2 0.36481613
14 2 0.36515158
15 2 0.36542502
16 2 0.36558542
17 2 0.36575878
18 2 0.36594287
19 2 0.36603174
20 2 0.366188
21 2 0.3664531
22 2 0.36665037
23 2 0.3669348
24 2 0.3672671
25 2 0.36757985
26 2 0.36778906
27 2 0.36815333
28 2 0.36839554
29 2 0.36864847
30 2 0.3689275
0 3 0.36912236
1 3 0.3695977
2 3 0.37030426
3 3 0.37056965
4 3 0.3710606
5 3 0.37359533
6 3 0.3710662
7 3 0.37042803
8 3 0.37024054
9 3 0.37018976
10 3 0.37013066
11 3 0.37039995
12 3 0.37055695
13 3 0.37080792
14 3 0.37101787
15 3 0.37116072
16 3 0.37123346
17 3 0.3712469
18 3 0.3712398
19 3 0.37121272
20 3 0.37102962
21 3 0.37125885
22 3 0.37138557
23 3 0.3714903
24 3 0.3714959
25 3 0.3717718
26 3 0.3720223
27 3 0.3721451
28 3 0.37221515
29 3 0.37238997
30 3 0.37265122
0 4 0.3718631
1 4 0.37202522
2 4 0.37241805
3 4 0.37269294
4 4 0.37391025
5 4 0.37409702
6 4 0.37295443
7 4 0.3735648
8 4 0.37249202
9 4 0.37220052
10 4 0.37196615
11 4 0.37250376
12 4 0.37271762
13 4 0.37314707
14 4 0.37344274
15 4 0.37346298
16 4 0.37350547
17 4 0.37351742
18 4 0.37348056
19 4 0.37343222
20 4 0.37342516
21 4 0.37338167
22 4 0.37346348
23 4 0.37332675
24 4 0.37363315
25 4 0.37378624
26 4 0.37392443
27 4 0.3740079
28 4 0.3741842
29 4 0.37429798
30 4 0.37442273
0 5 0.37398008
1 5 0.3745111
2 5 0.3750155
3 5 0.3756935
4 5 0.3758224
5 5 0.37520763
6 5 0.37388852
7 5 0.37551233
8 5 0.37479675
9 5 0.37460876
10 5 0.37444714
11 5 0.37487245
12 5 0.3752245
13 5 0.37541077
14 5 0.37564465
15 5 0.37574843
16 5 0.3756686
17 5 0.37567785
18 5 0.37569788
19 5 0.3757035
20 5 0.37568274
21 5 0.37566003
22 5 0.3758373
23 5 0.37585756
24 5 0.37599233
25 5 0.37604725
26 5 0.3761332
27 5 0.37617764
28 5 0.37623525
29 5 0.37633803
30 5 0.3763053
0 6 0.3763024
1 6 0.37638125
2 6 0.3773334
3 6 0.37902558
4 6 0.380207
5 6 0.38086495
6 6 0.3802324
7 6 0.38074973
8 6 0.38051632
9 6 0.38023385
10 6 0.38021284
11 6 0.3794389
12 6 0.37946454
13 6 0.37922698
14 6 0.37917742
15 6 0.37915155
16 6 0.37894014
17 6 0.37885833
18 6 0.37855902
19 6 0.37852094
20 6 0.378549
21 6 0.3786242
22 6 0.37860638
23 6 0.3787038
24 6 0.37875432
25 6 0.37884808
26 6 0.3789765
27 6 0.37903216
28 6 0.3791269
29 6 0.37928924
30 6 0.37936714
0 7 0.3790346
1 7 0.37934515
2 7 0.37974507
3 7 0.3804692
4 7 0.38336718
5 7 0.38493508
6 7 0.38495073
7 7 0.38167748
8 7 0.3819607
9 7 0.3824314
10 7 0.38237938
11 7 0.38239527
12 7 0.38216844
13 7 0.38201708
14 7 0.3817346
15 7 0.3814868
16 7 0.3812424
17 7 0.3810078
18 7 0.38065866
19 7 0.38048115
20 7 0.38032466
21 7 0.3802514
22 7 0.38003632
23 7 0.37998605
24 7 0.37986055
25 7 0.37973627
26 7 0.37977266
27 7 0.3797961
28 7 0.3798127
29 7 0.37986568
30 7 0.37981465
0 8 0.37966377
1 8 0.38010153
2 8 0.3804787
3 8 0.3809448
4 8 0.38245654
5 8 0.3853289
6 8 0.3845347
7 8 0.38295898
8 8 0.38192967
9 8 0.3820095
10 8 0.38251293
11 8 0.38319018
12 8 0.38336426
13 8 0.38335815
14 8 0.38328466
15 8 0.38317773
16 8 0.3830051
17 8 0.38279444
18 8 0.38256812
19 8 0.38245457
20 8 0.38245118
21 8 0.3825442
22 8 0.38266307
23 8 0.3827793
24 8 0.38293678
25 8 0.38316798
26 8 0.38347998
27 8 0.3835144
28 8 0.3835862
29 8 0.38369507
30 8 0.38367847
0 9 0.38119334
1 9 0.38152733
2 9 0.38178977
3 9 0.38193774
4 9 0.38273534
5 9 0.38322803
6 9 0.38260913
7 9 0.38227978
8 9 0.3830249
9 9 0.38361672
10 9 0.38461015
11 9 0.3852034
12 9 0.38502982
13 9 0.38477835
14 9 0.38447928
15 9 0.38420436
16 9 0.3837781
17 9 0.3834353
18 9 0.38300633
19 9 0.38275123
20 9 0.38250315
21 9 0.38249388
22 9 0.38276365
23 9 0.38316286
24 9 0.38340944
25 9 0.38370898
26 9 0.38400197
27 9 0.3843213
28 9 0.38457888
29 9 0.3848377
30 9 0.38500857
0 10 0.37859514
1 10 0.3781608
2 10 0.37787223
3 10 0.37843132
4 10 0.3790551
5 10 0.3792812
6 10 0.3796689
7 10 0.3805681
8 10 0.38062203
9 10 0.38176146
10 10 0.3833706
11 10 0.38390478
12 10 0.38395876
13 10 0.38367996
14 10 0.38324952
15 10 0.38279662
16 10 0.3824209
17 10 0.38206884
18 10 -6.152438E-4
19 10 -0.0014807355
20 10 -0.0017937286
21 10 0.0943635
22 10 0.15409294
23 10 0.18650188
24 10 0.2099163
25 10 0.2281888
26 10 0.24317291
27 10 0.2554829
28 10 0.26784492
29 10 0.276473
30 10 0.28404975
0 11 0.23379289
1 11 0.2503405
2 11 0.26328185
3 11 0.27512774
4 11 0.2876814
5 11 0.29696134
6 11 0.30231616
7 11 0.3079322
8 11 0.3105531
9 11 0.31471357
10 11 0.31871557
11 11 0.32056448
12 11 0.32226324
13 11 0.32379547
14 11 0.3251219
15 11 0.3262694
16 11 5.505455E-4
17 11 -0.0017300069
18 11 -0.0014297094
19 11 -0.0017790799
20 11 -0.0012524605
21 11 0.023057481
22 11 -0.0019048143
23 11 0.07011069
24 11 0.11969055
25 11 0.1464019
26 11 0.16601352
27 11 0.18441127
28 11 0.19685824
29 11 0.2077024
30 11 0.21724795
0 12 0.18804975
1 12 0.20328632
2 12 0.21567981
3 12 0.22821102
4 12 0.24055202
5 12 0.24923843
6 12 0.25620508
7 12 0.26283923
8 12 0.26593107
9 12 0.27099755
10 12 0.2753919
11 12 0.2779486
12 12 0.28031558
13 12 0.28249088
14 12 0.28439206
15 12 1.2964066E-4
16 12 -0.0016594492
17 12 -0.0016570077
18 12 -0.0023169299
19 12 -0.0013403526
20 12 -0.0014668193
21 12 -0.0021264974
22 12 -0.0019619442
23 12 0.06456788
24 12 0.10942697
25 12 0.13398448
26 12 0.15203749
27 12 0.1665902
28 12 0.17871709
29 12 0.18924777
30 12 0.19855846
0 13 0.16348712
1 13 0.1796375
2 13 0.19269386
3 13 0.20462105
4 13 0.2205649
5 13 0.22949766
6 13 0.23576337
7 13 0.24034132
8 13 0.24467464
9 13 0.25027508
10 13 0.2556333
11 13 0.25841045
12 13 0.26081577
13 13 0.2628556
14 13 0.0015674068
15 13 0.03005002
16 13 0.035583064
17 13 0.05056376
18 13 0.0011252613
19 13 6.2330056E-4
20 13 0.0013469445
21 13 -0.0017827421
22 13 -0.0023469597
23 13 -8.130007E-5
24 13 0.07248597
25 13 0.11559772
26 13 0.13637196
27 13 0.15206483
28 13 0.16500302
29 13 0.17586718
30 13 0.18526748
0 14 0.15517426
1 14 0.17004606
2 14 0.18248986
3 14 0.19388627
4 14 0.20638768
5 14 0.21391855
6 14 0.22089157
7 14 0.22807209
8 14 0.23178723
9 14 0.23646797
10 14 0.24138065
11 14 0.24428254
12 14 0.24687658
13 14 0.24901186
14 14 0.24197684
15 14 0.2334628
16 14 0.23148791
17 14 0.23667355
18 14 0.01577905
19 14 -6.115816E-4
20 14 -0.0014321508
21 14 -0.0019548638
22 14 -0.0021992524
23 14 -7.358511E-4
24 14 0.0757326
25 14 0.11579962
26 14 0.13872355
27 14 0.15553534
28 14 0.16885878
29 14 0.18015583
30 14 0.18992111
0 15 0.2170397
1 15 0.21695523
2 15 0.21846233
3 15 0.2243147
4 15 0.23238759
5 15 0.23659225
6 15 0.23999733
7 15 0.24415706
8 15 0.24732776
9 15 0.25162348
10 15 0.25672513
11 15 0.2593343
12 15 0.26160458
13 15 0.25420043
14 15 0.24791493
15 15 0.21686415
16 15 0.24860097
17 15 0.22756355
18 15 0.115988344
19 15 0.0067386283
20 15 -0.002229038
21 15 -0.0019831846
22 15 -6.7725644E-4
23 15 -0.002027863
24 15 0.0676839
25 15 0.114242226
26 15 0.13991669
27 15 0.16085085
28 15 0.1741616
29 15 0.18514566
30 15 0.19449125
0 16 0.17518188
1 16 0.1886296
2 16 0.19988905
3 16 0.21142048
4 16 0.22243798
5 16 0.22926034
6 16 0.23692966
7 16 0.2423897
8 16 0.2454122
9 16 0.24957511
10 16 0.2536279
11 16 0.25648293
12 16 0.25929156
13 16 0.25332126
14 16 0.25553173
15 16 0.2575679
16 16 0.08724328
17 16 0.016218266
18 16 0.112676285
19 16 0.0019472954
20 16 -0.001056901
21 16 -0.0019851378
22 16 -0.0018716106
23 16 -0.0021421227
24 16 0.082474895
25 16 0.11822642
26 16 0.1392265
27 16 0.15441276
28 16 0.16615586
29 16 0.17597975
30 16 0.18439735
0 17 0.16510165
1 17 0.1780479
2 17 0.19013938
3 17 0.20142569
4 17 0.21316878
5 17 0.22015083
6 17 0.22595634
7 17 0.22925498
8 17 0.23170325
9 17 0.2352553
10 17 0.23882763
11 17 0.2415823
12 17 0.24437849
13 17 0.2426165
14 17 0.241856
15 17 0.09913994
16 17 0.00388629
17 17 0.13357675
18 17 0.043719906
19 17 -0.0013679408
20 17 -0.0022888533
21 17 -0.0015989015
22 17 -0.0015639887
23 17 -0.0019407035
24 17 0.07676558
25 17 0.11464946
26 17 0.13590834
27 17 0.15120031
28 17 0.16321978
29 17 0.1731152
30 17 0.18161802
0 18 0.17090276
1 18 0.18181406
2 18 0.19142944
3 18 0.20365033
4 18 0.21621668
5 18 0.22182737
6 18 0.22719146
7 18 0.23044957
8 18 0.23245278
9 18 0.23794797
10 18 0.24129836
11 18 0.2436634
12 18 0.246161
13 18 0.24233769
14 18 0.2369382
15 18 0.23383048
16 18 0.23583783
17 18 0.0025058978
18 18 -0.0016736096
19 18 -0.0019104296
20 18 -0.0015368888
21 18 -0.0023362173
22 18 -0.0020688793
23 18 0.08135769
24 18 0.11816343
25 18 0.13978754
26 18 0.15585932
27 18 0.16847132
28 18 0.17878106
29 18 0.18895943
30 18 0.19510747
0 19 0.18222228
1 19 0.19304836
2 19 0.2012162
3 19 0.21188948
4 19 0.22483742
5 19 0.23029625
6 19 0.23517743
7 19 0.23900098
8 19 0.24159598
9 19 0.24634947
10 19 0.2490314
11 19 0.25111493
12 19 0.25289938
13 19 0.25348508
14 19 9.804837E-4
15 19 -4.7949952E-4
16 19 -0.0018579386
17 19 -0.0019978334
18 19 -0.0010312658
19 19 -0.0021794767
20 19 0.036712233
21 19 -0.0021745937
22 19 0.059884705
23 19 0.1049706
24 19 0.12748949
25 19 0.14367749
26 19 0.15650532
27 19 0.16695935
28 19 0.17596631
29 19 0.18391101
30 19 0.19096728
0 20 0.15569721
1 20 0.17007023
2 20 0.18157114
3 20 0.19758286
4 20 0.20822291
5 20 0.2143109
6 20 0.22207615
7 20 0.22543754
8 20 0.22748516
9 20 0.23065563
10 20 0.23300894
11 20 0.23479778
12 20 0.23663472
13 20 0.2382246
14 20 0.23964697
15 20 -0.0020671703
16 20 -0.0022873885
17 20 -0.0019324026
18 20 -0.0023149769
19 20 -0.0015197987
20 20 -0.0016699474
21 20 0.0502349
22 20 0.10259825
23 20 0.12667356
24 20 0.1437776
25 20 0.15687251
26 20 0.16745642
27 20 0.17643483
28 20 0.18572696
29 20 0.19249439
30 20 0.19853258
0 21 0.16813172
1 21 0.18012458
2 21 0.19089086
3 21 0.20419258
4 21 0.21406211
5 21 0.21855022
6 21 0.22466628
7 21 0.22801521
8 21 0.23122351
9 21 0.23482707
10 21 0.23648702
11 21 0.23830003
12 21 0.24010842
13 21 0.24177396
14 21 0.24342902
15 21 0.24478939
16 21 0.24599913
17 21 -0.0012619823
18 21 0.017377218
19 21 -9.187152E-4
20 21 0.06665751
21 21 0.12279558
22 21 0.14787287
23 21 0.1647657
24 21 0.17762943
25 21 0.18774775
26 21 0.19598053
27 21 0.20288396
28 21 0.2099832
29 21 0.21525623
30 21 0.21994282
0 22 0.1947957
1 22 0.20432833
2 22 0.21239705
3 22 0.22425489
4 22 0.2359665
5 22 0.23895776
6 22 0.2435611
7 22 0.24433723
8 22 0.24754554
9 22 0.25109684
10 22 0.25233224
11 22 0.25384152
12 22 0.25534645
13 22 0.2567261
14 22 0.25818193
15 22 0.25938386
16 22 0.26047102
17 22 0.26158798
18 22 0.26267028
19 22 0.26430458
20 22 0.26584342
21 22 0.26737395
22 22 0.268998
23 22 0.27060962
24 22 0.27215603
25 22 0.27342436
26 22 0.27465752
27 22 0.2759278
28 22 0.2771146
29 22 0.2783131
30 22 0.27962342
0 23 0.28147623
1 23 0.28203824
2 23 0.28473726
3 23 0.28882912
4 23 0.2899639
5 23 0.28923562
6 23 0.28993094
7 23 0.29025126
8 23 0.29141828
9 23 0.29405627
10 23 0.29423058
11 23 0.29455236
12 23 0.2949718
13 23 0.29534143
14 23 0.2957084
15 23 0.29619277
16 23 0.29647475
17 23 0.2968285
18 23 0.29727992
19 23 0.2977814
20 23 0.29853973
21 23 0.29916155
22 23 0.29983124
23 23 0.30052218
24 23 0.30126902
25 23 0.30184275
26 23 0.30241162
27 23 0.30307886
28 23 0.30360425
29 23 0.30418628
30 23 0.30485037
0 24 0.3050679
1 24 0.30540383
2 24 0.30742487
3 24 0.31053722
4 24 0.31101575
5 24 0.3096849
6 24 0.3104967
7 24 0.31027892
8 24 0.31082165
9 24 0.31337002
10 24 0.3140214
11 24 0.31431365
12 24 0.3146386
13 24 0.3149025
14 24 0.3151662
15 24 0.31536567
16 24 0.31560907
17 24 0.3158825
18 24 0.31620088
19 24 0.31643283
20 24 0.31669796
21 24 0.3171013
22 24 0.31741259
23 24 0.31781003
24 24 0.31817722
25 24 0.31845653
26 24 0.31873292
27 24 0.3190681
28 24 0.31937233
29 24 0.31971267
30 24 0.32014698
0 25 0.32056546
1 25 0.3199856
2 25 0.321408
3 25 0.32433113
4 25 0.3239039
5 25 0.3223262
6 25 0.32333502
7 25 0.3235328
8 25 0.32524276
9 25 0.32634753
10 25 0.325786
11 25 0.32635728
12 25 0.32658166
13 25 0.32676917
14 25 0.32689586
15 25 0.32697937
16 25 0.32703966
17 25 0.32706654
18 25 0.32709584
19 25 0.32713684
20 25 0.3273368
21 25 0.32719788
22 25 0.32724598
23 25 0.3273529
24 25 0.32746595
25 25 0.3275968
26 25 0.32768032
27 25 0.32774135
28 25 0.32785803
29 25 0.32802895
30 25 0.32836318
0 26 0.32889664
1 26 0.32876894
2 26 0.3291281
3 26 0.33103168
4 26 0.3311601
5 26 0.33079657
6 26 0.33050945
7 26 0.33053777
8 26 0.33091643
9 26 0.33141327
10 26 0.33158588
11 26 0.3318188
12 26 0.33211324
13 26 0.3324216
14 26 0.33263105
15 26 0.33280098
16 26 0.33303854
17 26 0.33311373
18 26 0.33318675
19 26 0.3332568
20 26 0.33335617
21 26 0.3333508
22 26 0.33338353
23 26 0.3334929
24 26 0.333677
25 26 0.33369896
26 26 0.33376682
27 26 0.33389035
28 26 0.3341184
29 26 0.33442578
30 26 0.33472046
0 27 0.33445677
1 27 0.33456957
2 27 0.33589992
3 27 0.33739945
4 27 0.3373538
5 27 0.33660233
6 27 0.3365186
7 27 0.33654422
8 27 0.33704543
9 27 0.3373145
10 27 0.33728835
11 27 0.33709306
12 27 0.33721852
13 27 0.337335
14 27 0.33743975
15 27 0.33750957
16 27 0.337575
17 27 0.337638
18 27 0.33768022
19 27 0.3377073
20 27 0.33769315
21 27 0.33763236
22 27 0.3375679
23 27 0.33756107
24 27 0.33746904
25 27 0.33764726
26 27 0.33766338
27 27 0.33768022
28 27 0.33780643
29 27 0.33813554
30 27 0.338377
0 28 0.3374368
1 28 0.33745486
2 28 0.3386866
3 28 0.34200865
4 28 0.34072348
5 28 0.33981574
6 28 0.33948225
7 28 0.33978572
8 28 0.3398919
9 28 0.3404825
10 28 0.3406656
11 28 0.34069905
12 28 0.34070247
13 28 0.34084213
14 28 0.3408033
15 28 0.34082797
16 28 0.3408392
17 28 0.34083968
18 28 0.34091195
19 28 0.3409681
20 28 0.3410289
21 28 0.341036
22 28 0.34100154
23 28 0.34107137
24 28 0.3409857
25 28 0.34124154
26 28 0.34141245
27 28 0.34164146
28 28 0.34194836
29 28 0.34259704
30 28 0.3431478
0 29 0.34150815
1 29 0.34167516
2 29 0.34276646
3 29 0.34617984
4 29 0.34644818
5 29 0.3444745
6 29 0.34395692
7 29 0.3434479
8 29 0.34428993
9 29 0.34537783
10 29 0.3454003
11 29 0.34508413
12 29 0.34449086
13 29 0.3442643
14 29 0.34404042
15 29 0.34393886
16 29 0.34390858
17 29 0.34403992
18 29 0.34394228
19 29 0.3439313
20 29 0.34402236
21 29 0.3439855
22 29 0.34393984
23 29 0.34394667
24 29 0.34392226
25 29 0.3441339
26 29 0.34418324
27 29 0.34440956
28 29 0.3444501
29 29 0.34465736
30 29 0.34494865
0 30 0.34446475
1 30 0.34441957
2 30 0.34609708
3 30 0.3494023
4 30 0.34980956
5 30 0.3484282
6 30 0.34737203
7 30 0.3467519
8 30 0.34713984
9 30 0.34796602
10 30 0.34843454
11 30 0.34865254
12 30 0.34871358
13 30 0.3488718
14 30 0.34890744
15 30 0.34880245
16 30 0.34875166
17 30 0.34865084
18 30 0.34860837
19 30 0.3485527
20 30 0.3484548
21 30 0.34844357
22 30 0.3485124
23 30 0.34832296
24 30 0.3482624
25 30 0.34823117
26 30 0.34820747
27 30 0.347476
28 30 0.34779146
29 30 0.34794623
30 30 0.3476894
