0 0 0.36344087
1 0 0.3640698
2 0 0.36688426
3 0 0.36736622
4 0 0.3682239
5 0 0.36897853
6 0 0.36985525
7 0 0.3706082
8 0 0.37126714
9 0 0.3716673
10 0 0.37209138
11 0 0.37245664
12 0 0.37257674
13 0 0.37279963
14 0 0.37308115
15 0 0.37331823
16 0 0.3732806
17 0 0.37332162
18 0 0.37335604
19 0 0.37346175
20 0 0.37352306
21 0 0.37361485
22 0 0.37374204
23 0 0.37387583
24 0 0.3740687
25 0 0.37425792
26 0 0.37442786
27 0 0.3746178
28 0 0.37499696
29 0 0.37502527
30 0 0.3750834
0 1 0.37555677
1 1 0.37605214
2 1 0.3759955
3 1 0.37537464
4 1 0.37816253
5 1 0.38082248
6 1 0.37917376
7 1 0.38011056
8 1 0.379821
9 1 0.38019234
10 1 0.3803984
11 1 0.38093773
12 1 0.38137838
13 1 0.38162035
14 1 0.38152194
15 1 0.38164622
16 1 0.3802878
17 1 0.3805766
18 1 0.38068086
19 1 0.38066208
20 1 0.3806562
21 1 0.38075802
22 1 0.3808491
23 1 0.38077438
24 1 0.3807866
25 1 0.3786994
26 1 0.37268513
27 1 0.37930855
28 1 0.38020283
29 1 0.38049045
30 1 0.38083005
0 2 0.38022724
1 2 0.37989935
2 2 0.3798962
3 2 0.38102877
4 2 0.3803288
5 2 0.38237426
6 2 0.38420632
7 2 0.38635674
8 2 0.3849395
9 2 0.38535842
10 2 0.3854954
11 2 0.38652033
12 2 0.38679865
13 2 0.38686675
14 2 0.38693658
15 2 0.387252
16 2 0.38742706
17 2 0.3874217
18 2 0.38724273
19 2 0.3870015
20 2 0.38686186
21 2 0.38681963
22 2 0.3866646
23 2 0.385554
24 2 0.38587528
25 2 0.38609916
26 2 0.38622758
27 2 0.3862388
28 2 0.38627934
29 2 0.3862703
30 2 0.38634136
0 3 0.3853406
1 3 0.38549393
2 3 0.38578984
3 3 0.38559353
4 3 0.38556254
5 3 0.38642704
6 3 0.3855242
7 3 0.38561356
8 3 0.38603154
9 3 0.3863433
10 3 0.38588285
11 3 0.38620707
12 3 0.38630864
13 3 0.38636333
14 3 0.38643706
15 3 0.38638726
16 3 0.3862813
17 3 0.38623932
18 3 0.38486794
19 3 0.38442093
20 3 0.3845945
21 3 0.38436916
22 3 0.3845066
23 3 0.38477078
24 3 0.38465676
25 3 0.38466752
26 3 0.38469535
27 3 0.38478714
28 3 0.3848123
29 3 0.38487747
30 3 0.38495803
0 4 0.38619733
1 4 0.38588968
2 4 0.38528836
3 4 0.38609722
4 4 0.38690022
5 4 0.39051867
6 4 0.39302236
7 4 0.39298844
8 4 0.3909718
9 4 0.39047375
10 4 0.38995764
11 4 0.39015758
12 4 0.39004773
13 4 0.39000547
14 4 0.3899205
15 4 0.38967025
16 4 0.38960484
17 4 0.3895494
18 4 0.3893663
19 4 0.3892462
20 4 0.38898668
21 4 0.38892636
22 4 0.38887948
23 4 0.38870052
24 4 0.3885775
25 4 0.38855183
26 4 0.3885362
27 4 0.38852036
28 4 0.38851765
29 4 0.38857722
30 4 0.38863313
0 5 0.38828084
1 5 0.38865244
2 5 0.3883934
3 5 0.38892198
4 5 0.38923326
5 5 0.39114735
6 5 0.39005747
7 5 0.3903595
8 5 0.39012268
9 5 0.39045325
10 5 0.39071766
11 5 0.39152429
12 5 0.39186293
13 5 0.39218765
14 5 0.3924811
15 5 0.39257437
16 5 0.39257362
17 5 0.3925375
18 5 0.39243886
19 5 0.39235
20 5 0.3922023
21 5 0.3921642
22 5 0.39218104
23 5 0.3921747
24 5 0.39223328
25 5 0.39211684
26 5 0.39224356
27 5 0.39225477
28 5 0.39224818
29 5 0.39223891
30 5 0.39224893
0 6 0.39154848
1 6 0.39117956
2 6 0.39093494
3 6 0.39192298
4 6 0.39271718
5 6 0.3962165
6 6 0.40045485
7 6 0.39876756
8 6 0.39565352
9 6 0.39488885
10 6 0.3948952
11 6 0.39497942
12 6 0.39489472
13 6 0.39481413
14 6 0.39458832
15 6 0.394497
16 6 0.3944074
17 6 0.39420792
18 6 0.39398503
19 6 0.39371893
20 6 0.3934716
21 6 0.39336392
22 6 0.39327016
23 6 0.39307633
24 6 0.39300185
25 6 0.39296132
26 6 0.39288735
27 6 0.39297745
28 6 0.39289102
29 6 0.39286026
30 6 0.3928273
0 7 0.39235586
1 7 0.39221546
2 7 0.39183435
3 7 0.39187878
4 7 0.39285293
5 7 0.3940988
6 7 0.39316422
7 7 0.39306706
8 7 0.39328972
9 7 0.39343327
10 7 0.39285392
11 7 0.3934628
12 7 0.39372966
13 7 0.39391276
14 7 0.3941579
15 7 0.3941728
16 7 0.39399797
17 7 0.39372867
18 7 0.39344084
19 7 0.3933234
20 7 0.39321452
21 7 0.39302114
22 7 0.39291176
23 7 0.39294767
24 7 0.3929799
25 7 0.39285636
26 7 0.3929567
27 7 0.39295182
28 7 0.39286807
29 7 0.3930248
30 7 0.39306462
0 8 0.39227042
1 8 0.39220765
2 8 0.39284804
3 8 0.3937553
4 8 0.39416936
5 8 0.39727366
6 8 0.40046707
7 8 0.3995281
8 8 0.39664719
9 8 0.39604977
10 8 0.39605367
11 8 0.3964787
12 8 0.3962253
13 8 0.39621285
14 8 0.3960605
15 8 0.3959411
16 8 0.39562738
17 8 0.3952968
18 8 0.39493135
19 8 0.394685
20 8 0.3945009
21 8 0.3944223
22 8 0.39439276
23 8 0.39432195
24 8 0.394341
25 8 0.39429533
26 8 0.39429218
27 8 0.39447966
28 8 0.39459172
29 8 0.39469427
30 8 0.3947729
0 9 0.39319986
1 9 0.3926117
2 9 0.3927206
3 9 0.39323038
4 9 0.39447162
5 9 0.39710665
6 9 0.3960207
7 9 0.39585298
8 9 0.39617306
9 9 0.39648068
10 9 0.39661983
11 9 0.3968286
12 9 0.39703488
13 9 0.39699727
14 9 0.39684054
15 9 0.3967131
16 9 0.39648557
17 9 0.3960373
18 9 0.395498
19 9 0.39504462
20 9 0.3946474
21 9 0.39452216
22 9 0.39448845
23 9 0.39474237
24 9 0.39497456
25 9 0.39533955
26 9 0.3956213
27 9 0.39572847
28 9 0.39609665
29 9 0.39624166
30 9 0.3964907
0 10 0.39249015
1 10 0.39177698
2 10 0.3912025
3 10 0.39169276
4 10 0.39347747
5 10 0.39683467
6 10 0.3975029
7 10 0.39779538
8 10 0.39667183
9 10 0.3965815
10 10 0.39688668
11 10 0.39718065
12 10 0.39734763
13 10 0.397229
14 10 0.39684737
15 10 0.3964914
16 10 0.39599508
17 10 0.3953879
18 10 0.39471918
19 10 -0.0010793622
20 10 0.0038115818
21 10 0.10502187
22 10 0.18829024
23 10 0.22577885
24 10 0.25547975
25 10 0.27356791
26 10 0.2880447
27 10 0.29965302
28 10 0.30906406
29 10 0.31695262
30 10 0.32364556
0 11 0.33992538
1 11 0.3421864
2 11 0.34523574
3 11 0.3503718
4 11 0.3561031
5 11 0.35962316
6 11 0.3612106
7 11 0.36217302
8 11 0.36233586
9 11 0.36270112
10 11 0.36289325
11 11 0.36367133
12 11 0.3645112
13 11 0.36525363
14 11 0.3656323
15 11 0.3659016
16 11 -1.6601816E-4
17 11 -0.0011189136
18 11 -3.9600214E-4
19 11 0.0014084688
20 11 -0.001967071
21 11 -0.002347204
22 11 -0.0017256123
23 11 0.07687764
24 11 0.13351718
25 11 0.16276176
26 11 0.18431312
27 11 0.20150064
28 11 0.21571106
29 11 0.2279676
30 11 0.23857616
0 12 0.21620448
1 12 0.23255165
2 12 0.24631163
3 12 0.2596934
4 12 0.27594465
5 12 0.28758398
6 12 0.30197924
7 12 0.30308667
8 12 0.30413014
9 12 0.30585527
10 12 0.30827326
11 12 0.31013584
12 12 0.3118561
13 12 0.3133554
14 12 0.31467083
15 12 -9.768216E-4
16 12 -0.0020046693
17 12 -0.0022944687
18 12 -0.001667506
19 12 -0.00155935
20 12 4.3579767E-4
21 12 -9.3092246E-4
22 12 -0.001180438
23 12 6.3965825E-5
24 12 0.08689049
25 12 0.12776856
26 12 0.15617743
27 12 0.17063542
28 12 0.18829633
29 12 0.20063539
30 12 0.21142706
0 13 0.18842623
1 13 0.20401216
2 13 0.21577919
3 13 0.22850204
4 13 0.24188529
5 13 0.25416183
6 13 0.26533633
7 13 0.268862
8 13 0.27126515
9 13 0.27382767
10 13 0.276805
11 13 0.2793119
12 13 0.2815934
13 13 0.28365645
14 13 0.2851501
15 13 0.0019326467
16 13 0.0049092546
17 13 0.0021606777
18 13 0.010555337
19 13 0.007947631
20 13 0.004305974
21 13 0.02398523
22 13 -0.0017448998
23 13 -7.885863E-4
24 13 0.082232945
25 13 0.122518964
26 13 0.14604618
27 13 0.1634671
28 13 0.1775308
29 13 0.19159131
30 13 0.20149185
0 14 0.17174189
1 14 0.18801826
2 14 0.20001136
3 14 0.21270077
4 14 0.2263582
5 14 0.24011305
6 14 0.25018302
7 14 0.25579005
8 14 0.2573804
9 14 0.25969464
10 14 0.2624354
11 14 0.26468936
12 14 0.2669145
13 14 0.26902682
14 14 0.25344014
15 14 0.22701812
16 14 0.24458407
17 14 0.25359178
18 14 0.023956422
19 14 0.008033082
20 14 0.0020298162
21 14 -0.0010224766
22 14 -8.8526745E-4
23 14 -0.001892363
24 14 0.07311928
25 14 0.1233637
26 14 0.149285
27 14 0.16804554
28 14 0.18288757
29 14 0.19517413
30 14 0.20747803
0 15 0.19926184
1 15 0.21109746
2 15 0.22254589
3 15 0.23123059
4 15 0.24631432
5 15 0.25413376
6 15 0.25915435
7 15 0.2647848
8 15 0.26606876
9 15 0.26784053
10 15 0.2702185
11 15 0.2720476
12 15 0.27353665
13 15 0.2749317
14 15 0.26424965
15 15 0.26620573
16 15 0.16805555
17 15 0.18370032
18 15 0.16679014
19 15 0.049559597
20 15 -0.0012824903
21 15 -0.0019502251
22 15 -0.001919707
23 15 -0.0016760511
24 15 0.080860615
25 15 0.12780517
26 15 0.15257949
27 15 0.17061369
28 15 0.18471156
29 15 0.19627962
30 15 0.20605785
0 16 0.18854585
1 16 0.2022802
2 16 0.21558167
3 16 0.22813947
4 16 0.2424749
5 16 0.24929532
6 16 0.25700393
7 16 0.26163682
8 16 0.26249573
9 16 0.26399744
10 16 0.26655096
11 16 0.26868916
12 16 0.27111915
13 16 0.26985204
14 16 0.26417884
15 16 0.2196042
16 16 0.23487738
17 16 0.023187855
18 16 0.123060234
19 16 0.002746624
20 16 -0.0012712597
21 16 -0.0021189288
22 16 -0.002010773
23 16 -0.0020962234
24 16 0.07951269
25 16 0.12477046
26 16 0.14931943
27 16 0.1669945
28 16 0.18102084
29 16 0.19279982
30 16 0.20457466
0 17 0.18147251
1 17 0.19594245
2 17 0.20869534
3 17 0.22129342
4 17 0.23626874
5 17 0.24491268
6 17 0.25348702
7 17 0.25839946
8 17 0.2599107
9 17 0.2619691
10 17 0.26519352
11 17 0.26768917
12 17 0.27009618
13 17 0.2722388
14 17 0.23610663
15 17 0.24368487
16 17 0.11132861
17 17 0.11662947
18 17 0.073956944
19 17 -0.0013213092
20 17 -0.0017600367
21 17 -0.0012446479
22 17 -0.0018279088
23 17 -0.0018562296
24 17 0.078870595
25 17 0.12358661
26 17 0.14796345
27 17 0.16542538
28 17 0.17933258
29 17 0.19077562
30 17 0.20216936
0 18 0.18183383
1 18 0.19541168
2 18 0.20649852
3 18 0.21887322
4 18 0.23400334
5 18 0.24243315
6 18 0.24934366
7 18 0.25595337
8 18 0.25703323
9 18 0.2586646
10 18 0.26114365
11 18 0.26369813
12 18 0.26590592
13 18 0.26821014
14 18 0.24501961
15 18 0.2512729
16 18 0.253822
17 18 0.0067523005
18 18 -0.0015837644
19 18 0.0011743343
20 18 -0.0017971466
21 18 -0.0023093615
22 18 -0.0018508584
23 18 0.036125064
24 18 0.11607257
25 18 0.14227952
26 18 0.16057105
27 18 0.17477904
28 18 0.18640031
29 18 0.19616829
30 18 0.20630296
0 19 0.18953757
1 19 0.20159976
2 19 0.21206452
3 19 0.22404322
4 19 0.23668721
5 19 0.24270439
6 19 0.25419384
7 19 0.25879204
8 19 0.26015046
9 19 0.26250133
10 19 0.26559097
11 19 0.26831758
12 19 0.27040842
13 19 0.27219802
14 19 0.049164083
15 19 -0.0014126193
16 19 -4.453193E-4
17 19 -0.0014067598
18 19 -0.0010962082
19 19 -0.0015925537
20 19 7.6905475E-4
21 19 -1.145037E-4
22 19 -0.001971954
23 19 0.062149145
24 19 0.11133764
25 19 0.13919915
26 19 0.15566425
27 19 0.16895767
28 19 0.18001765
29 19 0.18961447
30 19 0.19790585
0 20 0.17830083
1 20 0.19169189
2 20 0.20152067
3 20 0.21184796
4 20 0.22829914
5 20 0.23469524
6 20 0.24148391
7 20 0.24627379
8 20 0.2480326
9 20 0.24996915
10 20 0.25170186
11 20 0.2533647
12 20 0.25493163
13 20 0.25629932
14 20 0.2571736
15 20 0.0023442742
16 20 -0.0018877242
17 20 -0.0020288397
18 20 -0.0021050128
19 20 -0.0022114597
20 20 -0.0022847028
21 20 -0.0022453957
22 20 0.06959799
23 20 0.11371878
24 20 0.1370502
25 20 0.15402652
26 20 0.16760169
27 20 0.1788548
28 20 0.18840596
29 20 0.1966595
30 20 0.20403047
0 21 0.17779104
1 21 0.19042309
2 21 0.2006625
3 21 0.21119562
4 21 0.22536819
5 21 0.23126501
6 21 0.23819138
7 21 0.24368805
8 21 0.24541464
9 21 0.24759045
10 21 0.24984513
11 21 0.25194794
12 21 0.2535605
13 21 0.2550908
14 21 0.2565154
15 21 0.25779203
16 21 0.06318651
17 21 -0.0015334707
18 21 0.073949374
19 21 -0.001708034
20 21 -0.0020305486
21 21 0.09851591
22 21 0.13697402
23 21 0.15879613
24 21 0.17467894
25 21 0.18724115
26 21 0.19741757
27 21 0.20590305
28 21 0.2130533
29 21 0.21936859
30 21 0.22501858
0 22 0.20474777
1 22 0.21441978
2 22 0.22275561
3 22 0.23349087
4 22 0.24455306
5 22 0.24723595
6 22 0.254197
7 22 0.25711063
8 22 0.2582061
9 22 0.26024643
10 22 0.26214513
11 22 0.263714
12 22 0.26522428
13 22 0.26661223
14 22 0.26786542
15 22 0.26891965
16 22 0.27001292
17 22 0.2709763
18 22 0.27198488
19 22 0.27296707
20 22 0.2742757
21 22 0.2758206
22 22 0.2778026
23 22 0.2795526
24 22 0.28133586
25 22 0.28315058
26 22 0.2848054
27 22 0.2862744
28 22 0.2876626
29 22 0.28906643
30 22 0.29046392
0 23 0.29167342
1 23 0.2916927
2 23 0.29263532
3 23 0.29561976
4 23 0.29869035
5 23 0.29858124
6 23 0.29992574
7 23 0.30090842
8 23 0.3012275
9 23 0.3022324
10 23 0.30324072
11 23 0.30375466
12 23 0.30480814
13 23 0.30538675
14 23 0.3058211
15 23 0.30621612
16 23 0.3065513
17 23 0.3068875
18 23 0.30725178
19 23 0.30762532
20 23 0.30819198
21 23 0.30889657
22 23 0.3096517
23 23 0.3106422
24 23 0.3116183
25 23 0.31247425
26 23 0.3132958
27 23 0.31399432
28 23 0.31462714
29 23 0.315321
30 23 0.31599092
0 24 0.31512544
1 24 0.31521308
2 24 0.3158847
3 24 0.31743333
4 24 0.32069167
5 24 0.32007277
6 24 0.32095462
7 24 0.3215252
8 24 0.32179153
9 24 0.3225789
10 24 0.32323322
11 24 0.3240167
12 24 0.32468027
13 24 0.32515684
14 24 0.32543856
15 24 0.32568613
16 24 0.32592344
17 24 0.32614633
18 24 0.32628796
19 24 0.32650256
20 24 0.3268175
21 24 0.32716882
22 24 0.3275299
23 24 0.32806605
24 24 0.3284386
25 24 0.32891664
26 24 0.32940984
27 24 0.32986808
28 24 0.33031535
29 24 0.33078486
30 24 0.3303935
0 25 0.3289252
1 25 0.32879508
2 25 0.32925382
3 25 0.3312016
4 25 0.33229658
5 25 0.33142012
6 25 0.3322497
7 25 0.33304
8 25 0.33328587
9 25 0.3336494
10 25 0.33381784
11 25 0.33400756
12 25 0.33440185
13 25 0.33463207
14 25 0.3348635
15 25 0.33509693
16 25 0.33522266
17 25 0.33529592
18 25 0.33537477
19 25 0.3355005
20 25 0.33570117
21 25 0.33592117
22 25 0.3361941
23 25 0.33644754
24 25 0.33672413
25 25 0.33723393
26 25 0.3374439
27 25 0.33762652
28 25 0.33782402
29 25 0.33807427
30 25 0.33857232
0 26 0.33618435
1 26 0.3360574
2 26 0.336449
3 26 0.3385445
4 26 0.33909893
5 26 0.33809307
6 26 0.33931354
7 26 0.33924127
8 26 0.33971956
9 26 0.34113875
10 26 0.34146738
11 26 0.34174058
12 26 0.3419525
13 26 0.3421754
14 26 0.34223107
15 26 0.34224474
16 26 0.34218615
17 26 0.34212095
18 26 0.34202868
19 26 0.34202623
20 26 0.34198618
21 26 0.3419967
22 26 0.34204772
23 26 0.3422025
24 26 0.34239197
25 26 0.3428297
26 26 0.3429159
27 26 0.34308827
28 26 0.342693
29 26 0.34315076
30 26 0.34356385
0 27 0.3406744
1 27 0.34063217
2 27 0.3412457
3 27 0.34306505
4 27 0.34442666
5 27 0.34352136
6 27 0.34405896
7 27 0.34389466
8 27 0.3443368
9 27 0.34531802
10 27 0.3454052
11 27 0.34525943
12 27 0.3452604
13 27 0.34555364
14 27 0.3459816
15 27 0.34621063
16 27 0.3463305
17 27 0.3463659
18 27 0.3464765
19 27 0.34654582
20 27 0.34664616
21 27 0.346768
22 27 0.3469179
23 27 0.3471347
24 27 0.347383
25 27 0.34760028
26 27 0.347863
27 27 0.34795016
28 27 0.34805098
29 27 0.34824142
30 27 0.34844404
0 28 0.34533608
1 28 0.3453793
2 28 0.34613812
3 28 0.34781587
4 28 0.3498596
5 28 0.34823018
6 28 0.34820113
7 28 0.34810007
8 28 0.34842184
9 28 0.34895676
10 28 0.34888008
11 28 0.34887034
12 28 0.3491047
13 28 0.34938523
14 28 0.34953904
15 28 0.34972116
16 28 0.34985033
17 28 0.34996116
18 28 0.350083
19 28 0.3501223
20 28 0.3502273
21 28 0.3503369
22 28 0.35045752
23 28 0.35061768
24 28 0.35081226
25 28 0.3511465
26 28 0.35137793
27 28 0.35159597
28 28 0.35170412
29 28 0.3519075
30 28 0.35214406
0 29 0.34924656
1 29 0.34944186
2 29 0.3502058
3 29 0.35169387
4 29 0.3530225
5 29 0.3522007
6 29 0.35210598
7 29 0.3516714
8 29 0.35177565
9 29 0.3523684
10 29 0.3524087
11 29 0.35240138
12 29 0.3524634
13 29 0.3526797
14 29 0.3528799
15 29 0.35306767
16 29 0.35312015
17 29 0.3531675
18 29 0.35329667
19 29 0.3533804
20 29 0.3534495
21 29 0.3535015
22 29 0.35364407
23 29 0.35375077
24 29 0.35395122
25 29 0.35421026
26 29 0.35442802
27 29 0.35456133
28 29 0.3546275
29 29 0.35483062
30 29 0.35518804
0 30 0.35292435
1 30 0.35322976
2 30 0.35389555
3 30 0.3558697
4 30 0.35755062
5 30 0.35658333
6 30 0.3562076
7 30 0.35587922
8 30 0.35653085
9 30 0.3573082
10 30 0.35683236
11 30 0.3564022
12 30 0.3559813
13 30 0.3555179
14 30 0.35509065
15 30 0.35468683
16 30 0.35448393
17 30 0.3542935
18 30 0.35421342
19 30 0.35425103
20 30 0.35429105
21 30 0.3544102
22 30 0.3545806
23 30 0.35475373
24 30 0.35513702
25 30 0.35543415
26 30 0.35567024
27 30 0.35584798
28 30 0.3559693
29 30 0.356191
30 30 0.35656723
