0 0 0.46849594
1 0 0.46853793
2 0 0.46849886
3 0 0.46868345
4 0 0.4686805
5 0 0.46856087
6 0 0.46902964
7 0 0.46948034
8 0 0.4697186
9 0 0.46964538
10 0 0.4698397
11 0 0.4698695
12 0 0.4691705
13 0 0.46881038
14 0 0.46856233
15 0 0.46796834
16 0 0.4671844
17 0 0.46652082
18 0 0.46594438
19 0 0.46573052
20 0 0.46576226
21 0 0.46589336
22 0 0.46610087
23 0 0.46624687
24 0 0.4663382
25 0 0.46645245
26 0 0.46652326
27 0 0.4665943
28 0 0.46665728
29 0 0.4667115
30 0 0.46680012
0 1 0.46362868
1 1 0.46329713
2 1 0.46182492
3 1 0.45947772
4 1 0.45850897
5 1 0.4568273
6 1 0.455442
7 1 0.45435533
8 1 0.45419517
9 1 0.45446107
10 1 0.4553766
11 1 0.45606118
12 1 0.4564545
13 1 0.45676333
14 1 0.45697695
15 1 0.45716324
16 1 0.4573891
17 1 0.45755804
18 1 0.45787176
19 1 0.4581198
20 1 0.45851776
21 1 0.45882002
22 1 0.4590771
23 1 0.45939425
24 1 0.45968038
25 1 0.45997775
26 1 0.46030027
27 1 0.46056345
28 1 0.4608352
29 1 0.46116745
30 1 0.4615361
0 2 0.46074313
1 2 0.46078756
2 2 0.46042234
3 2 0.45995796
4 2 0.4599377
5 2 0.45889375
6 2 0.45877483
7 2 0.45928022
8 2 0.45893914
9 2 0.45816863
10 2 0.45844916
11 2 0.45863616
12 2 0.4587729
13 2 0.45889056
14 2 0.45897308
15 2 0.45912176
16 2 0.45930684
17 2 0.45947847
18 2 0.45966595
19 2 0.45986494
20 2 0.46013203
21 2 0.4604399
22 2 0.4606306
23 2 0.4608215
24 2 0.46106368
25 2 0.46131712
26 2 0.46153367
27 2 0.46171555
28 2 0.46195775
29 2 0.4621162
30 2 0.46242553
0 3 0.46257007
1 3 0.46254638
2 3 0.46215063
3 3 0.46167797
4 3 0.46163693
5 3 0.46157885
6 3 0.4621963
7 3 0.4607563
8 3 0.46044478
9 3 0.46061447
10 3 0.4605871
11 3 0.4606611
12 3 0.46071407
13 3 0.46084934
14 3 0.46095017
15 3 0.46107858
16 3 0.4611799
17 3 0.46140915
18 3 0.46161303
19 3 0.46181908
20 3 0.46215916
21 3 0.4624912
22 3 0.46267578
23 3 0.46298364
24 3 0.46322486
25 3 0.46352905
26 3 0.46376833
27 3 0.46406642
28 3 0.46443558
29 3 0.46468142
30 3 0.4649822
0 4 0.46183568
1 4 0.46171582
2 4 0.46146214
3 4 0.46100584
4 4 0.4611013
5 4 0.46083933
6 4 0.46165305
7 4 0.4614265
8 4 0.4614658
9 4 0.46135738
10 4 0.46128172
11 4 0.46115768
12 4 0.46112227
13 4 0.46112034
14 4 0.4611926
15 4 0.46135104
16 4 0.4615056
17 4 0.46163645
18 4 0.4618396
19 4 0.4620852
20 4 0.46246776
21 4 0.46279615
22 4 0.46325612
23 4 0.4636692
24 4 0.46408913
25 4 0.4645442
26 4 0.4649026
27 4 0.46499345
28 4 0.46546343
29 4 0.46578106
30 4 0.46614653
0 5 0.46409133
1 5 0.4642864
2 5 0.46395338
3 5 0.46353298
4 5 0.4635718
5 5 0.4633821
6 5 0.46433815
7 5 0.46313208
8 5 0.46276513
9 5 0.46267235
10 5 0.4626023
11 5 0.4625786
12 5 0.46260375
13 5 0.46266845
14 5 0.46276733
15 5 0.46297485
16 5 0.46315113
17 5 0.46329713
18 5 0.46360353
19 5 0.46397316
20 5 0.46435377
21 5 0.46469265
22 5 0.46510673
23 5 0.46561602
24 5 0.46600738
25 5 0.46643293
26 5 0.46670637
27 5 0.46702203
28 5 0.46727717
29 5 0.46759334
30 5 0.46793097
0 6 0.46595025
1 6 0.46595415
2 6 0.46566045
3 6 0.4649988
4 6 0.46477324
5 6 0.46449587
6 6 0.46539482
7 6 0.46458134
8 6 0.4643672
9 6 0.4642676
10 6 0.46429616
11 6 0.46423832
12 6 0.46408692
13 6 0.46403396
14 6 0.46395972
15 6 0.46391946
16 6 0.46394485
17 6 0.46399245
18 6 0.46406618
19 6 0.464365
20 6 0.4646746
21 6 0.4650867
22 6 0.46556717
23 6 0.46604887
24 6 0.46664628
25 6 0.46709162
26 6 0.4675638
27 6 0.46758065
28 6 0.46799496
29 6 0.46839488
30 6 0.46870127
0 7 0.46776056
1 7 0.4679344
2 7 0.46762678
3 7 0.46709016
4 7 0.46702155
5 7 0.46698418
6 7 0.46748835
7 7 0.46681842
8 7 0.4651292
9 7 0.4649329
10 7 0.46515703
11 7 0.4650906
12 7 0.464908
13 7 0.46471268
14 7 0.4645408
15 7 0.46416384
16 7 0.46396536
17 7 0.46374586
18 7 0.4636238
19 7 0.463584
20 7 0.46371412
21 7 0.46398097
22 7 0.46433645
23 7 0.46466067
24 7 0.46519998
25 7 0.46566775
26 7 0.46609843
27 7 0.46655083
28 7 0.46691266
29 7 0.46725252
30 7 0.46759993
0 8 0.46754354
1 8 0.46779916
2 8 0.4676219
3 8 0.46715558
4 8 0.46708894
5 8 0.46652398
6 8 0.46605644
7 8 0.46555132
8 8 0.46617022
9 8 0.46528104
10 8 0.4649058
11 8 0.46456838
12 8 0.46408936
13 8 0.463636
14 8 0.46342823
15 8 0.4631233
16 8 0.46292406
17 8 0.4627439
18 8 0.46260425
19 8 0.46261305
20 8 0.46272412
21 8 0.46298364
22 8 0.46334326
23 8 0.46373415
24 8 0.46437454
25 8 0.46484622
26 8 0.46525222
27 8 0.46558377
28 8 0.4660926
29 8 0.46657866
30 8 0.4670235
0 9 0.46606034
1 9 0.4659788
2 9 0.46584845
3 9 0.465221
4 9 0.4650806
5 9 0.4639258
6 9 0.46351734
7 9 0.46273217
8 9 0.46299294
9 9 0.46267456
10 9 0.462489
11 9 0.46235913
12 9 0.46238035
13 9 0.46200487
14 9 0.46164793
15 9 0.46150705
16 9 0.46078756
17 9 -4.2017244E-4
18 9 0.0020351873
19 9 -0.001821561
20 9 0.091027275
21 9 0.15793455
22 9 0.1916443
23 9 0.21911126
24 9 0.23667158
25 9 0.25100434
26 9 0.26326624
27 9 0.27356791
28 9 0.28273576
29 9 0.29082134
30 9 0.2980402
0 10 0.21681167
1 10 0.23832737
2 10 0.25449756
3 10 0.2675649
4 10 0.27967736
5 10 0.2895613
6 10 0.29775456
7 10 0.30491483
8 10 0.3102855
9 10 0.31470087
10 10 0.31879663
11 10 0.32288337
12 10 0.32667297
13 10 0.33005536
14 10 0.045868378
15 10 0.06874104
16 10 1.3354697E-4
17 10 0.0021467614
18 10 9.033341E-4
19 10 -2.6782637E-4
20 10 -0.0011484551
21 10 -0.0016174564
22 10 0.089912996
23 10 0.13438927
24 10 0.15982984
25 10 0.17845342
26 10 0.19330081
27 10 0.20557272
28 10 0.2160807
29 10 0.22518143
30 10 0.23458709
0 11 0.18274888
1 11 0.20144449
2 11 0.2151947
3 11 0.22649589
4 11 0.23916821
5 11 0.24628282
6 11 0.2531235
7 11 0.26050496
8 11 0.2659274
9 11 0.27018088
10 11 0.27395853
11 11 0.2779303
12 11 0.28152898
13 11 0.28413278
14 11 0.03172558
15 11 0.1261887
16 11 9.714504E-4
17 11 -8.1324484E-4
18 11 -0.0019155566
19 11 -0.0015759518
20 11 -0.0015056382
21 11 -0.001928008
22 11 0.076756544
23 11 0.12739135
24 11 0.15301016
25 11 0.17111883
26 11 0.1858676
27 11 0.19763169
28 11 0.20756568
29 11 0.21744937
30 11 0.22481325
0 12 0.18022151
1 12 0.19621564
2 12 0.20831764
3 12 0.21845622
4 12 0.22815828
5 12 0.23639864
6 12 0.24297246
7 12 0.24883315
8 12 0.2536145
9 12 0.2576675
10 12 0.26100838
11 12 0.26490542
12 12 0.26746112
13 12 0.26874313
14 12 0.27106616
15 12 0.26888326
16 12 0.2662907
17 12 0.0017785917
18 12 -1.6528573E-4
19 12 -3.5571834E-4
20 12 -7.1583124E-4
21 12 -0.0016941177
22 12 0.042863205
23 12 0.122915946
24 12 0.15113366
25 12 0.17017643
26 12 0.18474403
27 12 0.1965428
28 12 0.2082439
29 12 0.21643275
30 12 0.22356054
0 13 0.19746445
1 13 0.2103101
2 13 0.22070406
3 13 0.23030455
4 13 0.23935595
5 13 0.24653892
6 13 0.25072503
7 13 0.25500733
8 13 0.2588631
9 13 0.2625548
10 13 0.26552653
11 13 0.26972434
12 13 0.2716482
13 13 0.2731956
14 13 0.27538165
15 13 0.2772042
16 13 0.2794281
17 13 0.28058487
18 13 -4.0552378E-4
19 13 -0.0013640345
20 13 -5.4297707E-4
21 13 -0.0014568093
22 13 -0.0018376746
23 13 0.09168353
24 13 0.13592468
25 13 0.15978517
26 13 0.17687672
27 13 0.19032004
28 13 0.20131655
29 13 0.21077983
30 13 0.21882732
0 14 0.19749276
1 14 0.21059722
2 14 0.22252367
3 14 0.23116003
4 14 0.23918286
5 14 0.24552768
6 14 0.25056365
7 14 0.25488085
8 14 0.26077914
9 14 0.26417518
10 14 0.2662797
11 14 0.2685107
12 14 0.2703652
13 14 0.27085155
14 14 0.27369535
15 14 0.27585456
16 14 0.27677304
17 14 0.22773151
18 14 0.008556283
19 14 -2.9590295E-4
20 14 -0.0021286947
21 14 -0.0015197987
22 14 -0.0015515374
23 14 0.08203372
24 14 0.13222444
25 14 0.1578674
26 14 0.1786751
27 14 0.19179907
28 14 0.2025778
29 14 0.21160041
30 14 0.21927948
0 15 0.18184458
1 15 0.19802256
2 15 0.20995072
3 15 0.21975239
4 15 0.22860286
5 15 0.23567231
6 15 0.24117996
7 15 0.24709119
8 15 0.25155073
9 15 0.25604004
10 15 0.25934577
11 15 0.26224765
12 15 0.26273546
13 15 0.26514468
14 15 0.11660237
15 15 0.11611262
16 15 0.10011701
17 15 0.12817335
18 15 0.121953525
19 15 -0.00128542
20 15 -8.193485E-4
21 15 0.0018493935
22 15 -0.0021931487
23 15 0.08299053
24 15 0.12887722
25 15 0.15299208
26 15 0.17006363
27 15 0.18338098
28 15 0.19619538
29 15 0.20496114
30 15 0.21250667
0 16 0.17971344
1 16 0.19753061
2 16 0.20799196
3 16 0.21712515
4 16 0.2257454
5 16 0.2327687
6 16 0.23813987
7 16 0.24252422
8 16 0.24698302
9 16 0.25059247
10 16 0.2540847
11 16 0.2576187
12 16 0.25908527
13 16 0.26154843
14 16 0.04930422
15 16 0.10534731
16 16 0.1254736
17 16 0.1734316
18 16 0.017373068
19 16 -0.0016125735
20 16 -0.0016184329
21 16 -0.0015210194
22 16 0.01960235
23 16 0.11470585
24 16 0.14454176
25 16 0.16404621
26 16 0.18136655
27 16 0.19277199
28 16 0.20222478
29 16 0.21026298
30 16 0.21721499
0 17 0.1924236
1 17 0.20466377
2 17 0.21384507
3 17 0.22159128
4 17 0.22906405
5 17 0.2352265
6 17 0.24042824
7 17 0.24462093
8 17 0.24902138
9 17 0.25239962
10 17 0.2555154
11 17 0.2582305
12 17 0.25927886
13 17 0.26028842
14 17 0.26279578
15 17 0.26461634
16 17 0.25226802
17 17 0.006554788
18 17 -0.0017986115
19 17 -0.0015280995
20 17 -6.0010684E-4
21 17 7.251087E-4
22 17 0.07385928
23 17 0.12516719
24 17 0.15418181
25 17 0.17046818
26 17 0.18311462
27 17 0.19347854
28 17 0.2021657
29 17 0.209553
30 17 0.21599817
0 18 0.18569914
1 18 0.19872643
2 18 0.2083379
3 18 0.21642567
4 18 0.22338696
5 18 0.22892416
6 18 0.23351651
7 18 0.23870434
8 18 0.24245171
9 18 0.24578184
10 18 0.24876454
11 18 0.25154683
12 18 0.18392518
13 18 0.15754391
14 18 0.19608015
15 18 0.10349938
16 18 0.0044954303
17 18 -6.2330056E-4
18 18 -8.9747465E-4
19 18 -0.0019607234
20 18 -0.0019521783
21 18 0.034367714
22 18 0.111358635
23 18 0.138684
24 18 0.15973243
25 18 0.17272945
26 18 0.18327795
27 18 0.19218703
28 18 0.1998141
29 18 0.20646995
30 18 0.21232112
0 19 0.16336383
1 19 0.17986506
2 19 0.19124511
3 19 0.20026332
4 19 0.2094661
5 19 0.21536608
6 19 0.2202436
7 19 0.22463234
8 19 0.22850569
9 19 0.2320558
10 19 0.23533075
11 19 0.23827098
12 19 0.24090847
13 19 0.040909316
14 19 0.0012102235
15 19 -4.787671E-4
16 19 4.1992828E-4
17 19 -0.0018313269
18 19 0.003661433
19 19 -0.0010498208
20 19 0.050956834
21 19 0.11781503
22 19 0.14037934
23 19 0.15603608
24 19 0.1681786
25 19 0.17815433
26 19 0.18668449
27 19 0.19403006
28 19 0.20053944
29 19 0.20633274
30 19 0.2114593
0 20 0.16523324
1 20 0.18092929
2 20 0.19178198
3 20 0.20027967
4 20 0.20889284
5 20 0.21433164
6 20 0.21918817
7 20 0.22368188
8 20 0.22741094
9 20 0.23069665
10 20 0.23385294
11 20 0.23674044
12 20 0.23942676
13 20 0.24170707
14 20 0.24368414
15 20 -9.716945E-5
16 20 -0.0014961166
17 20 -0.0015671627
18 20 0.009911285
19 20 0.07906395
20 20 0.12764575
21 20 0.1502545
22 20 0.16569443
23 20 0.1774241
24 20 0.18684123
25 20 0.19464995
26 20 0.20134121
27 20 0.20730615
28 20 0.21252352
29 20 0.21717349
30 20 0.2213398
0 21 0.23790696
1 21 0.24009669
2 21 0.24221562
3 21 0.24440682
4 21 0.24723327
5 21 0.24962199
6 21 0.25154096
7 21 0.2534802
8 21 0.25527442
9 21 0.25687918
10 21 0.25878668
11 21 0.26038656
12 21 0.2619547
13 21 0.26335192
14 21 0.26468766
15 21 0.26598576
16 21 0.26713544
17 21 0.2682192
18 21 0.2693713
19 21 0.27066234
20 21 0.27201906
21 21 0.27349052
22 21 0.27485576
23 21 0.2762132
24 21 0.27750376
25 21 0.2787755
26 21 0.28004333
27 21 0.28121987
28 21 0.28242984
29 21 0.28360125
30 21 0.2846633
0 22 0.2892886
1 22 0.2899036
2 22 0.29044634
3 22 0.29099345
4 22 0.29206428
5 22 0.2929371
6 22 0.2937733
7 22 0.2946671
8 22 0.29546398
9 22 0.2962555
10 22 0.2972006
11 22 0.29793668
12 22 0.2986845
13 22 0.29934028
14 22 0.30010223
15 22 0.30070844
16 22 0.30133736
17 22 0.30209202
18 22 0.30277002
19 22 0.30352172
20 22 0.30426782
21 22 0.30521804
22 22 0.3059544
23 22 0.30673417
24 22 0.3074842
25 22 0.30825275
26 22 0.30890805
27 22 0.30970177
28 22 0.31043053
29 22 0.31116834
30 22 0.31178823
0 23 0.3142697
1 23 0.31456268
2 23 0.31480217
3 23 0.31496868
4 23 0.31542525
5 23 0.31596017
6 23 0.31647995
7 23 0.31723043
8 23 0.31774095
9 23 0.31825536
10 23 0.3187727
11 23 0.3193738
12 23 0.31990284
13 23 0.3203904
14 23 0.32085964
15 23 0.3213516
16 23 0.32180986
17 23 0.32233793
18 23 0.32284942
19 23 0.3233399
20 23 0.3239068
21 23 0.3244122
22 23 0.3250572
23 23 0.32558507
24 23 0.3261776
25 23 0.32664904
26 23 0.32720912
27 23 0.32769397
28 23 0.3282633
29 23 0.32872206
30 23 0.32925627
0 24 0.33086467
1 24 0.33115986
2 24 0.33122724
3 24 0.33100215
4 24 0.33129096
5 24 0.3316225
6 24 0.33190742
7 24 0.3324819
8 24 0.33279416
9 24 0.33330736
10 24 0.3338237
11 24 0.33436254
12 24 0.3347988
13 24 0.33528247
14 24 0.33557495
15 24 0.33593777
16 24 0.3363152
17 24 0.33676833
18 24 0.33723515
19 24 0.33759868
20 24 0.33803618
21 24 0.3384449
22 24 0.33898076
23 24 0.33949104
24 24 0.33990657
25 24 0.34034967
26 24 0.34078574
27 24 0.34128892
28 24 0.34169394
29 24 0.34217492
30 24 0.34255457
0 25 0.3439325
1 25 0.34411147
2 25 0.34430873
3 25 0.34375086
4 25 0.34393007
5 25 0.34405947
6 25 0.34430093
7 25 0.34447768
8 25 0.34487343
9 25 0.3453925
10 25 0.34584343
11 25 0.3462675
12 25 0.34652337
13 25 0.34685615
14 25 0.34721577
15 25 0.34745184
16 25 0.34777096
17 25 0.34804708
18 25 0.34838837
19 25 0.34875607
20 25 0.34911716
21 25 0.3494514
22 25 0.34983566
23 25 0.3502827
24 25 0.35069725
25 25 0.3511006
26 25 0.35142946
27 25 0.35183644
28 25 0.35231936
29 25 0.35258988
30 25 0.35294583
0 26 0.35424125
1 26 0.3543328
2 26 0.35430792
3 26 0.35382572
4 26 0.35387284
5 26 0.35416117
6 26 0.35464555
7 26 0.35489142
8 26 0.35506648
9 26 0.35532525
10 26 0.35546932
11 26 0.3557452
12 26 0.3559837
13 26 0.3563414
14 26 0.35658723
15 26 0.35686117
16 26 0.35717416
17 26 0.35739854
18 26 0.35772765
19 26 0.35800475
20 26 0.35833067
21 26 0.35854504
22 26 0.35883874
23 26 0.3591466
24 26 0.3594557
25 26 0.35980654
26 26 0.3600585
27 26 0.3603566
28 26 0.3606122
29 26 0.36091006
30 26 0.36124796
0 27 0.36186907
1 27 0.36193377
2 27 0.3618764
3 27 0.36132047
4 27 0.36133635
5 27 0.3614638
6 27 0.36178923
7 27 0.36202237
8 27 0.36216667
9 27 0.3623559
10 27 0.36257488
11 27 0.36284074
12 27 0.36306196
13 27 0.3633415
14 27 0.36355364
15 27 0.36384198
16 27 0.3640312
17 27 0.36432588
18 27 0.36448678
19 27 0.36468259
20 27 0.36489522
21 27 0.36516598
22 27 0.3653806
23 27 0.36567992
24 27 0.36594456
25 27 0.3662827
26 27 0.36653686
27 27 0.36683032
28 27 0.36711353
29 27 0.36738184
30 27 0.36770386
0 28 0.36836013
1 28 0.36835182
2 28 0.36793604
3 28 0.36777517
4 28 0.36777368
5 28 0.36765358
6 28 0.36787087
7 28 0.3679602
8 28 0.36799392
9 28 0.3680994
10 28 0.36833963
11 28 0.3685745
12 28 0.3687483
13 28 0.3690396
14 28 0.36933815
15 28 0.3695242
16 28 0.36977324
17 28 0.3699754
18 28 0.3702327
19 28 0.37038213
20 28 0.37058598
21 28 0.37083185
22 28 0.37103423
23 28 0.3713221
24 28 0.371461
25 28 0.37170002
26 28 0.37194905
27 28 0.37224495
28 28 0.37241682
29 28 0.37264583
30 28 0.3728939
0 29 0.37347543
1 29 0.37352574
2 29 0.3734083
3 29 0.37285092
4 29 0.37312484
5 29 0.3733282
6 29 0.37333652
7 29 0.37334287
8 29 0.37338924
9 29 0.37359238
10 29 0.3738336
11 29 0.3739796
12 29 0.37421423
13 29 0.37437633
14 29 0.37456432
15 29 0.37479138
16 29 0.37499452
17 29 0.37527138
18 29 0.37540856
19 29 0.3756415
20 29 0.37588733
21 29 0.3761095
22 29 0.37636855
23 29 0.3765375
24 29 0.3767841
25 29 0.37696254
26 29 0.3772697
27 29 0.37749624
28 29 0.37777752
29 29 0.37799576
30 29 0.37833196
0 30 0.3793593
1 30 0.37937322
2 30 0.3789062
3 30 0.37811905
4 30 0.37823308
5 30 0.37838054
6 30 0.37815642
7 30 0.37799063
8 30 0.37798065
9 30 0.37805706
10 30 0.37822112
11 30 0.3783686
12 30 0.3784428
13 30 0.37862495
14 30 0.37882805
15 30 0.37897456
16 30 0.37923384
17 30 0.3793908
18 30 0.37956512
19 30 0.37976143
20 30 0.37989864
21 30 0.38007492
22 30 0.38034248
23 30 0.38047114
24 30 0.3806716
25 30 0.38088277
26 30 0.38107687
27 30 0.3813796
28 30 0.381562
29 30 0.38182127
30 30 0.38200462
