0 0 0.28158903
1 0 0.28090885
2 0 0.28116056
3 0 0.28137222
4 0 0.28159025
5 0 0.28196818
6 0 0.28204557
7 0 0.281788
8 0 0.2819638
9 0 0.28211686
10 0 0.28161564
11 0 0.28161833
12 0 0.28109804
13 0 0.28018838
14 0 0.2785128
15 0 0.27634162
16 0 0.27404815
17 0 0.27222487
18 0 0.27089477
19 0 0.2704741
20 0 0.27095288
21 0 0.2719868
22 0 0.27322805
23 0 0.27476397
24 0 0.27604938
25 0 0.2771195
26 0 0.27798155
27 0 0.2786644
28 0 0.27920765
29 0 0.27960804
30 0 0.2800138
0 1 0.2720569
1 1 0.27167895
2 1 0.2729014
3 1 0.2742
4 1 0.27562213
5 1 0.2757906
6 1 0.27596736
7 1 0.27508453
8 1 0.2743062
9 1 0.2738599
10 1 0.27292165
11 1 0.2722405
12 1 0.27139357
13 1 0.27052367
14 1 0.27007687
15 1 0.26986107
16 1 0.27004173
17 1 0.27051464
18 1 0.27128735
19 1 0.27219802
20 1 0.2733367
21 1 0.2745506
22 1 0.2751375
23 1 0.27608332
24 1 0.27692685
25 1 0.2777091
26 1 0.2781434
27 1 0.27843517
28 1 0.2787125
29 1 0.2790182
30 1 0.27937
0 2 0.26895627
1 2 0.2688984
2 2 0.26903316
3 2 0.27092943
4 2 0.272938
5 2 0.27412358
6 2 0.27441606
7 2 0.27987123
8 2 0.27743515
9 2 0.27458453
10 2 0.27370903
11 2 0.27236915
12 2 0.27127978
13 2 0.26986155
14 2 0.26869088
15 2 0.2677868
16 2 0.26711103
17 2 0.2665766
18 2 0.2665607
19 2 0.2671552
20 2 0.26833588
21 2 0.2695615
22 2 0.27086988
23 2 0.2718472
24 2 0.2725989
25 2 0.273585
26 2 0.27433404
27 2 0.27492756
28 2 0.27526006
29 2 0.2756817
30 2 0.27596125
0 3 0.2678034
1 3 0.26830268
2 3 0.26900998
3 3 0.270438
4 3 0.2718108
5 3 0.27284303
6 3 0.2731751
7 3 0.2740972
8 3 0.27432084
9 3 0.27412456
10 3 0.27390945
11 3 0.27311942
12 3 0.27178127
13 3 0.27081788
14 3 0.26950338
15 3 0.268217
16 3 0.26699212
17 3 0.2662343
18 3 0.26575652
19 3 0.26589298
20 3 0.26658928
21 3 0.26762494
22 3 0.26883516
23 3 0.2701948
24 3 0.27129468
25 3 0.2722444
26 3 0.2729656
27 3 0.27340946
28 3 0.27390972
29 3 0.27420732
30 3 0.27462897
0 4 0.2655734
1 4 0.26591814
2 4 0.26644892
3 4 0.2674963
4 4 0.2696284
5 4 0.27047387
6 4 0.27057543
7 4 0.27042332
8 4 0.26987863
9 4 0.2692336
10 4 0.2684631
11 4 0.26765203
12 4 0.2669555
13 4 0.26616544
14 4 0.2656552
15 4 0.2653251
16 4 0.26501405
17 4 0.26573014
18 4 0.26615348
19 4 0.26686028
20 4 0.26787445
21 4 0.26908323
22 4 0.2702175
23 4 0.27107176
24 4 0.27190796
25 4 0.2724568
26 4 0.27303982
27 4 0.27339408
28 4 0.273939
29 4 0.27426493
30 4 0.27449176
0 5 0.2636212
1 5 0.26433143
2 5 0.26548257
3 5 0.26676872
4 5 0.2681059
5 5 0.26799873
6 5 0.2680749
7 5 0.2677353
8 5 0.2673217
9 5 0.26663226
10 5 0.26594865
11 5 0.2652272
12 5 0.2646652
13 5 0.26420203
14 5 0.26374158
15 5 0.263734
16 5 0.26384363
17 5 0.26396376
18 5 0.2644093
19 5 0.26478457
20 5 0.26575896
21 5 0.2668659
22 5 0.2677314
23 5 0.2685517
24 5 0.26937765
25 5 0.270166
26 5 0.27077806
27 5 0.27122217
28 5 0.27157277
29 5 0.27204248
30 5 0.2723074
0 6 0.26370618
1 6 0.26416883
2 6 0.26477066
3 6 0.2666413
4 6 0.2685991
5 6 0.26891062
6 6 0.26918674
7 6 0.26895577
8 6 0.268164
9 6 0.26764497
10 6 0.26719084
11 6 0.26637247
12 6 0.26580876
13 6 0.26527506
14 6 0.2647526
15 6 0.26524112
16 6 0.2644252
17 6 0.26429456
18 6 0.26431948
19 6 0.26440078
20 6 0.26483268
21 6 0.26536343
22 6 0.2659633
23 6 0.26674747
24 6 0.2674638
25 6 0.26821503
26 6 0.26904637
27 6 0.26958176
28 6 0.2702683
29 6 0.27079028
30 6 0.2713396
0 7 0.2639977
1 7 0.26446548
2 7 0.26547232
3 7 0.26752362
4 7 0.26890793
5 7 0.2695117
6 7 0.2700178
7 7 0.2699326
8 7 0.26974386
9 7 0.26940694
10 7 0.26897335
11 7 0.26832736
12 7 0.2679267
13 7 0.26755047
14 7 0.26693523
15 7 0.26637152
16 7 0.2661076
17 7 0.26597965
18 7 0.26594132
19 7 0.2657492
20 7 0.2656757
21 7 0.26592398
22 7 0.26574868
23 7 0.26609
24 7 0.2672995
25 7 0.2683962
26 7 0.26934665
27 7 0.27006957
28 7 0.27032468
29 7 0.27060717
30 7 0.2713164
0 8 0.2416226
1 8 0.24777186
2 8 0.25215888
3 8 0.25600928
4 8 0.25946954
5 8 0.26166904
6 8 0.26313245
7 8 0.26402527
8 8 0.26459607
9 8 0.2650844
10 8 0.26521328
11 8 0.26508585
12 8 0.26494864
13 8 0.26457632
14 8 0.2642145
15 8 0.2637665
16 8 0.26349354
17 8 0.26317272
18 8 0.0016875258
19 8 -0.0011438163
20 8 -0.0023323111
21 8 0.09141595
22 8 0.15434733
23 8 0.17577417
24 8 0.18964645
25 8 0.20089833
26 8 0.21071905
27 8 0.21686049
28 8 0.22196946
29 8 0.22598466
30 8 0.22969174
0 9 0.20761035
1 9 0.21623378
2 9 0.22291577
3 9 0.22840218
4 9 0.23291689
5 9 0.23655562
6 9 0.23875707
7 9 0.24052419
8 9 0.24181034
9 9 0.2430335
10 9 0.24401985
11 9 0.2444947
12 9 0.24500741
13 9 0.24534531
14 9 0.24546371
15 9 0.020731274
16 9 -0.0020605784
17 9 0.0029150837
18 9 -0.0020115054
19 9 -6.076753E-4
20 9 -0.0010666667
21 9 -0.0020696118
22 9 -0.0019675593
23 9 0.07759738
24 9 0.12651853
25 9 0.14597978
26 9 0.15895213
27 9 0.16752918
28 9 0.17533985
29 9 0.1828214
30 9 0.18955831
0 10 0.179836
1 10 0.18916915
2 10 0.19640145
3 10 0.20468257
4 10 0.2086277
5 10 0.2123907
6 10 0.2139525
7 10 0.21614344
8 10 0.21809416
9 10 0.21904925
10 10 0.2204233
11 10 0.22194164
12 10 0.22325341
13 10 0.22383472
14 10 -0.001728542
15 10 0.0017700467
16 10 -0.0015898681
17 10 -0.0016677501
18 10 0.00222562
19 10 -3.9404898E-4
20 10 6.7212945E-4
21 10 0.005643641
22 10 0.011547295
23 10 -0.0022556498
24 10 -0.0019636531
25 10 0.10154379
26 10 0.1276267
27 10 0.1425847
28 10 0.15174988
29 10 0.15858495
30 10 0.1671283
0 11 0.16444562
1 11 0.1735212
2 11 0.18040462
3 11 0.1874721
4 11 0.19113061
5 11 0.19451445
6 11 0.19708651
7 11 0.19938855
8 11 0.20174332
9 11 0.203237
10 11 0.20477681
11 11 0.20623705
12 11 0.20784205
13 11 0.20856887
14 11 -0.0015334707
15 11 -3.2153813E-4
16 11 0.0060838335
17 11 0.0071983524
18 11 0.0067991763
19 11 0.0061148396
20 11 0.0017685817
21 11 0.0015908446
22 11 0.011358328
23 11 0.0015017319
24 11 0.006975204
25 11 0.080788836
26 11 0.1125132
27 11 0.12866335
28 11 0.13975604
29 11 0.14641654
30 11 0.15519013
0 12 0.15292592
1 12 0.16222978
2 12 0.16884804
3 12 0.17693825
4 12 0.1795965
5 12 0.18314636
6 12 0.18647893
7 12 0.18880685
8 12 0.1914419
9 12 0.19314529
10 12 0.19526471
11 12 0.19638972
12 12 0.19751206
13 12 2.0263982E-5
14 12 0.0041138325
15 12 0.0032146487
16 12 0.010457192
17 12 0.060857378
18 12 0.001026627
19 12 0.0076617384
20 12 0.0459946
21 12 -0.0011054857
22 12 4.0991837E-4
23 12 4.519112E-4
24 12 0.00976138
25 12 0.06511892
26 12 0.104393445
27 12 0.12116641
28 12 0.1346749
29 12 0.14271311
30 12 0.1491434
0 13 0.14771833
1 13 0.1567956
2 13 0.16341631
3 13 0.17089349
4 13 0.17486937
5 13 0.17799246
6 13 0.18049324
7 13 0.18263121
8 13 0.18474697
9 13 0.18646134
10 13 0.18804365
11 13 0.18963914
12 13 0.19066527
13 13 -5.068437E-4
14 13 -3.9502556E-4
15 13 0.012231632
16 13 0.0029482872
17 13 0.033207294
18 13 0.0070806746
19 13 0.031447504
20 13 0.007699825
21 13 -7.058213E-4
22 13 0.0016902114
23 13 0.0065735867
24 13 0.0125397425
25 13 0.07701558
26 13 0.10652238
27 13 0.12128433
28 13 0.13159503
29 13 0.13922746
30 13 0.14536673
0 14 0.14075337
1 14 0.14937508
2 14 0.1564499
3 14 0.16210844
4 14 0.16648497
5 14 0.16943692
6 14 0.1720351
7 14 0.17395188
8 14 0.17602614
9 14 0.17755546
10 14 0.1792608
11 14 0.18067098
12 14 0.18189536
13 14 0.001121355
14 14 -6.8336003E-4
15 14 0.0034946823
16 14 8.569467E-5
17 14 0.0035830627
18 14 0.0012658885
19 14 0.002488075
20 14 0.0073135886
21 14 -8.4644847E-4
22 14 -0.0020315251
23 14 0.0042632488
24 14 0.011502862
25 14 0.092746295
26 14 0.11033689
27 14 0.12301018
28 14 0.13109356
29 14 0.1393039
30 14 0.14562356
0 15 0.14056441
1 15 0.14924715
2 15 0.15550579
3 15 0.16023682
4 15 0.16336285
5 15 0.16582529
6 15 0.16757922
7 15 0.16951041
8 15 0.17175214
9 15 0.17337252
10 15 0.17505981
11 15 0.17653884
12 15 0.17755154
13 15 -7.4830244E-4
14 15 -0.0014582743
15 15 0.0032029299
16 15 -5.114824E-4
17 15 -9.965972E-4
18 15 0.01958111
19 15 0.010648356
20 15 -0.0015014878
21 15 5.820402E-4
22 15 0.0025945222
23 15 -7.0679793E-4
24 15 0.047227528
25 15 0.09469041
26 15 0.11127221
27 15 0.12162491
28 15 0.12981619
29 15 0.13594812
30 15 0.14102902
0 16 0.13815837
1 16 0.14526638
2 16 0.15162
3 16 0.15698287
4 16 0.16059181
5 16 0.16336529
6 16 0.16474031
7 16 0.16679113
8 16 0.16879506
9 16 0.17038079
10 16 0.17187054
11 16 0.17359567
12 16 0.17473802
13 16 0.09030216
14 16 0.0071802856
15 16 -0.0011560236
16 16 -9.96109E-5
17 16 -2.861372E-4
18 16 -0.0022734723
19 16 0.0011748227
20 16 0.0012214542
21 16 -0.0015788815
22 16 -0.0022602885
23 16 -0.0020754712
24 16 0.0841883
25 16 0.1059047
26 16 0.11850743
27 16 0.12674095
28 16 0.13296443
29 16 0.13816178
30 16 0.14231199
0 17 0.14074726
1 17 0.14711334
2 17 0.15213709
3 17 0.15695089
4 17 0.16020435
5 17 0.1627852
6 17 0.16566733
7 17 0.1675404
8 17 0.16867591
9 17 0.17023453
10 17 0.17153266
11 17 0.17318453
12 17 0.17422727
13 17 0.17516772
14 17 -0.0011396658
15 17 -0.0021723965
16 17 -0.0011272145
17 17 0.004178775
18 17 -0.001858671
19 17 0.011231617
20 17 -0.0021877775
21 17 -0.0012580759
22 17 -0.0016172122
23 17 0.06757891
24 17 0.09421751
25 17 0.10769891
26 17 0.117594816
27 17 0.12510347
28 17 0.13118683
29 17 0.1361427
30 17 0.14053291
0 18 0.14119063
1 18 0.14694658
2 18 0.15064195
3 18 0.15442033
4 18 0.1578071
5 18 0.16062868
6 18 0.16280888
7 18 0.16504647
8 18 0.16680016
9 18 0.1682289
10 18 0.1697587
11 18 0.17089568
12 18 0.17213544
13 18 0.17275508
14 18 0.1739536
15 18 0.077392295
16 18 -0.0017717556
17 18 -0.00225272
18 18 0.0023247425
19 18 0.0019358207
20 18 -0.0018994431
21 18 0.063637204
22 18 0.10334557
23 18 0.11707113
24 18 0.12641819
25 18 0.13382773
26 18 0.13983564
27 18 0.14434499
28 18 0.1482967
29 18 0.15181848
30 18 0.1552968
0 19 0.15937646
1 19 0.1621912
2 19 0.16538534
3 19 0.16850819
4 19 0.17053972
5 19 0.172477
6 19 0.17341086
7 19 0.17475365
8 19 0.17579176
9 19 0.17691506
10 19 0.17761868
11 19 0.17824344
12 19 0.17917559
13 19 0.18017463
14 19 0.18104549
15 19 0.18220836
16 19 0.056766983
17 19 0.008806531
18 19 0.06231394
19 19 -0.0014604715
20 19 0.09699904
21 19 0.12753075
22 19 0.14063375
23 19 0.14842707
24 19 0.15407047
25 19 0.1586411
26 19 0.16244218
27 19 0.16548789
28 19 0.16843861
29 19 0.17086492
30 19 0.17278317
0 20 0.17994294
1 20 0.18046711
2 20 0.182254
3 20 0.18353552
4 20 0.18458486
5 20 0.18564859
6 20 0.18665397
7 20 0.18742035
8 20 0.18773139
9 20 0.18855171
10 20 0.18918258
11 20 0.18981564
12 20 0.1903867
13 20 0.19076708
14 20 0.19130713
15 20 0.19179322
16 20 0.19211744
17 20 0.19234815
18 20 0.1926238
19 20 0.19312674
20 20 0.19346121
21 20 0.19337869
22 20 0.1939722
23 20 0.19434282
24 20 0.19543658
25 20 0.19588727
26 20 0.19618562
27 20 0.19658235
28 20 0.19704647
29 20 0.19745371
30 20 0.19784556
0 21 0.19788194
1 21 0.19801548
2 21 0.19876647
3 21 0.19976966
4 21 0.20034853
5 21 0.20072134
6 21 0.20083241
7 21 0.20084926
8 21 0.20141861
9 21 0.2017819
10 21 0.20203458
11 21 0.20224552
12 21 0.20248064
13 21 0.20272648
14 21 0.2029201
15 21 0.20313372
16 21 0.20335956
17 21 0.20366815
18 21 0.20389667
19 21 0.20414594
20 21 0.20436153
21 21 0.204613
22 21 0.20488863
23 21 0.20462081
24 21 0.20528121
25 21 0.20563693
26 21 0.20576683
27 21 0.2062158
28 21 0.2065664
29 21 0.20693456
30 21 0.20719433
0 22 0.20708422
1 22 0.20709863
2 22 0.2083799
3 22 0.20982108
4 22 0.21005888
5 22 0.21029839
6 22 0.21036088
7 22 0.21042436
8 22 0.21045366
9 22 0.21046807
10 22 0.2105313
11 22 0.21060258
12 22 0.21076812
13 22 0.21085308
14 22 0.21084648
15 22 0.2110462
16 22 0.21122955
17 22 0.21136431
18 22 0.21150519
19 22 0.21156159
20 22 0.21177277
21 22 0.21201912
22 22 0.21218586
23 22 0.21247175
24 22 0.21267098
25 22 0.21285091
26 22 0.21294905
27 22 0.21276303
28 22 0.21293661
29 22 0.21343467
30 22 0.21372837
0 23 0.2126097
1 23 0.21316195
2 23 0.21452184
3 23 0.21597548
4 23 0.21654335
5 23 0.21699697
6 23 0.2171813
7 23 0.21732022
8 23 0.21752775
9 23 0.21772379
10 23 0.21788542
11 23 0.21803507
12 23 0.2181154
13 23 0.21817082
14 23 0.21832708
15 23 0.21842082
16 23 0.21852654
17 23 0.21831217
18 23 0.21852067
19 23 0.21880169
20 23 0.21903509
21 23 0.21924432
22 23 0.21939716
23 23 0.2195063
24 23 0.21973431
25 23 0.21989667
26 23 0.22004804
27 23 0.22021064
28 23 0.22049287
29 23 0.22056246
30 23 0.22076827
0 24 0.21906683
1 24 0.21937934
2 24 0.22053023
3 24 0.2216926
4 24 0.2220449
5 24 0.22226755
6 24 0.222239
7 24 0.22220677
8 24 0.2222722
9 24 0.22223973
10 24 0.22225365
11 24 0.22234862
12 24 0.22241722
13 24 0.22249584
14 24 0.22266893
15 24 0.22268358
16 24 0.22284228
17 24 0.22291845
18 24 0.22302319
19 24 0.22305517
20 24 0.22327563
21 24 0.22332886
22 24 0.22346582
23 24 0.22333544
24 24 0.22421436
25 24 0.22415699
26 24 0.22399269
27 24 0.2239585
28 24 0.22413868
29 24 0.2243318
30 24 0.22442384
0 25 0.22261132
1 25 0.22284985
2 25 0.22391114
3 25 0.22502688
4 25 0.22519559
5 25 0.22554544
6 25 0.22557767
7 25 0.22564554
8 25 0.2256829
9 25 0.22567874
10 25 0.22574735
11 25 0.22579886
12 25 0.22588919
13 25 0.22589946
14 25 0.22594023
15 25 0.2259998
16 25 0.226075
17 25 0.22616631
18 25 0.22622758
19 25 0.22629717
20 25 0.2264478
21 25 0.2265557
22 25 0.22668193
23 25 0.22686821
24 25 0.22690801
25 25 0.22691338
26 25 0.2269837
27 25 0.22676592
28 25 0.22672735
29 25 0.22687554
30 25 0.22720905
0 26 0.22531277
1 26 0.22576834
2 26 0.22686602
3 26 0.22782062
4 26 0.22799274
5 26 0.2281534
6 26 0.22820686
7 26 0.22823933
8 26 0.22824544
9 26 0.22831355
10 26 0.22838777
11 26 0.22847347
12 26 0.22854109
13 26 0.22859676
14 26 0.22863875
15 26 0.22873837
16 26 0.22881038
17 26 0.22886556
18 26 0.22893392
19 26 0.229045
20 26 0.2291517
21 26 0.22921762
22 26 0.22933212
23 26 0.22943296
24 26 0.22955039
25 26 0.22967978
26 26 0.22981308
27 26 0.2299288
28 26 0.23007725
29 26 0.23017344
30 26 0.23022325
0 27 0.2275335
1 27 0.22783527
2 27 0.2290477
3 27 0.22975717
4 27 0.22977109
5 27 0.229973
6 27 0.2299984
7 27 0.23016587
8 27 0.23022252
9 27 0.23037364
10 27 0.23052892
11 27 0.23068224
12 27 0.23056993
13 27 0.2306173
14 27 0.23067516
15 27 0.23083386
16 27 0.23091564
17 27 0.23108289
18 27 0.23129188
19 27 0.23150867
20 27 0.23159339
21 27 0.23163489
22 27 0.23180579
23 27 0.23191321
24 27 0.23200795
25 27 0.23208241
26 27 0.2321996
27 27 0.23226136
28 27 0.2323412
29 27 0.23247792
30 27 0.23257753
0 28 0.2276844
1 28 0.22725591
2 28 0.2277325
3 28 0.22755158
4 28 0.22718535
5 28 0.22666143
6 28 0.22618096
7 28 0.22570364
8 28 0.22525907
9 28 0.2251326
10 28 0.22475588
11 28 0.22468117
12 28 0.22465065
13 28 0.22459279
14 28 0.22467092
15 28 0.22486404
16 28 0.22512795
17 28 0.22546366
18 28 0.22578715
19 28 0.22617191
20 28 0.22653715
21 28 0.22698638
22 28 0.22748053
23 28 0.22786823
24 28 0.22829963
25 28 0.22854452
26 28 0.22884041
27 28 0.22916903
28 28 0.2293829
29 28 0.22963633
30 28 0.23008165
0 29 0.22422364
1 29 0.22451466
2 29 0.22572929
3 29 0.22636846
4 29 0.22676006
5 29 0.22699615
6 29 0.22721832
7 29 0.22744806
8 29 0.22764215
9 29 0.22782965
10 29 0.22798835
11 29 0.2281468
12 29 0.2282054
13 29 0.22823787
14 29 0.22823274
15 29 0.22822101
16 29 0.228201
17 29 0.2281285
18 29 0.2279859
19 29 0.2278094
20 29 0.22755426
21 29 0.22736456
22 29 0.22716583
23 29 0.22701153
24 29 0.22693512
25 29 0.2269837
26 29 0.22716852
27 29 0.22744122
28 29 0.22783282
29 29 0.22826253
30 29 0.22876693
0 30 0.22614995
1 30 0.22710186
2 30 0.22856794
3 30 0.22910677
4 30 0.2295875
5 30 0.22986728
6 30 0.23018785
7 30 0.23041515
8 30 0.23065466
9 30 0.23082434
10 30 0.23102014
11 30 0.23119934
12 30 0.23136853
13 30 0.2314845
14 30 0.2315763
15 30 0.23171204
16 30 0.23176332
17 30 0.23176624
18 30 0.23173913
19 30 0.23167029
20 30 0.23150183
21 30 0.23122619
22 30 0.23079772
23 30 0.22998936
24 30 0.22914535
25 30 0.22826326
26 30 0.22754157
27 30 0.22713092
28 30 0.22697222
29 30 0.22719342
30 30 0.22773175
