0 0 0.45686466
1 0 0.4569201
2 0 0.45711124
3 0 0.45679167
4 0 0.45663735
5 0 0.45683658
6 0 0.45687026
7 0 0.45706728
8 0 0.45724234
9 0 0.45764837
10 0 0.4580087
11 0 0.4584035
12 0 0.45871577
13 0 0.45908
14 0 0.45944965
15 0 0.45976338
16 0 0.46010447
17 0 0.4604421
18 0 0.4607734
19 0 0.46109542
20 0 0.46132347
21 0 0.46157834
22 0 0.46182054
23 0 0.462103
24 0 0.46237987
25 0 0.4626189
26 0 0.4628191
27 0 0.46303102
28 0 0.46322927
29 0 0.46340773
30 0 0.46355397
0 1 0.46042356
1 1 0.4608369
2 1 0.46085495
3 1 0.46108493
4 1 0.46078756
5 1 0.45961493
6 1 0.45926338
7 1 0.45842913
8 1 0.4589516
9 1 0.4595031
10 1 0.46106687
11 1 0.4610046
12 1 0.46144503
13 1 0.46181467
14 1 0.46219897
15 1 0.46259424
16 1 0.4628921
17 1 0.46320996
18 1 0.46356398
19 1 0.46394533
20 1 0.46419558
21 1 0.46461305
22 1 0.4646375
23 1 0.4648323
24 1 0.46501076
25 1 0.46519217
26 1 0.4653809
27 1 0.46558866
28 1 0.46572027
29 1 0.46589652
30 1 0.46602374
0 2 0.46195677
1 2 0.46249658
2 2 0.46268725
3 2 0.46417728
4 2 0.46388918
5 2 0.46329004
6 2 0.46090257
7 2 0.46047238
8 2 0.4600202
9 2 0.4606904
10 2 0.46070457
11 2 0.46107492
12 2 0.46141136
13 2 0.46164304
14 2 0.46183127
15 2 0.4621892
16 2 0.46252075
17 2 0.46270898
18 2 0.46290943
19 2 0.46290553
20 2 0.4628501
21 2 0.46311572
22 2 0.46351978
23 2 0.46373585
24 2 0.46394044
25 2 0.4641216
26 2 0.4643533
27 2 0.46455643
28 2 0.46465555
29 2 0.4648001
30 2 0.46493435
0 3 0.4609172
1 3 0.46152806
2 3 0.46155003
3 3 0.46140087
4 3 0.46071896
5 3 0.46091917
6 3 0.45988178
7 3 0.4599482
8 3 0.45945844
9 3 0.4594692
10 3 0.4595224
11 3 0.45943356
12 3 0.45940423
13 3 0.459508
14 3 0.45965108
15 3 0.45984787
16 3 0.4601208
17 3 0.460405
18 3 0.46063936
19 3 0.46079513
20 3 0.4611035
21 3 0.46141672
22 3 0.4616616
23 3 0.46192992
24 3 0.46220115
25 3 0.46244237
26 3 0.46265382
27 3 0.46290845
28 3 0.4631277
29 3 0.46340942
30 3 0.46352857
0 4 0.4604089
1 4 0.46108836
2 4 0.46154368
3 4 0.46166086
4 4 0.4616477
5 4 0.4621821
6 4 0.46233863
7 4 0.46415505
8 4 0.4634341
9 4 0.46319044
10 4 0.46293092
11 4 0.4629551
12 4 0.46278808
13 4 0.46273607
14 4 0.4626753
15 4 0.46267653
16 4 0.46270362
17 4 0.46276343
18 4 0.4629768
19 4 0.46308276
20 4 0.4631958
21 4 0.46339527
22 4 0.4635564
23 4 0.4636697
24 4 0.4637981
25 4 0.46391726
26 4 0.4640613
27 4 0.46423832
28 4 0.46440333
29 4 0.46456203
30 4 0.464657
0 5 0.46125388
1 5 0.4614382
2 5 0.4613469
3 5 0.46149242
4 5 0.4613994
5 5 0.4616367
6 5 0.46134835
7 5 0.4615566
8 5 0.4610002
9 5 0.46103123
10 5 0.4611135
11 5 0.46100217
12 5 0.4610212
13 5 0.46110618
14 5 0.46129417
15 5 0.46151292
16 5 0.46170676
17 5 0.4620376
18 5 0.46241602
19 5 0.46273607
20 5 0.46305004
21 5 0.46343067
22 5 0.46378714
23 5 0.4641692
24 5 0.46454176
25 5 0.4647962
26 5 0.46512187
27 5 0.46546316
28 5 0.46574393
29 5 0.4661192
30 5 0.466409
0 6 0.46095482
1 6 0.46133837
2 6 0.4615715
3 6 0.46147338
4 6 0.46176976
5 6 0.46227953
6 6 0.46194944
7 6 0.4614133
8 6 0.46066818
9 6 0.46101877
10 6 0.46113768
11 6 0.46069846
12 6 0.4607309
13 6 0.46092942
14 6 0.4610908
15 6 0.46122557
16 6 0.46140844
17 6 0.4616389
18 6 0.46191844
19 6 0.46231982
20 6 0.46264818
21 6 0.4629336
22 6 0.4634375
23 6 0.46389478
24 6 0.46439552
25 6 0.464846
26 6 0.4652598
27 6 0.46563163
28 6 0.46599224
29 6 0.4663743
30 6 0.4666585
0 7 0.46136913
1 7 0.4615354
2 7 0.4619304
3 7 0.46264258
4 7 0.46427128
5 7 0.4639978
6 7 0.46448
7 7 0.46477932
8 7 0.46291724
9 7 0.4623794
10 7 0.46206492
11 7 0.46196362
12 7 0.46203685
13 7 0.46235424
14 7 0.46258715
15 7 0.4627859
16 7 0.46303466
17 7 0.46332595
18 7 0.46370217
19 7 0.46401003
20 7 0.46412623
21 7 0.46444583
22 7 0.46484792
23 7 0.46531668
24 7 0.46569315
25 7 0.466148
26 7 0.46657452
27 7 0.46692804
28 7 0.46727642
29 7 0.46761823
30 7 0.46798226
0 8 0.46241674
1 8 0.46260765
2 8 0.46259716
3 8 0.462489
4 8 0.46320266
5 8 0.46301514
6 8 0.46277368
7 8 0.4628838
8 8 0.46211472
9 8 0.46188083
10 8 0.46178392
11 8 0.46191087
12 8 0.46220434
13 8 0.46256956
14 8 0.46285766
15 8 0.4631184
16 8 0.4633086
17 8 0.4634087
18 8 0.46361524
19 8 0.46387085
20 8 0.46415702
21 8 0.4644927
22 8 0.4648301
23 8 0.46524468
24 8 0.46566898
25 8 0.4661292
26 8 0.4666097
27 8 0.46708626
28 8 0.46760675
29 8 0.46802694
30 8 0.4684449
0 9 0.46300927
1 9 0.46309254
2 9 0.46326247
3 9 0.4633318
4 9 0.4636819
5 9 0.46284303
6 9 0.46236205
7 9 0.4618142
8 9 0.46155712
9 9 0.46149948
10 9 0.46133348
11 9 0.4611982
12 9 0.46132347
13 9 0.4615046
14 9 0.461728
15 9 0.4619404
16 9 0.4621267
17 9 0.46232104
18 9 0.46249706
19 9 0.46268627
20 9 0.46310058
21 9 0.46359426
22 9 0.464032
23 9 0.4645237
24 9 0.46497732
25 9 0.4656021
26 9 0.46618146
27 9 0.46673515
28 9 0.46733502
29 9 0.4678011
30 9 0.46825522
0 10 0.2543972
1 10 0.28087002
2 10 0.30014107
3 10 0.31553707
4 10 0.3292438
5 10 0.34335217
6 10 0.35227713
7 10 0.3585924
8 10 0.36452585
9 10 0.36991972
10 10 0.37470496
11 10 0.37880194
12 10 0.38253564
13 10 0.3858262
14 10 0.3889571
15 10 0.20182168
16 10 -0.001200946
17 10 -7.463493E-4
18 10 -0.0015681392
19 10 -9.362936E-4
20 10 -0.0021142901
21 10 -0.0019084765
22 10 0.07655415
23 10 0.1287842
24 10 0.15724166
25 10 0.17793265
26 10 0.19420195
27 10 0.20797779
28 10 0.21990058
29 10 0.23032188
30 10 0.2396543
0 11 0.17786308
1 11 0.19747177
2 11 0.21189289
3 11 0.2242571
4 11 0.23532318
5 11 0.24717395
6 11 0.25539014
7 11 0.26234192
8 11 0.267549
9 11 0.272657
10 11 0.2775184
11 11 0.28203654
12 11 0.28668162
13 11 0.2905489
14 11 0.12665184
15 11 1.8799115E-5
16 11 7.006943E-5
17 11 -9.782865E-4
18 11 1.4575418E-4
19 11 -8.737927E-4
20 11 -0.0013383994
21 11 -0.0018200962
22 11 -3.7329673E-4
23 11 0.07180896
24 11 0.12237443
25 11 0.14486867
26 11 0.16151175
27 11 0.17499144
28 11 0.18643156
29 11 0.19621442
30 11 0.20488106
0 12 0.15687203
1 12 0.17475048
2 12 0.18782637
3 12 0.19896765
4 12 0.21095781
5 12 0.21926434
6 12 0.22660209
7 12 0.23314469
8 12 0.23811083
9 12 0.24304986
10 12 0.2478656
11 12 0.25227046
12 12 0.25636086
13 12 0.26019147
14 12 0.0039402456
15 12 0.0027495539
16 12 0.015283925
17 12 0.0023933472
18 12 -2.0727856E-4
19 12 0.0012680858
20 12 -0.0010571451
21 12 -0.0015263906
22 12 -0.0017094988
23 12 0.06960043
24 12 0.11167261
25 12 0.1346483
26 12 0.15097106
27 12 0.1640157
28 12 0.174989
29 12 0.1844247
30 12 0.19276613
0 13 0.16698352
1 13 0.18075667
2 13 0.19286843
3 13 0.20126382
4 13 0.2093472
5 13 0.21664223
6 13 0.22256102
7 13 0.22743487
8 13 0.23194715
9 13 0.23608881
10 13 0.24029884
11 13 0.24450935
12 13 0.248433
13 13 0.2501945
14 13 0.2517243
15 13 0.2536904
16 13 0.25578225
17 13 0.25459278
18 13 0.02305675
19 13 0.0018034944
20 13 -9.768216E-4
21 13 -0.001784207
22 13 -0.001603296
23 13 0.05680238
24 13 0.111530274
25 13 0.13678579
26 13 0.15714645
27 13 0.1701149
28 13 0.18095101
29 13 0.19027293
30 13 0.19833604
0 14 0.1762195
1 14 0.18827192
2 14 0.19744906
3 14 0.20549582
4 14 0.21300131
5 14 0.21993257
6 14 0.2255557
7 14 0.23027867
8 14 0.23514324
9 14 0.23895776
10 14 0.24271344
11 14 0.24661364
12 14 0.24997771
13 14 0.25074017
14 14 0.25203
15 14 0.2534792
16 14 0.25591946
17 14 0.25751248
18 14 0.020738598
19 14 0.0026462807
20 14 -8.1397727E-4
21 14 -7.1387814E-4
22 14 -0.0014958725
23 14 0.06421827
24 14 0.11420341
25 14 0.13876604
26 14 0.1557453
27 14 0.16912685
28 14 0.18017219
29 14 0.19122583
30 14 0.19900988
0 15 0.16416706
1 15 0.17889214
2 15 0.18979953
3 15 0.19955969
4 15 0.20855105
5 15 0.21572742
6 15 0.2211445
7 15 0.22566947
8 15 0.23051158
9 15 0.23442888
10 15 0.23826829
11 15 0.24204984
12 15 0.24506137
13 15 0.2467738
14 15 0.24829872
15 15 0.18022615
16 15 0.13742837
17 15 0.14538796
18 15 0.09013468
19 15 -4.1821928E-4
20 15 -8.769665E-4
21 15 0.0016916763
22 15 -9.948883E-4
23 15 0.058144443
24 15 0.11104052
25 15 0.13560535
26 15 0.15239272
27 15 0.16546933
28 15 0.1762439
29 15 0.18712518
30 15 0.19482598
0 16 0.16445002
1 16 0.17823564
2 16 0.18850215
3 16 0.19753769
4 16 0.20648949
5 16 0.2122176
6 16 0.2170585
7 16 0.22106491
8 16 0.22515579
9 16 0.22903866
10 16 0.23271768
11 16 0.23698874
12 16 0.23997511
13 16 0.2411719
14 16 0.24232231
15 16 0.15460515
16 16 0.05625794
17 16 0.10883614
18 16 0.10471913
19 16 0.00323003
20 16 -0.0019209278
21 16 -0.0017798124
22 16 0.0013755093
23 16 0.050267126
24 16 0.11146313
25 16 0.13367538
26 16 0.14925717
27 16 0.1616116
28 16 0.17191693
29 16 0.18067855
30 16 0.18838643
0 17 0.16029273
1 17 0.17366502
2 17 0.1832965
3 17 0.19168189
4 17 0.19888903
5 17 0.20519528
6 17 0.210888
7 17 0.21587196
8 17 0.21981758
9 17 0.2238462
10 17 0.2275899
11 17 0.2312694
12 17 0.23449016
13 17 0.23465422
14 17 0.2370632
15 17 0.23948707
16 17 0.24127372
17 17 0.24277373
18 17 -7.612421E-4
19 17 -0.0013042191
20 17 -0.0011211109
21 17 -1.5503167E-4
22 17 0.022113375
23 17 0.07432829
24 17 0.116639234
25 17 0.13847868
26 17 0.15376407
27 17 0.16579306
28 17 0.17751688
29 17 0.18577969
30 17 0.1929407
0 18 0.17034148
1 18 0.18208311
2 18 0.19049364
3 18 0.19959413
4 18 0.20623851
5 18 0.21204206
6 18 0.2167931
7 18 0.22069015
8 18 0.22438575
9 18 0.22818927
10 18 0.23177308
11 18 0.23517548
12 18 0.23837034
13 18 0.20436592
14 18 0.2250889
15 18 0.2318761
16 18 0.227721
17 18 -0.0012114443
18 18 -0.001599878
19 18 -0.0010212559
20 18 0.024296515
21 18 -0.0015302969
22 18 0.062748276
23 18 0.11042307
24 18 0.13709292
25 18 0.15214051
26 18 0.1639051
27 18 0.17382932
28 18 0.1824442
29 18 0.18994772
30 18 0.19649836
0 19 0.15298672
1 19 0.16748717
2 19 0.17734231
3 19 0.18578044
4 19 0.19498736
5 19 0.20120743
6 19 0.20794727
7 19 0.21206355
8 19 0.21582165
9 19 0.2192497
10 19 0.22251903
11 19 0.22562772
12 19 0.22860213
13 19 0.23141418
14 19 0.00410309
15 19 -0.0010764325
16 19 -9.5338374E-4
17 19 -0.0014919662
18 19 7.5318536E-4
19 19 -0.0013120318
20 19 -0.0015075915
21 19 0.06398755
22 19 0.104814105
23 19 0.12628074
24 19 0.14143234
25 19 0.1531857
26 19 0.16303594
27 19 0.17143352
28 19 0.17878325
29 19 0.18530582
30 19 0.19113696
0 20 0.15185168
1 20 0.16538216
2 20 0.17489208
3 20 0.18310608
4 20 0.19025584
5 20 0.19610333
6 20 0.20114957
7 20 0.20555685
8 20 0.20930056
9 20 0.21283187
10 20 0.21662904
11 20 0.21974555
12 20 0.22258276
13 20 0.22522293
14 20 0.22754669
15 20 -0.0010757
16 20 5.893645E-4
17 20 1.6357673E-4
18 20 -0.0011279469
19 20 -6.6504924E-4
20 20 0.054701764
21 20 0.104196906
22 20 0.12685472
23 20 0.14244358
24 20 0.15653804
25 20 0.16599521
26 20 0.17402537
27 20 0.18104158
28 20 0.1873747
29 20 0.19291677
30 20 0.19797617
0 21 0.16628745
1 21 0.17776395
2 21 0.18574844
3 21 0.19275026
4 21 0.20013808
5 21 0.20484419
6 21 0.20914797
7 21 0.21275008
8 21 0.21599817
9 21 0.21909685
10 21 0.22181565
11 21 0.22437306
12 21 0.22685845
13 21 0.22918978
14 21 0.23131311
15 21 0.23367326
16 21 0.23549774
17 21 0.23718137
18 21 0.23884252
19 21 0.2405303
20 21 0.2424312
21 21 0.2443177
22 21 0.24631822
23 21 0.24833803
24 21 0.2508439
25 21 0.25244528
26 21 0.2547871
27 21 0.25670826
28 21 0.25856328
29 21 0.26031744
30 21 0.2620636
0 22 0.26615372
1 22 0.26698774
2 22 0.2676413
3 22 0.2692048
4 22 0.2708308
5 22 0.27171877
6 22 0.27271095
7 22 0.2737205
8 22 0.27490094
9 22 0.27600738
10 22 0.2768431
11 22 0.2778165
12 22 0.2787555
13 22 0.27973598
14 22 0.28063294
15 22 0.2816647
16 22 0.2825246
17 22 0.28335005
18 22 0.28422993
19 22 0.2851501
20 22 0.2861362
21 22 0.28718457
22 22 0.28828004
23 22 0.2895037
24 22 0.29072443
25 22 0.2918973
26 22 0.29326913
27 22 0.29440832
28 22 0.29554066
29 22 0.29659414
30 22 0.2976696
0 23 0.29904437
1 23 0.29944476
2 23 0.29971087
3 23 0.30032516
4 23 0.30105197
5 23 0.3016887
6 23 0.30231616
7 23 0.30298194
8 23 0.30376026
9 23 0.30443898
10 23 0.30510208
11 23 0.30571878
12 23 0.3063687
13 23 0.30703595
14 23 0.30769807
15 23 0.3083077
16 23 0.30910337
17 23 0.30973008
18 23 0.31039366
19 23 0.31113097
20 23 0.31181264
21 23 0.3125856
22 23 0.31343886
23 23 0.31431073
24 23 0.31525847
25 23 0.3161484
26 23 0.31692478
27 23 0.31776682
28 23 0.3187666
29 23 0.3194951
30 23 0.3202632
0 24 0.3206714
1 24 0.3208633
2 24 0.3209944
3 24 0.32196927
4 24 0.32242706
5 24 0.32260185
6 24 0.32295734
7 24 0.32350835
8 24 0.32429743
9 24 0.32481113
10 24 0.3253043
11 24 0.32580015
12 24 0.32633874
13 24 0.32682627
14 24 0.32732508
15 24 0.32786438
16 24 0.32831898
17 24 0.3289391
18 24 0.3295512
19 24 0.330133
20 24 0.33066374
21 24 0.33127314
22 24 0.33183026
23 24 0.33249265
24 24 0.33321115
25 24 0.33379
26 24 0.33440575
27 24 0.33502418
28 24 0.3357471
29 24 0.33630154
30 24 0.33682474
0 25 0.33640212
1 25 0.3363748
2 25 0.33625612
3 25 0.33673537
4 25 0.33746707
5 25 0.33732963
6 25 0.33745217
7 25 0.33782548
8 25 0.3385396
9 25 0.3389532
10 25 0.33932525
11 25 0.3397547
12 25 0.34024325
13 25 0.34058967
14 25 0.34101912
15 25 0.34143588
16 25 0.34183434
17 25 0.34230164
18 25 0.3428075
19 25 0.3433136
20 25 0.343797
21 25 0.3443053
22 25 0.34474283
23 25 0.34529483
24 25 0.34578434
25 25 0.346309
26 25 0.34675872
27 25 0.34727898
28 25 0.34774286
29 25 0.34830758
30 25 0.34868234
0 26 0.34805685
1 26 0.34780487
2 26 0.34748065
3 26 0.3478652
4 26 0.34856442
5 26 0.3484682
6 26 0.34854707
7 26 0.34882712
8 26 0.34931883
9 26 0.34955442
10 26 0.34986547
11 26 0.35029247
12 26 0.3505857
13 26 0.3509768
14 26 0.3513755
15 26 0.3517898
16 26 0.35223562
17 26 0.3525857
18 26 0.35314408
19 26 0.35359597
20 26 0.35410455
21 26 0.35453448
22 26 0.35499713
23 26 0.35547468
24 26 0.35591903
25 26 0.35635993
26 26 0.35679036
27 26 0.35724327
28 26 0.35759947
29 26 0.35822448
30 26 0.3585885
0 27 0.35740194
1 27 0.35722154
2 27 0.35689047
3 27 0.35724205
4 27 0.3580089
5 27 0.3578888
6 27 0.35788682
7 27 0.35807824
8 27 0.3585592
9 27 0.35883385
10 27 0.3591383
11 27 0.35943004
12 27 0.35982192
13 27 0.36014417
14 27 0.36042422
15 27 0.36081535
16 27 0.3612133
17 27 0.36161685
18 27 0.36194962
19 27 0.36246917
20 27 0.36287665
21 27 0.36332515
22 27 0.36367425
23 27 0.36405
24 27 0.36440083
25 27 0.36477926
26 27 0.36514476
27 27 0.36545432
28 27 0.36587206
29 27 0.3663191
30 27 0.36664698
0 28 0.36537352
1 28 0.36517185
2 28 0.36485007
3 28 0.36487105
4 28 0.3654509
5 28 0.36534616
6 28 0.36535496
7 28 0.3657075
8 28 0.3660671
9 28 0.36632422
10 28 0.3665078
11 28 0.36682788
12 28 0.36719042
13 28 0.36743873
14 28 0.3678257
15 28 0.36819094
16 28 0.36846828
17 28 0.36885917
18 28 0.36929324
19 28 0.36966875
20 28 0.3699539
21 28 0.37037602
22 28 0.37079987
23 28 0.37117952
24 28 0.37150958
25 28 0.37187287
26 28 0.3722513
27 28 0.37253988
28 28 0.3728812
29 28 0.3733016
30 28 0.37365538
0 29 0.37245443
1 29 0.3723128
2 29 0.37201154
3 29 0.37186897
4 29 0.37245834
5 29 0.37236947
6 29 0.37237728
7 29 0.37252375
8 29 0.37285483
9 29 0.3730765
10 29 0.37341392
11 29 0.3737286
12 29 0.37399963
13 29 0.37436217
14 29 0.3746229
15 29 0.37491882
16 29 0.37529188
17 29 0.37548473
18 29 0.3758512
19 29 0.3761691
20 29 0.3764696
21 29 0.37678945
22 29 0.37711442
23 29 0.37739933
24 29 0.37768057
25 29 0.37790862
26 29 0.37830022
27 29 0.37855023
28 29 0.37889275
29 29 0.379278
30 29 0.37945527
0 30 0.3782167
1 30 0.37808514
2 30 0.37762296
3 30 0.3776276
4 30 0.37833586
5 30 0.37802824
6 30 0.37821501
7 30 0.37858635
8 30 0.37892815
9 30 0.37912494
10 30 0.37940106
11 30 0.37966183
12 30 0.37994063
13 30 0.3803176
14 30 0.3805356
15 30 0.38080296
16 30 0.38103268
17 30 0.38136986
18 30 0.3816069
19 30 0.38188133
20 30 0.38213012
21 30 0.382417
22 30 0.38265088
23 30 0.38291162
24 30 0.3832295
25 30 0.38342163
26 30 0.38366237
27 30 0.38391945
28 30 0.38425025
29 30 0.38442606
30 30 0.3846062
