0 0 0.3122245
1 0 0.31224915
2 0 0.31225184
3 0 0.3122289
4 0 0.31225282
5 0 0.31226283
6 0 0.31235757
7 0 0.3123666
8 0 0.31236905
9 0 0.31235
10 0 0.31244692
11 0 0.31245595
12 0 0.3123556
13 0 0.3125182
14 0 0.31267178
15 0 0.31272328
16 0 0.31274942
17 0 0.312756
18 0 0.312808
19 0 0.31288344
20 0 0.3130309
21 0 0.31320134
22 0 0.3132582
23 0 0.31340006
24 0 0.31357315
25 0 0.31375554
26 0 0.31394255
27 0 0.3142177
28 0 0.31428412
29 0 0.3144987
30 0 0.31473774
0 1 0.31641108
1 1 0.3162597
2 1 0.31625605
3 1 0.31651607
4 1 0.3166772
5 1 0.31675583
6 1 0.31677192
7 1 0.31678048
8 1 0.3168198
9 1 0.31677657
10 1 0.31676656
11 1 0.3167585
12 1 0.31662178
13 1 0.31658176
14 1 0.31651264
15 1 0.31653315
16 1 0.31655416
17 1 0.31657663
18 1 0.31675777
19 1 0.31676948
20 1 0.31677365
21 1 0.3168198
22 1 0.31686887
23 1 0.31702486
24 1 0.3172458
25 1 0.3172624
26 1 0.3173232
27 1 0.3174868
28 1 0.31760275
29 1 0.31776488
30 1 0.31789133
0 2 0.31851587
1 2 0.31825632
2 2 0.31794357
3 2 0.31826195
4 2 0.3182644
5 2 0.31826684
6 2 0.31826463
7 2 0.3182634
8 2 0.3183728
9 2 0.3182634
10 2 0.31825268
11 2 0.3182412
12 2 0.3179929
13 2 0.31801608
14 2 0.31789818
15 2 0.31792626
16 2 0.31798485
17 2 0.31804052
18 2 0.31822997
19 2 0.31825316
20 2 0.3182612
21 2 0.31826586
22 2 0.31828782
23 2 0.31839353
24 2 0.31851903
25 2 0.31872874
26 2 0.31878394
27 2 0.31893775
28 2 0.31919459
29 2 0.31927344
30 2 0.31941065
0 3 0.32026687
1 3 0.3198047
2 3 0.31966138
3 3 0.319876
4 3 0.31991017
5 3 0.31989038
6 3 0.3198616
7 3 0.3197998
8 3 0.31976953
9 3 0.31975147
10 3 0.31968606
11 3 0.31958058
12 3 0.31947193
13 3 0.31946337
14 3 0.31927174
15 3 0.31926832
16 3 0.3192759
17 3 0.31929442
18 3 0.31927443
19 3 0.31926903
20 3 0.31928444
21 3 0.31938037
22 3 0.31943408
23 3 0.31951904
24 3 0.31967995
25 3 0.31977686
26 3 0.31998903
27 3 0.32022366
28 3 0.32027858
29 3 0.3204612
30 3 0.32059476
0 4 0.3217571
1 4 0.32143363
2 4 0.3213157
3 4 0.32170194
4 4 0.3217625
5 4 0.3217691
6 4 0.32176763
7 4 0.32174468
8 4 0.32172343
9 4 0.32164434
10 4 0.32158303
11 4 0.32154495
12 4 0.3214937
13 4 0.32150662
14 4 0.32134745
15 4 0.3213528
16 4 0.3214036
17 4 0.32142216
18 4 0.32146707
19 4 0.32141873
20 4 0.3214185
21 4 0.32151127
22 4 0.32159087
23 4 0.32177007
24 4 0.32192972
25 4 0.32218584
26 4 0.32229254
27 4 0.3225081
28 4 0.32275152
29 4 0.32293805
30 4 0.32319465
0 5 0.32441366
1 5 0.32425985
2 5 0.3241534
3 5 0.32447737
4 5 0.32455623
5 5 0.32470566
6 5 0.32475984
7 5 0.3247755
8 5 0.3247928
9 5 0.32482138
10 5 0.32483798
11 5 0.3248607
12 5 0.3247972
13 5 0.32495078
14 5 0.3248441
15 5 0.3249774
16 5 0.32506478
17 5 0.32516098
18 5 0.32508627
19 5 0.32485166
20 5 0.3247579
21 5 0.32462654
22 5 0.32464802
23 5 0.32477328
24 5 0.3249781
25 5 0.32527572
26 5 0.32552013
27 5 0.32578355
28 5 0.3260897
29 5 0.3263109
30 5 0.3265311
0 6 0.32779774
1 6 0.3274518
2 6 0.3272926
3 6 0.32757458
4 6 0.3276437
5 6 0.32771888
6 6 0.32775843
7 6 0.32775062
8 6 0.32774743
9 6 0.32771084
10 6 0.32766077
11 6 0.32760486
12 6 0.32750696
13 6 0.32754114
14 6 0.32738903
15 6 0.32745472
16 6 0.3275199
17 6 0.32742494
18 6 0.3269535
19 6 0.0060096136
20 6 0.0053855805
21 6 0.003008835
22 6 0.009312643
23 6 0.13947259
24 6 0.19248536
25 6 0.21122955
26 6 0.2234995
27 6 0.23231141
28 6 0.23908813
29 6 0.24453133
30 6 0.24903701
0 7 0.2656115
1 7 0.26734856
2 7 0.2686987
3 7 0.27027074
4 7 0.27169216
5 7 0.27290797
6 7 0.2741895
7 7 0.2753692
8 7 0.2764344
9 7 0.27749205
10 7 0.2784891
11 7 0.27948743
12 7 0.28056678
13 7 0.2813478
14 7 0.28210708
15 7 0.28295404
16 7 0.28397775
17 7 0.28087562
18 7 0.27819297
19 7 0.28025746
20 7 0.07106871
21 7 0.09231245
22 7 0.028759718
23 7 0.0065088887
24 7 0.14263597
25 7 0.18254991
26 7 0.20083071
27 7 0.21225423
28 7 0.22043233
29 7 0.2266934
30 7 0.23173231
0 8 0.23453777
1 8 0.24018385
2 8 0.24405183
3 8 0.24690588
4 8 0.24917227
5 8 0.25117424
6 8 0.2529277
7 8 0.2545747
8 8 0.2561233
9 8 0.25749245
10 8 0.25876078
11 8 0.26013142
12 8 0.26122275
13 8 0.2624
14 8 0.2634088
15 8 0.26469424
16 8 0.26347205
17 8 0.26487002
18 8 0.26521525
19 8 0.2648483
20 8 0.26286876
21 8 0.20725952
22 8 0.09353976
23 8 0.061029743
24 8 0.112578385
25 8 0.1795523
26 8 0.19928014
27 8 0.21064556
28 8 0.21849626
29 8 0.22434938
30 8 0.2289874
0 9 0.22949058
1 9 0.23535125
2 9 0.23944043
3 9 0.242377
4 9 0.24460848
5 9 0.24658874
6 9 0.24829188
7 9 0.24996915
8 9 0.25140813
9 9 0.25272873
10 9 0.2540488
11 9 0.255271
12 9 0.25650907
13 9 0.25763017
14 9 0.25878203
15 9 0.25949714
16 9 0.25860772
17 9 0.15128112
18 9 0.24082278
19 9 0.24664757
20 9 0.24672619
21 9 0.24302618
22 9 0.09230878
23 9 0.03960583
24 9 0.021542566
25 9 0.13057818
26 9 0.17861992
27 9 0.19629548
28 9 0.20852052
29 9 0.21543226
30 9 0.22066548
0 10 0.2268936
1 10 0.23133288
2 10 0.23420231
3 10 0.23708126
4 10 0.23920947
5 10 0.241272
6 10 0.24290094
7 10 0.24434553
8 10 0.24571738
9 10 0.24705724
10 10 0.24823134
11 10 0.24942374
12 10 0.25063518
13 10 0.25158784
14 10 0.2525163
15 10 0.25037077
16 10 0.25078043
17 10 0.25191352
18 10 0.25263473
19 10 0.24888931
20 10 0.24861147
21 10 0.25102898
22 10 0.25189278
23 10 0.10289464
24 10 0.06632963
25 10 0.09983795
26 10 0.18908419
27 10 0.20654272
28 10 0.21757999
29 10 0.22364087
30 10 0.22809236
0 11 0.23019542
1 11 0.23460369
2 11 0.2374421
3 11 0.2402129
4 11 0.24217826
5 11 0.24385431
6 11 0.24554917
7 11 0.24693762
8 11 0.24815688
9 11 0.24930654
10 11 0.25042254
11 11 0.25147405
12 11 0.2524831
13 11 0.25335276
14 11 0.25414696
15 11 0.22660209
16 11 0.2520007
17 11 0.25350338
18 11 0.25276974
19 11 0.25044182
20 11 0.24970475
21 11 0.2520241
22 11 0.2536406
23 11 0.11424076
24 11 0.057796538
25 11 0.01870097
26 11 0.15287831
27 11 0.18842451
28 11 0.20547897
29 11 0.21372691
30 11 0.21962446
0 12 0.22788556
1 12 0.23140003
2 12 0.23381071
3 12 0.2362292
4 12 0.23800755
5 12 0.23950928
6 12 0.24076541
7 12 0.24227129
8 12 0.2434842
9 12 0.24459554
10 12 0.24566734
11 12 0.24669616
12 12 0.24776526
13 12 0.24864101
14 12 0.24921793
15 12 0.24989274
16 12 0.25053898
17 12 0.25077653
18 12 0.12216007
19 12 0.18286096
20 12 0.2030053
21 12 0.21595961
22 12 0.22046188
23 12 0.08608286
24 12 0.10473598
25 12 0.02224204
26 12 0.14032392
27 12 0.17418163
28 12 0.18904366
29 12 0.19821592
30 12 0.20475118
0 13 0.21007621
1 13 0.21531579
2 13 0.2180551
3 13 0.2205627
4 13 0.2226643
5 13 0.2245093
6 13 0.22620024
7 13 0.22777618
8 13 0.2292352
9 13 0.23065758
10 13 0.23200697
11 13 0.23347257
12 13 0.23470378
13 13 0.23568867
14 13 0.16594395
15 13 0.22955234
16 13 0.23185217
17 13 0.22673418
18 13 0.2343991
19 13 0.23677267
20 13 0.2296124
21 13 0.15151453
22 13 0.15451433
23 13 0.08658946
24 13 0.109817356
25 13 0.07683809
26 13 0.17361057
27 13 0.189947
28 13 0.1990592
29 13 0.20528951
30 13 0.20998685
0 14 0.20599216
1 14 0.2110855
2 14 0.21430357
3 14 0.21715762
4 14 0.2194162
5 14 0.2213198
6 14 0.2230874
7 14 0.22461917
8 14 0.22613603
9 14 0.22759576
10 14 0.22886117
11 14 0.23030528
12 14 0.23155701
13 14 0.23244227
14 14 0.23201038
15 14 0.23352896
16 14 0.23452093
17 14 0.2356142
18 14 0.23637886
19 14 0.23741476
20 14 0.23784983
21 14 0.2280589
22 14 0.15754636
23 14 0.03951965
24 14 0.051853333
25 14 0.13785684
26 14 0.17557593
27 14 0.19000144
28 14 0.19865294
29 14 0.204623
30 14 0.20919608
0 15 0.21087335
1 15 0.21469371
2 15 0.21731949
3 15 0.21975923
4 15 0.22167014
5 15 0.22335938
6 15 0.22484939
7 15 0.22626078
8 15 0.22759089
9 15 0.22911093
10 15 0.23009263
11 15 0.23152064
12 15 0.23267397
13 15 0.23343521
14 15 0.22536355
15 15 0.23212367
16 15 0.23348722
17 15 0.23332779
18 15 0.23597871
19 15 0.23580047
20 15 0.2378049
21 15 0.19813731
22 15 0.06617972
23 15 0.06296679
24 15 0.15415885
25 15 0.18965915
26 15 0.201236
27 15 0.20817481
28 15 0.21311092
29 15 0.21681948
30 15 0.21985736
0 16 0.21840885
1 16 0.22184739
2 16 0.2242317
3 16 0.22636284
4 16 0.22805305
5 16 0.22944126
6 16 0.23069347
7 16 0.23197962
8 16 0.23307437
9 16 0.23431389
10 16 0.23534247
11 16 0.23631221
12 16 0.2373408
13 16 0.2381013
14 16 0.23873314
15 16 0.23944141
16 16 0.22755353
17 16 0.23870361
18 16 0.23994629
19 16 0.24108206
20 16 0.24214116
21 16 0.24286748
22 16 0.21846452
23 16 0.1878686
24 16 0.22379713
25 16 0.23108141
26 16 0.23484637
27 16 0.23736936
28 16 0.23932496
29 16 0.24091335
30 16 0.24225932
0 17 0.23892577
1 17 0.24100564
2 17 0.24254155
3 17 0.24406403
4 17 0.24506088
5 17 0.24587339
6 17 0.24662755
7 17 0.24735315
8 17 0.24807118
9 17 0.248725
10 17 0.24936149
11 17 0.25010613
12 17 0.2506469
13 17 0.25111517
14 17 0.25151289
15 17 0.25205952
16 17 0.25246358
17 17 0.25302437
18 17 0.23724167
19 17 0.24905923
20 17 0.25080657
21 17 0.14835188
22 17 0.20501998
23 17 0.22634843
24 17 0.23381315
25 17 0.23799753
26 17 0.24082595
27 17 0.24305132
28 17 0.24477059
29 17 0.24625987
30 17 0.24760023
0 18 0.24830946
1 18 0.24968864
2 18 0.25077558
3 18 0.25194356
4 18 0.25265083
5 18 0.25333983
6 18 0.25390282
7 18 0.25444895
8 18 0.25505322
9 18 0.25563207
10 18 0.25615457
11 18 0.25692946
12 18 0.25767165
13 18 0.25782695
14 18 0.2581751
15 18 0.25861725
16 18 0.25896636
17 18 0.25934163
18 18 0.2596861
19 18 0.26014388
20 18 0.26047835
21 18 0.26088166
22 18 0.261233
23 18 0.26168197
24 18 0.26216
25 18 0.26263633
26 18 0.2631041
27 18 0.26351917
28 18 0.2638983
29 18 0.2642528
30 18 0.26466128
0 19 0.26615885
1 19 0.2661752
2 19 0.2664318
3 19 0.26706195
4 19 0.26727045
5 19 0.2675861
6 19 0.26768818
7 19 0.26794696
8 19 0.2681667
9 19 0.26835835
10 19 0.26858127
11 19 0.2687634
12 19 0.26904318
13 19 0.26915938
14 19 0.26926607
15 19 0.26944944
16 19 0.2696782
17 19 0.26991916
18 19 0.27017137
19 19 0.2703938
20 19 0.2706953
21 19 0.2709304
22 19 0.2711736
23 19 0.2714182
24 19 0.27169508
25 19 0.27205813
26 19 0.27225563
27 19 0.27242506
28 19 0.27272487
29 19 0.2730684
30 19 0.27332377
0 20 0.2751795
1 20 0.2750098
2 20 0.27516413
3 20 0.27564728
4 20 0.27577105
5 20 0.27606282
6 20 0.27617
7 20 0.27620393
8 20 0.27632624
9 20 0.27645174
10 20 0.27664438
11 20 0.27669978
12 20 0.2773912
13 20 0.27768517
14 20 0.27776694
15 20 0.27790684
16 20 0.27802768
17 20 0.27818713
18 20 0.27825913
19 20 0.2784227
20 20 0.2786517
21 20 0.2787113
22 20 0.2788949
23 20 0.27918202
24 20 0.2792267
25 20 0.2794374
26 20 0.27968764
27 20 0.27989224
28 20 0.28016785
29 20 0.28024134
30 20 0.28045106
0 21 0.28197622
1 21 0.28183952
2 21 0.2819037
3 21 0.28239226
4 21 0.28259245
5 21 0.28273016
6 21 0.28275993
7 21 0.28288835
8 21 0.28297576
9 21 0.2831928
10 21 0.28319964
11 21 0.28320622
12 21 0.28335395
13 21 0.28330976
14 21 0.2834355
15 21 0.28357318
16 21 0.28371137
17 21 0.28384712
18 21 0.2840173
19 21 0.28419477
20 21 0.28430903
21 21 0.28444403
22 21 0.2846733
23 21 0.284769
24 21 0.28499606
25 21 0.2852031
26 21 0.2853872
27 21 0.28563157
28 21 0.28578025
29 21 0.28604198
30 21 0.28621972
0 22 0.28769922
1 22 0.28754786
2 22 0.28753296
3 22 0.2881504
4 22 0.28822657
5 22 0.28840113
6 22 0.28844094
7 22 0.2885513
8 22 0.28868362
9 22 0.28871706
10 22 0.2887764
11 22 0.28880936
12 22 0.2888616
13 22 0.28894413
14 22 0.28915653
15 22 0.2892068
16 22 0.2892415
17 22 0.28938553
18 22 0.28948098
19 22 0.2897083
20 22 0.28985795
21 22 0.28999883
22 22 0.29020658
23 22 0.2903294
24 22 0.2904539
25 22 0.29069096
26 22 0.29079303
27 22 0.291002
28 22 0.29121247
29 22 0.2913692
30 22 0.29162166
0 23 0.29287142
1 23 0.29275936
2 23 0.29263875
3 23 0.29322103
4 23 0.293379
5 23 0.29350865
6 23 0.29359287
7 23 0.29370004
8 23 0.29371518
9 23 0.29373717
10 23 0.29373887
11 23 0.29384995
12 23 0.2937821
13 23 0.29384872
14 23 0.29399547
15 23 0.29420835
16 23 0.29423815
17 23 0.29434142
18 23 0.2944381
19 23 0.29453477
20 23 0.29470128
21 23 0.29473278
22 23 0.29485583
23 23 0.29499987
24 23 0.295213
25 23 0.2952621
26 23 0.2954359
27 23 0.29565564
28 23 0.29573792
29 23 0.29591736
30 23 0.2961693
0 24 0.29731193
1 24 0.29722428
2 24 0.29707998
3 24 0.29760635
4 24 0.29771328
5 24 0.29782146
6 24 0.29783025
7 24 0.29789492
8 24 0.2979096
9 24 0.29794767
10 24 0.29794547
11 24 0.29796427
12 24 0.29794133
13 24 0.29799503
14 24 0.2981408
15 24 0.29819107
16 24 0.2982194
17 24 0.29823038
18 24 0.29826996
19 24 0.29836076
20 24 0.29862347
21 24 0.2987243
22 24 0.29881415
23 24 0.29893693
24 24 0.29904485
25 24 0.29921553
26 24 0.29926825
27 24 0.29942548
28 24 0.29953778
29 24 0.29972357
30 24 0.29983124
0 25 0.3012119
1 25 0.30094016
2 25 0.3008066
3 25 0.30129856
4 25 0.30146116
5 25 0.30158272
6 25 0.30163524
7 25 0.30170676
8 25 0.3017236
9 25 0.30173168
10 25 0.30173534
11 25 0.30173752
12 25 0.3017297
13 25 0.3017434
14 25 0.30178586
15 25 0.3019553
16 25 0.30209544
17 25 0.30219847
18 25 0.3022358
19 25 0.3022905
20 25 0.30244067
21 25 0.3024978
22 25 0.30272582
23 25 0.30275902
24 25 0.3028606
25 25 0.30299267
26 25 0.3032107
27 25 0.3032378
28 25 0.30334082
29 25 0.3034944
30 25 0.30360913
0 26 0.30460477
1 26 0.30444044
2 26 0.30427417
3 26 0.30473536
4 26 0.304782
5 26 0.30491433
6 26 0.30493996
7 26 0.3049517
8 26 0.3049202
9 26 0.3049329
10 26 0.30491433
11 26 0.30483598
12 26 0.30474928
13 26 0.3047615
14 26 0.30508083
15 26 0.3049905
16 26 0.30503055
17 26 0.30523148
18 26 0.30521756
19 26 0.30523247
20 26 0.30523854
21 26 0.30524442
22 26 0.30529177
23 26 0.30538553
24 26 0.30549148
25 26 0.30554348
26 26 0.30570242
27 26 0.30575296
28 26 0.30594316
29 26 0.30604595
30 26 0.30621952
0 27 0.3072183
1 27 0.30697295
2 27 0.3067945
3 27 0.3072464
4 27 0.3073211
5 27 0.3074593
6 27 0.30746222
7 27 0.30749202
8 27 0.3074881
9 27 0.30748957
10 27 0.3075074
11 27 0.30767828
12 27 0.3075213
13 27 0.30751374
14 27 0.30759162
15 27 0.30766535
16 27 0.30773908
17 27 0.3077503
18 27 0.3078194
19 27 0.3078841
20 27 0.3079747
21 27 0.30803597
22 27 0.3081778
23 27 0.30824155
24 27 0.3082552
25 27 0.30834457
26 27 0.30848372
27 27 0.3085267
28 27 0.3087098
29 27 0.3087696
30 27 0.30895174
0 28 0.309984
1 28 0.30983898
2 28 0.30963486
3 28 0.31024864
4 28 0.31030554
5 28 0.31043932
6 28 0.31043735
7 28 0.31048986
8 28 0.31047106
9 28 0.3104745
10 28 0.31048667
11 28 0.31045714
12 28 0.31044102
13 28 0.3104813
14 28 0.31050768
15 28 0.31059313
16 28 0.3106732
17 28 0.3107401
18 28 0.31076697
19 28 0.31082946
20 28 0.3109718
21 28 0.31102183
22 28 0.31106457
23 28 0.31121105
24 28 0.311244
25 28 0.3112538
26 28 0.31129456
27 28 0.31138563
28 28 0.3115292
29 28 0.31168127
30 28 0.31175038
0 29 0.3125436
1 29 0.31240565
2 29 0.31225795
3 29 0.31274965
4 29 0.31281948
5 29 0.3129247
6 29 0.31293178
7 29 0.3129345
8 29 0.31291738
9 29 0.3129384
10 29 0.31286
11 29 0.31285855
12 29 0.31291786
13 29 0.31284854
14 29 0.31287125
15 29 0.31297475
16 29 0.31302577
17 29 0.3130204
18 29 0.31315592
19 29 0.31317082
20 29 0.31321377
21 29 0.31325236
22 29 0.3132543
23 29 0.31325895
24 29 0.31327993
25 29 0.31334123
26 29 0.31347427
27 29 0.31354752
28 29 0.31361294
29 29 0.31373453
30 29 0.31375527
0 30 0.31472453
1 30 0.3145275
2 30 0.31431487
3 30 0.31481025
4 30 0.31498918
5 30 0.31507954
6 30 0.3151364
7 30 0.31525287
8 30 0.31524214
9 30 0.31519085
10 30 0.31522724
11 30 0.31516743
12 30 0.31506878
13 30 0.31510884
14 30 0.31519893
15 30 0.3152563
16 30 0.31526092
17 30 0.31527483
18 30 0.31534395
19 30 0.3154428
20 30 0.31549776
21 30 0.31553364
22 30 0.3155898
23 30 0.3157409
24 30 0.3157585
25 30 0.3157729
26 30 0.31585518
27 30 0.315998
28 30 0.31607467
29 30 0.31625533
30 30 0.31626925
