0 0 0.3052354
1 0 0.30523464
2 0 0.3054695
3 0 0.3055181
4 0 0.30553055
5 0 0.30552664
6 0 0.30551687
7 0 0.3055281
8 0 0.30557156
9 0 0.30561137
10 0 0.30567947
11 0 0.30571416
12 0 0.30574247
13 0 0.30575198
14 0 0.30578667
15 0 0.3058477
16 0 0.30592802
17 0 0.30599517
18 0 0.3060579
19 0 0.30618387
20 0 0.30623564
21 0 0.30625102
22 0 0.30632743
23 0 0.30649272
24 0 0.3066878
25 0 0.3067896
26 0 0.3069881
27 0 0.30723274
28 0 0.30738533
29 0 0.3075738
30 0 0.30776277
0 1 0.30979526
1 1 0.30983335
2 1 0.30960265
3 1 0.30994663
4 1 0.31021032
5 1 0.3102611
6 1 0.31036633
7 1 0.3104469
8 1 0.3105006
9 1 0.31049865
10 1 0.31049034
11 1 0.31045982
12 1 0.3104801
13 1 0.31045225
14 1 0.31059656
15 1 0.31048107
16 1 0.31055066
17 1 0.31073594
18 1 0.31077135
19 1 0.31091052
20 1 0.3110121
21 1 0.31118834
22 1 0.31125695
23 1 0.31133655
24 1 0.31147912
25 1 0.31158802
26 1 0.31174988
27 1 0.31187952
28 1 0.31219277
29 1 0.3122682
30 1 0.31246033
0 2 0.3142243
1 2 0.31427726
2 2 0.31417108
3 2 0.31449407
4 2 0.3146232
5 2 0.3147387
6 2 0.31475434
7 2 0.31476238
8 2 0.31477165
9 2 0.31476286
10 2 0.3147558
11 2 0.3147426
12 2 0.31457928
13 2 0.31475067
14 2 0.3147985
15 2 0.31475702
16 2 0.31479242
17 2 0.31493938
18 2 0.31503388
19 2 0.315153
20 2 0.31523603
21 2 0.31525823
22 2 0.3152917
23 2 0.31541473
24 2 0.31553486
25 2 0.3157175
26 2 0.3158183
27 2 0.31600043
28 2 0.31625995
29 2 0.31631562
30 2 0.31647018
0 3 0.31801805
1 3 0.31819847
2 3 0.31795532
3 3 0.31830493
4 3 0.31847167
5 3 0.31853783
6 3 0.31858885
7 3 0.31870386
8 3 0.31871948
9 3 0.31869847
10 3 0.31866625
11 3 0.31858397
12 3 0.3184712
13 3 0.31848827
14 3 0.3184553
15 3 0.31846142
16 3 0.31851244
17 3 0.31855857
18 3 0.31867015
19 3 0.31871557
20 3 0.31874707
21 3 0.3187639
22 3 0.3187683
23 3 0.31880394
24 3 0.3189148
25 3 0.31903443
26 3 0.31923607
27 3 0.31927148
28 3 0.3194004
29 3 0.319563
30 3 0.31976172
0 4 0.32101002
1 4 0.32106742
2 4 0.3208611
3 4 0.3212542
4 4 0.3212686
5 4 0.3212803
6 4 0.32128105
7 4 0.32127202
8 4 0.32126957
9 4 0.32126468
10 4 0.32122245
11 4 0.32108694
12 4 0.32093605
13 4 0.32095927
14 4 0.32082084
15 4 0.32078543
16 4 0.3207979
17 4 0.32081205
18 4 0.3208516
19 4 0.32083744
20 4 0.32085842
21 4 0.32082447
22 4 0.32084647
23 4 0.32094777
24 4 0.32110354
25 4 0.3212681
26 4 0.32137284
27 4 0.32153836
28 4 0.32175297
29 4 0.3218848
30 4 0.322044
0 5 0.32299396
1 5 0.3228189
2 5 0.32257158
3 5 0.32284382
4 5 0.3229024
5 5 0.3228958
6 5 0.32293096
7 5 0.32295856
8 5 0.32296076
9 5 0.32291877
10 5 0.32288337
11 5 0.32285503
12 5 0.3227552
13 5 0.32279962
14 5 0.32275885
15 5 0.3232752
16 5 0.32327497
17 5 0.32328936
18 5 0.3233055
19 5 0.323273
20 5 0.32316804
21 5 0.32302448
22 5 0.3229727
23 5 0.32308087
24 5 0.32327154
25 5 0.32342827
26 5 0.3237193
27 5 0.32389095
28 5 0.32424152
29 5 0.32434943
30 5 0.3245328
0 6 0.32577866
1 6 0.32562974
2 6 0.32533553
3 6 0.32560557
4 6 0.32568222
5 6 0.32567954
6 6 0.325651
7 6 0.3256478
8 6 0.32555673
9 6 0.3255184
10 6 0.32544297
11 6 0.32532528
12 6 0.3251678
13 6 0.32517415
14 6 0.32497177
15 6 0.3249774
16 6 0.32503745
17 6 0.3252784
18 6 0.32515854
19 6 0.32477182
20 6 0.0016665295
21 6 0.005647059
22 6 0.017446311
23 6 0.14587283
24 6 0.19396806
25 6 0.21472766
26 6 0.22764948
27 6 0.23677169
28 6 0.2437215
29 6 0.2492101
30 6 0.25455686
0 7 0.27085352
1 7 0.2723494
2 7 0.27360746
3 7 0.27521515
4 7 0.27653036
5 7 0.27780235
6 7 0.27899915
7 7 0.2801503
8 7 0.281299
9 7 0.28223333
10 7 0.28316545
11 7 0.28398287
12 7 0.28468454
13 7 0.28552097
14 7 0.28614768
15 7 0.28680566
16 7 0.28765455
17 7 0.28836915
18 7 0.26061848
19 7 0.124796346
20 7 0.04171304
21 7 0.035422172
22 7 0.05313875
23 7 -2.1533533E-4
24 7 0.13762833
25 7 0.17331076
26 7 0.1908054
27 7 0.20222038
28 7 0.21061845
29 7 0.21727529
30 7 0.22261523
0 8 0.2429334
1 8 0.24510653
2 8 0.24671789
3 8 0.24864663
4 8 0.25036442
5 8 0.25202364
6 8 0.2534697
7 8 0.25498754
8 8 0.2562649
9 8 0.25756547
10 8 0.25869244
11 8 0.26012433
12 8 0.26116097
13 8 0.26215562
14 8 0.26299158
15 8 0.26410878
16 8 0.2652831
17 8 0.2650253
18 8 0.24262236
19 8 0.2542224
20 8 0.22145627
21 8 0.043405205
22 8 0.021048661
23 8 0.03756454
24 8 0.1046681
25 8 0.16704504
26 8 0.1870451
27 8 0.19903234
28 8 0.20752466
29 8 0.21404332
30 8 0.21928313
0 9 0.22337988
1 9 0.2292772
2 9 0.23305069
3 9 0.2363381
4 9 0.23888232
5 9 0.24109207
6 9 0.2430401
7 9 0.24474545
8 9 0.24639879
9 9 0.24820594
10 9 0.2495651
11 9 0.2509672
12 9 0.25227436
13 9 0.25340086
14 9 0.25431907
15 9 0.25563452
16 9 0.2542539
17 9 0.25582203
18 9 0.23448893
19 9 0.05291365
20 9 0.1611465
21 9 0.20344721
22 9 0.071162954
23 9 0.027279226
24 9 0.015247059
25 9 0.10484682
26 9 0.16069265
27 9 0.17957477
28 9 0.1910952
29 9 0.19928308
30 9 0.20559055
0 10 0.21692105
1 10 0.22176316
2 10 0.2253655
3 10 0.22837141
4 10 0.23069444
5 10 0.2327521
6 10 0.23464349
7 10 0.23637031
8 10 0.23803416
9 10 0.23957227
10 10 0.24121927
11 10 0.24258843
12 10 0.24399787
13 10 0.24511923
14 10 0.24613585
15 10 0.24720007
16 10 0.15699923
17 10 0.19281618
18 10 0.21616761
19 10 0.22316821
20 10 0.22679375
21 10 0.21633266
22 10 0.19101049
23 10 0.09387668
24 10 0.00998697
25 10 0.0046109105
26 10 0.12765113
27 10 0.16218583
28 10 0.17831132
29 10 0.18868062
30 10 0.19615851
0 11 0.20302044
1 11 0.2095281
2 11 0.21384898
3 11 0.21825725
4 11 0.22091548
5 11 0.2232478
6 11 0.22526419
7 11 0.22717193
8 11 0.22891586
9 11 0.23053405
10 11 0.23211733
11 11 0.23356852
12 11 0.23508538
13 11 0.23663937
14 11 0.23754929
15 11 0.23275062
16 11 0.22915609
17 11 0.2369399
18 11 0.23694405
19 11 0.2365539
20 11 0.23669185
21 11 0.23482952
22 11 0.18242833
23 11 0.17740482
24 11 0.10487587
25 11 0.0016780042
26 11 0.12901881
27 11 0.17063177
28 11 0.18661809
29 11 0.19615974
30 11 0.202882
0 12 0.21137092
1 12 0.21603309
2 12 0.21989374
3 12 0.22246556
4 12 0.2244883
5 12 0.22631206
6 12 0.22796956
7 12 0.22945566
8 12 0.23086242
9 12 0.23216689
10 12 0.23350187
11 12 0.23475994
12 12 0.2360412
13 12 0.2371882
14 12 0.23807201
15 12 0.22243065
16 12 0.23339224
17 12 0.2354914
18 12 0.21584168
19 12 0.13556066
20 12 0.13292708
21 12 0.19049047
22 12 0.20937406
23 12 0.1427788
24 12 0.021631435
25 12 0.02096199
26 12 0.10263365
27 12 0.1576091
28 12 0.17772488
29 12 0.18746722
30 12 0.19440141
0 13 0.20112343
1 13 0.20597117
2 13 0.20911917
3 13 0.21212092
4 13 0.21441247
5 13 0.21642543
6 13 0.21862029
7 13 0.22026533
8 13 0.22188206
9 13 0.22334325
10 13 0.22474293
11 13 0.22616337
12 13 0.2275484
13 13 0.22900912
14 13 0.13392662
15 13 0.21363021
16 13 0.19370413
17 13 0.21596888
18 13 0.22211546
19 13 0.22483547
20 13 0.08874574
21 13 0.08915761
22 13 0.085196614
23 13 0.13262361
24 13 0.06853743
25 13 0.03127123
26 13 0.11230689
27 13 0.15525897
28 13 0.17251216
29 13 0.18122616
30 13 0.18775386
0 14 0.18813667
1 14 0.1948814
2 14 0.19883117
3 14 0.20228165
4 14 0.20500094
5 14 0.20737621
6 14 0.2094346
7 14 0.2117032
8 14 0.21344736
9 14 0.21509606
10 14 0.21663125
11 14 0.21812613
12 14 0.21963984
13 14 0.22091866
14 14 0.09722048
15 14 0.20362616
16 14 0.1997157
17 14 0.2142623
18 14 0.21719399
19 14 0.21838225
20 14 0.2212302
21 14 0.18921383
22 14 0.09675661
23 14 0.08058985
24 14 0.0792578
25 14 0.058738448
26 14 0.12603489
27 14 0.16141604
28 14 0.17734842
29 14 0.18539566
30 14 0.19131371
0 15 0.19340311
1 15 0.19873253
2 15 0.20238371
3 15 0.20538059
4 15 0.20770386
5 15 0.21013896
6 15 0.21161798
7 15 0.21361239
8 15 0.21515563
9 15 0.21660537
10 15 0.21808
11 15 0.21941131
12 15 0.22078584
13 15 0.2219343
14 15 0.21826237
15 15 0.22293578
16 15 0.22456056
17 15 0.22315967
18 15 0.22566995
19 15 0.22339721
20 15 0.21595106
21 15 0.21996357
22 15 0.116602615
23 15 0.0643816
24 15 0.060594678
25 15 0.13432823
26 15 0.17555493
27 15 0.19023362
28 15 0.19721884
29 15 0.2022587
30 15 0.20619163
0 16 0.2078169
1 16 0.21147662
2 16 0.2141024
3 16 0.21644057
4 16 0.21824455
5 16 0.22009882
6 16 0.22143112
7 16 0.22267236
8 16 0.22391969
9 16 0.22505349
10 16 0.22613505
11 16 0.22716607
12 16 0.22820246
13 16 0.22908457
14 16 0.22963339
15 16 0.20742504
16 16 0.22546512
17 16 0.22812311
18 16 0.2254058
19 16 0.20431978
20 16 0.22820759
21 16 0.23003575
22 16 0.19396561
23 16 0.12612204
24 16 0.13651332
25 16 0.18866207
26 16 0.2004955
27 16 0.20819215
28 16 0.2124908
29 16 0.2158407
30 16 0.21854582
0 17 0.21863127
1 17 0.22166964
2 17 0.22384375
3 17 0.22582597
4 17 0.22727716
5 17 0.22869417
6 17 0.2298148
7 17 0.23085314
8 17 0.2317743
9 17 0.23265444
10 17 0.23360221
11 17 0.23450236
12 17 0.23537567
13 17 0.23602119
14 17 0.23649581
15 17 0.23711789
16 17 0.22321948
17 17 0.2239231
18 17 0.23334585
19 17 0.23561981
20 17 0.23628487
21 17 0.23592696
22 17 0.23824608
23 17 0.23941602
24 17 0.24037527
25 17 0.24134012
26 17 0.2422393
27 17 0.24325274
28 17 0.24412751
29 17 0.2448099
30 17 0.24556504
0 18 0.24191141
1 18 0.24363996
2 18 0.24498738
3 18 0.24622251
4 18 0.24707653
5 18 0.24770325
6 18 0.2482477
7 18 0.2487626
8 18 0.2492228
9 18 0.24968497
10 18 0.25016862
11 18 0.25062713
12 18 0.25114983
13 18 0.25137812
14 18 0.25173116
15 18 0.25213838
16 18 0.25257808
17 18 0.25293893
18 18 0.25330955
19 18 0.23352164
20 18 0.24880801
21 18 0.25209737
22 18 0.25314498
23 18 0.2539448
24 18 0.2546399
25 18 0.25526905
26 18 0.25588378
27 18 0.25654176
28 18 0.25713944
29 18 0.25762895
30 18 0.2581375
0 19 0.25792313
1 19 0.2586221
2 19 0.2592784
3 19 0.26015094
4 19 0.26050496
5 19 0.26089585
6 19 0.26116806
7 19 0.26145372
8 19 0.26171982
9 19 0.2620748
10 19 0.2622584
11 19 0.26248205
12 19 0.26282188
13 19 0.2629071
14 19 0.26315638
15 19 0.2634042
16 19 0.2636725
17 19 0.2640182
18 19 0.26422864
19 19 0.2645048
20 19 0.26476797
21 19 0.26514956
22 19 0.2653732
23 19 0.26569375
24 19 0.26614568
25 19 0.26639983
26 19 0.26672453
27 19 0.26714495
28 19 0.26744378
29 19 0.26776168
30 19 0.26815522
0 20 0.26628727
1 20 0.26721162
2 20 0.26795894
3 20 0.26868942
4 20 0.26917183
5 20 0.26945674
6 20 0.26973143
7 20 0.27004856
8 20 0.2701831
9 20 0.27040747
10 20 0.2706377
11 20 0.27068993
12 20 0.27102026
13 20 0.27094066
14 20 0.27117115
15 20 0.27126342
16 20 0.2714619
17 20 0.2717002
18 20 0.27195436
19 20 0.27217603
20 20 0.27229592
21 20 0.27247217
22 20 0.27271903
23 20 0.27303714
24 20 0.2732283
25 20 0.27354887
26 20 0.27380058
27 20 0.27417094
28 20 0.2744234
29 20 0.27470905
30 20 0.27503595
0 21 0.27669418
1 21 0.2766744
2 21 0.27683237
3 21 0.27737877
4 21 0.27758896
5 21 0.27769467
6 21 0.27781284
7 21 0.27793735
8 21 0.2780841
9 21 0.278182
10 21 0.27819592
11 21 0.27821666
12 21 0.27844566
13 21 0.278681
14 21 0.27869004
15 21 0.27870154
16 21 0.27885264
17 21 0.27912584
18 21 0.27919617
19 21 0.27936414
20 21 0.27957362
21 21 0.27970642
22 21 0.27992055
23 21 0.28018838
24 21 0.28029603
25 21 0.28048378
26 21 0.28070375
27 21 0.2809579
28 21 0.28133097
29 21 0.28152654
30 21 0.28172892
0 22 0.28325653
1 22 0.28319964
2 22 0.28324237
3 22 0.28374898
4 22 0.2839377
5 22 0.28413397
6 22 0.28418988
7 22 0.2841999
8 22 0.28422162
9 22 0.2842851
10 22 0.2843569
11 22 0.28433076
12 22 0.28449264
13 22 0.28442842
14 22 0.28451046
15 22 0.28469184
16 22 0.2847436
17 22 0.28494552
18 22 0.28516746
19 22 0.28521726
20 22 0.28538156
21 22 0.28549755
22 22 0.28569847
23 22 0.28581956
24 22 0.28604245
25 22 0.2862065
26 22 0.28639403
27 22 0.28659227
28 22 0.28678882
29 22 0.28701928
30 22 0.28720653
0 23 0.28858033
1 23 0.28847367
2 23 0.28843215
3 23 0.28901786
4 23 0.2892056
5 23 0.28926712
6 23 0.2893262
7 23 0.28943044
8 23 0.28946853
9 23 0.28949052
10 23 0.28950956
11 23 0.2895015
12 23 0.28967312
13 23 0.28960723
14 23 0.2896873
15 23 0.28972733
16 23 0.28981718
17 23 0.28997833
18 23 0.29018852
19 23 0.29022247
20 23 0.29038262
21 23 0.29048297
22 23 0.29068902
23 23 0.2907691
24 23 0.2909754
25 23 0.29120123
26 23 0.2912745
27 23 0.29147637
28 23 0.29172468
29 23 0.29191
30 23 0.29220614
0 24 0.2934171
1 24 0.2932701
2 24 0.29326865
3 24 0.29373643
4 24 0.29393783
5 24 0.2941239
6 24 0.29415148
7 24 0.29420397
8 24 0.2942152
9 24 0.29421496
10 24 0.2942081
11 24 0.2941207
12 24 0.29421374
13 24 0.2941964
14 24 0.29421812
15 24 0.29425475
16 24 0.29437634
17 24 0.2944657
18 24 0.29458654
19 24 0.29471594
20 24 0.29477063
21 24 0.29494518
22 24 0.2951278
23 24 0.295234
24 24 0.29533997
25 24 0.2954684
26 24 0.29565492
27 24 0.29574427
28 24 0.2959579
29 24 0.2962145
30 24 0.29627115
0 25 0.29731485
1 25 0.29723185
2 25 0.29722401
3 25 0.2977294
4 25 0.29782486
5 25 0.2979528
6 25 0.297955
7 25 0.2979877
8 25 0.2980529
9 25 0.29800674
10 25 0.2979418
11 25 0.29790324
12 25 0.2979528
13 25 0.2979318
14 25 0.2980253
15 25 0.2981496
16 25 0.29822332
17 25 0.29823333
18 25 0.29834172
19 25 0.29843497
20 25 0.2985048
21 25 0.2986823
22 25 0.29873577
23 25 0.29882318
24 25 0.2990092
25 25 0.29920232
26 25 0.2992343
27 25 0.29942986
28 25 0.2995129
29 25 0.2997282
30 25 0.29984516
0 26 0.30089375
1 26 0.30074605
2 26 0.30065548
3 26 0.3012314
4 26 0.3012883
5 26 0.30142015
6 26 0.30140695
7 26 0.30143893
8 26 0.3014289
9 26 0.3013879
10 26 0.30129927
11 26 0.30127147
12 26 0.30127755
13 26 0.30127877
14 26 0.3014387
15 26 0.3014575
16 26 0.301499
17 26 0.30160275
18 26 0.30172604
19 26 0.30175194
20 26 0.30188012
21 26 0.3020283
22 26 0.30222338
23 26 0.30224144
24 26 0.30235985
25 26 0.3024758
26 26 0.30260986
27 26 0.3027324
28 26 0.30280933
29 26 0.3030193
30 26 0.30323216
0 27 0.30423316
1 27 0.3040684
2 27 0.30393288
3 27 0.30440164
4 27 0.30451393
5 27 0.30466703
6 27 0.3046907
7 27 0.30472928
8 27 0.30472976
9 27 0.30471462
10 27 0.30462918
11 27 0.30452272
12 27 0.3045154
13 27 0.30453616
14 27 0.30461526
15 27 0.3047205
16 27 0.30473807
17 27 0.30477467
18 27 0.30490652
19 27 0.30498466
20 27 0.30513528
21 27 0.30522975
22 27 0.30524197
23 27 0.30531546
24 27 0.30548856
25 27 0.30565384
26 27 0.30573955
27 27 0.30579203
28 27 0.30595195
29 27 0.30615067
30 27 0.30629253
0 28 0.30721954
1 28 0.30703816
2 28 0.3069366
3 28 0.3074151
4 28 0.30750397
5 28 0.30763826
6 28 0.30765462
7 28 0.30767122
8 28 0.30760846
9 28 0.30772054
10 28 0.3077674
11 28 0.30796295
12 28 0.308075
13 28 0.30821565
14 28 0.3082503
15 28 0.3083614
16 28 0.30848372
17 28 0.30857185
18 28 0.3087391
19 28 0.30882406
20 28 0.30896616
21 28 0.30914268
22 28 0.30924472
23 28 0.30926913
24 28 0.30941978
25 28 0.3096361
26 28 0.30974743
27 28 0.30981186
28 28 0.310015
29 28 0.3101859
30 28 0.31027648
0 29 0.31068736
1 29 0.31074792
2 29 0.3109115
3 29 0.31144935
4 29 0.31166345
5 29 0.3117057
6 29 0.3116278
7 29 0.31153014
8 29 0.3114313
9 29 0.3112938
10 29 0.31117004
11 29 0.31124792
12 29 0.31125548
13 29 0.3113097
14 29 0.31146276
15 29 0.3115028
16 29 0.31157947
17 29 0.31173205
18 29 0.31175867
19 29 0.31184414
20 29 0.31200036
21 29 0.3121371
22 29 0.312245
23 29 0.3122616
24 29 0.31231558
25 29 0.31241956
26 29 0.31250966
27 29 0.3126437
28 29 0.31275234
29 29 0.3128705
30 29 0.31303456
0 30 0.31343448
1 30 0.31362346
2 30 0.31361246
3 30 0.3142133
4 30 0.31426165
5 30 0.3142902
6 30 0.31426165
7 30 0.31425774
8 30 0.3142394
9 30 0.3141679
10 30 0.31397086
11 30 0.3139206
12 30 0.31384075
13 30 0.31390202
14 30 0.3139789
15 30 0.3140424
16 30 0.314153
17 30 0.31421039
18 30 0.31425333
19 30 0.31425604
20 30 0.3142641
21 30 0.31428045
22 30 0.31432512
23 30 0.31439495
24 30 0.31445622
25 30 0.31450042
26 30 0.31458464
27 30 0.31469697
28 30 0.31475288
29 30 0.31478655
30 30 0.3148432
