0 0 0.050482705
1 0 0.060180854
2 0 0.07790354
3 0 0.075791195
4 0 0.07669844
5 0 0.07916454
6 0 0.076849565
7 0 0.06226194
8 0 0.07248695
9 0 0.0725912
10 0 0.08415021
11 0 0.08025269
12 0 0.13147442
13 0 0.14374976
14 0 0.11196021
15 0 0.08326275
16 0 -0.009205463
17 0 -0.0130758835
18 0 0.0066827196
19 0 0.017190937
20 0 0.027801694
21 0 0.02972067
22 0 0.043040454
23 0 0.03706917
24 0 0.037905607
25 0 0.0425319
26 0 0.050601117
27 0 0.045604944
28 0 0.039124377
29 0 0.043279715
30 0 0.04481807
0 1 0.02120882
1 1 0.017451683
2 1 0.029632533
3 1 0.030855697
4 1 0.026680583
5 1 0.03354446
6 1 0.026718182
7 1 0.02339147
8 1 0.018314
9 1 0.013050493
10 1 0.014955062
11 1 0.01606299
12 1 0.012323675
13 1 0.011965515
14 1 0.013806852
15 1 0.016302252
16 1 0.014049043
17 1 0.016881362
18 1 0.017260274
19 1 0.014635478
20 1 0.016615488
21 1 0.02034162
22 1 0.029198201
23 1 0.029503869
24 1 0.03792026
25 1 0.032518808
26 1 0.023648066
27 1 0.029627651
28 1 0.014511452
29 1 0.015587641
30 1 0.017458031
0 2 0.020601634
1 2 0.019039597
2 2 0.02239463
3 2 0.01924175
4 2 0.014092989
5 2 0.027480645
6 2 0.065074
7 2 0.08166092
8 2 0.07298085
9 2 0.06478224
10 2 0.05390805
11 2 0.051214896
12 2 0.041451804
13 2 0.03289479
14 2 0.031581294
15 2 0.029642299
16 2 0.024448372
17 2 0.027457207
18 2 0.026075838
19 2 4.0088504E-4
20 2 0.0054327003
21 2 0.002369421
22 2 0.0075848326
23 2 0.012200138
24 2 0.019041063
25 2 0.030184545
26 2 0.025794828
27 2 0.022387061
28 2 0.023031846
29 2 0.022687847
30 2 0.021733243
0 3 0.021732021
1 3 0.016062502
2 3 0.011314871
3 3 -0.038528666
4 3 -0.06516262
5 3 -0.052771803
6 3 -0.04336443
7 3 -0.0366573
8 3 -0.02333239
9 3 -0.025366599
10 3 -0.012549264
11 3 -0.028974565
12 3 -0.030315405
13 3 -0.009110247
14 3 0.02125594
15 3 0.041943025
16 3 0.009807034
17 3 0.013157428
18 3 0.02332189
19 3 0.029149128
20 3 0.02770355
21 3 0.024702283
22 3 0.026690839
23 3 0.030050997
24 3 0.023001084
25 3 0.024760632
26 3 0.019803282
27 3 0.01272163
28 3 0.009012345
29 3 0.01550805
30 3 0.018895553
0 4 0.01746682
1 4 0.016220463
2 4 0.016020508
3 4 0.010980881
4 4 0.0070308694
5 4 0.010326819
6 4 0.0062430156
7 4 0.007847288
8 4 0.0043435725
9 4 0.0074188146
10 4 0.0057683988
11 4 0.01323531
12 4 0.0025220113
13 4 -0.006570169
14 4 -0.00749865
15 4 -0.03298244
16 4 -0.03140893
17 4 -0.032398444
18 4 0.3267367
19 4 0.29564416
20 4 -0.15898852
21 4 -0.082749315
22 4 -0.052176822
23 4 -0.042546794
24 4 -0.03822251
25 4 -0.029498499
26 4 -0.024807021
27 4 -0.016182132
28 4 -0.011518731
29 4 -0.0077486536
30 4 -9.135882E-4
0 5 0.009371237
1 5 0.0106031895
2 5 0.006848005
3 5 0.016859878
4 5 0.018715862
5 5 0.042759933
6 5 0.0805818
7 5 0.124100044
8 5 0.14440846
9 5 0.12851393
10 5 0.12792017
11 5 0.117618255
12 5 0.10769696
13 5 0.093896456
14 5 0.08610288
15 5 0.08703429
16 5 0.08336675
17 5 0.08302886
18 5 0.07855931
19 5 0.075668395
20 5 0.0701749
21 5 0.06295092
22 5 0.07389908
23 5 0.07100426
24 5 0.060225043
25 5 0.0548734
26 5 0.051612116
27 5 0.052034974
28 5 0.045654017
29 5 0.045530725
30 5 0.045285605
0 6 0.21631849
1 6 0.2663859
2 6 0.33020523
3 6 0.3764103
4 6 0.39472356
5 6 0.43642342
6 6 0.48495957
7 6 0.5198461
8 6 0.55570114
9 6 0.55488545
10 6 0.5182662
11 6 0.53266686
12 6 0.55299896
13 6 0.5515304
14 6 0.5766924
15 6 0.5375458
16 6 -0.5639903
17 6 -0.5185382
18 6 -0.44442478
19 6 -0.390234
20 6 -0.34754097
21 6 -0.30248728
22 6 -0.26901755
23 6 -0.24402107
24 6 -0.20936233
25 6 -0.18627433
26 6 -0.1689252
27 6 -0.14574735
28 6 -0.12837891
29 6 -0.11540045
30 6 -0.10257774
0 7 0.24506088
1 7 0.35534847
2 7 0.44395283
3 7 0.5126636
4 7 0.53914595
5 7 0.57952887
6 7 0.6219983
7 7 0.64273906
8 7 0.6560479
9 7 0.62972665
10 7 0.6393484
11 7 0.6730667
12 7 0.70451784
13 7 0.7171448
14 7 0.7440849
15 7 0.74772066
16 7 -0.75046927
17 7 -0.58461344
18 7 0.38270873
19 7 0.30316114
20 7 0.66802853
21 7 -0.17197822
22 7 -0.14795856
23 7 -0.12476046
24 7 -0.114376746
25 7 -0.09888091
26 7 -0.08141116
27 7 -0.067333795
28 7 -0.05616297
29 7 -0.04723046
30 7 -0.039865844
0 8 -0.08440876
1 8 0.06810114
2 8 0.19317995
3 8 0.2889976
4 8 0.35923645
5 8 0.42946556
6 8 0.4831922
7 8 0.5234768
8 8 0.5533044
9 8 0.5579968
10 8 0.58739597
11 8 0.64273906
12 8 0.6679001
13 8 0.6987253
14 8 0.7223021
15 8 0.20589525
16 8 1.1936902
17 8 -0.47587812
18 8 -0.013375937
19 8 0.97925377
20 8 0.5921614
21 8 -0.18032306
22 8 1.0530938
23 8 0.9424854
24 8 0.8643584
25 8 0.76808184
26 8 0.6827966
27 8 0.6049692
28 8 0.55079186
29 8 0.5121511
30 8 0.47386783
0 9 -0.18526578
1 9 -0.010031403
2 9 0.1394748
3 9 0.24124125
4 9 0.3312785
5 9 0.38901326
6 9 0.44613475
7 9 0.48570666
8 9 0.5132793
9 9 0.5304368
10 9 0.5751514
11 9 0.6280716
12 9 0.65153414
13 9 0.6844875
14 9 0.93430996
15 9 -0.47709176
16 9 -0.49453712
17 9 0.6333034
18 9 0.68072206
19 9 0.96303254
20 9 0.8642261
21 9 0.78595173
22 9 0.50058407
23 9 1.0899942
24 9 0.9888477
25 9 0.9009984
26 9 0.8278386
27 9 0.7347764
28 9 0.6699177
29 9 0.6086817
30 9 0.5544997
0 10 1.0146054
1 10 0.9548388
2 10 0.83558774
3 10 0.99868494
4 10 0.90267223
5 10 0.90332484
6 10 0.92626566
7 10 0.8778513
8 10 0.8704313
9 10 0.85570693
10 10 0.8520389
11 10 0.8548634
12 10 0.8483892
13 10 -0.10489833
14 10 0.6448868
15 10 1.0870674
16 10 0.5152315
17 10 -0.39900538
18 10 1.221797
19 10 -0.67471224
20 10 -0.7007075
21 10 0.23636349
22 10 -0.6896136
23 10 -0.038295265
24 10 0.03629621
25 10 0.10510878
26 10 0.13668056
27 10 0.14914975
28 10 0.14564846
29 10 0.14307885
30 10 0.138424
0 11 -0.41125995
1 11 -0.24484652
2 11 -0.18752582
3 11 -0.1535231
4 11 -0.12137661
5 11 0.36499485
6 11 0.43330058
7 11 0.509824
8 11 0.552695
9 11 0.6248079
10 11 0.67370075
11 11 0.7122511
12 11 -0.4511817
13 11 0.14305346
14 11 1.0701545
15 11 -0.66827196
16 11 0.10740252
17 11 0.8331436
18 11 -0.6848813
19 11 0.60517627
20 11 -0.5619793
21 11 0.6370837
22 11 0.609439
23 11 1.3211408
24 11 1.2385765
25 11 1.1534222
26 11 1.0604762
27 11 0.99289656
28 11 0.92743313
29 11 0.83885854
30 11 0.7690928
0 12 0.77368957
1 12 0.8087775
2 12 0.8471968
3 12 0.861178
4 12 0.8470547
5 12 0.8456521
6 12 0.8612239
7 12 0.85331434
8 12 0.8663497
9 12 0.85761154
10 12 0.8438674
11 12 0.8478802
12 12 0.90529996
13 12 1.2992523
14 12 -0.18403016
15 12 1.191257
16 12 -0.3476064
17 12 1.2350955
18 12 1.3581384
19 12 0.9050968
20 12 0.42628044
21 12 1.1478647
22 12 1.3413608
23 12 1.2237612
24 12 1.151784
25 12 1.096841
26 12 1.034429
27 12 0.9829369
28 12 0.92872906
29 12 0.8569313
30 12 0.7917802
0 13 -0.41821367
1 13 -0.1758518
2 13 0.011220386
3 13 0.16145243
4 13 0.28894266
5 13 0.43340728
6 13 0.5113345
7 13 0.5813668
8 13 0.6249107
9 13 0.6560847
10 13 0.6823298
11 13 0.8846224
12 13 0.85279286
13 13 0.7982097
14 13 -0.01580493
15 13 1.0707432
16 13 1.1976961
17 13 1.0515989
18 13 -0.6008998
19 13 0.2629281
20 13 0.85137385
21 13 0.03974255
22 13 -0.768741
23 13 -0.76972395
24 13 0.95229995
25 13 0.87300014
26 13 0.80705506
27 13 0.7843333
28 13 0.8087414
29 13 0.76786333
30 13 0.65377563
0 14 0.03594269
1 14 0.22056514
2 14 0.3345349
3 14 0.38181835
4 14 0.4462959
5 14 0.5365321
6 14 0.5836151
7 14 0.61923337
8 14 0.63509566
9 14 0.6058159
10 14 0.6371765
11 14 0.66492695
12 14 0.53833073
13 14 0.95772463
14 14 0.90242225
15 14 -0.38720417
16 14 0.023651972
17 14 1.2558227
18 14 0.20170622
19 14 0.3099918
20 14 0.36605394
21 14 -0.37177327
22 14 -0.15841942
23 14 -0.0032854506
24 14 0.11918884
25 14 0.2706057
26 14 0.37006083
27 14 0.42885593
28 14 0.41968903
29 14 0.42244396
30 14 0.44865236
0 15 1.1177242
1 15 1.043241
2 15 0.9743484
3 15 0.8981634
4 15 0.8602739
5 15 0.8466021
6 15 0.82338566
7 15 0.8053585
8 15 0.8066527
9 15 0.8083007
10 15 0.8227575
11 15 0.8296306
12 15 -0.21159968
13 15 0.08716735
14 15 1.1680745
15 15 1.0411927
16 15 0.9604556
17 15 -0.24558505
18 15 -0.19332694
19 15 -0.6564214
20 15 1.1583544
21 15 1.0870217
22 15 -0.40697154
23 15 -0.213097
24 15 -0.052472237
25 15 0.12846974
26 15 0.26035726
27 15 0.34771943
28 15 0.3654155
29 15 0.41552663
30 15 0.45025223
0 16 0.50444376
1 16 0.5223522
2 16 0.50235045
3 16 0.5737661
4 16 0.61086386
5 16 0.6400335
6 16 0.6750794
7 16 0.6892398
8 16 0.7051892
9 16 0.73548925
10 16 0.73105514
11 16 0.72131914
12 16 0.73773104
13 16 1.3470372
14 16 -0.702918
15 16 -0.66634464
16 16 -0.6093228
17 16 -0.75442
18 16 0.1715307
19 16 0.17159173
20 16 0.65291965
21 16 0.645463
22 16 0.6324853
23 16 0.6190637
24 16 0.6471144
25 16 0.7034072
26 16 0.7342002
27 16 0.72389996
28 16 0.696214
29 16 0.6840102
30 16 0.6733023
0 17 0.7802878
1 17 0.76997054
2 17 0.7772597
3 17 0.8011004
4 17 0.77999777
5 17 0.792767
6 17 0.8092636
7 17 0.8069508
8 17 0.7858856
9 17 0.760237
10 17 0.78680354
11 17 0.7729884
12 17 0.7778388
13 17 0.77621645
14 17 0.77261144
15 17 0.766677
16 17 -0.20157583
17 17 -0.16608164
18 17 0.008787244
19 17 0.13816568
20 17 0.25288668
21 17 0.3471286
22 17 0.39335367
23 17 0.40081766
24 17 0.4179976
25 17 0.45664957
26 17 0.49739945
27 17 0.5157117
28 17 0.5171014
29 17 0.5234287
30 17 0.5430913
0 18 0.07487786
1 18 0.2201435
2 18 0.29726064
3 18 0.3715462
4 18 0.41731963
5 18 0.4570851
6 18 0.4919941
7 18 0.5337089
8 18 0.56461656
9 18 0.59011745
10 18 0.6002382
11 18 0.63771385
12 18 0.6512907
13 18 0.6272137
14 18 0.5218029
15 18 0.6625907
16 18 0.6222468
17 18 0.61250305
18 18 0.060810745
19 18 0.6818366
20 18 0.72444737
21 18 0.7319568
22 18 0.71530735
23 18 0.69939643
24 18 0.7011584
25 18 0.71194595
26 18 0.7307402
27 18 0.73271894
28 18 0.71638817
29 18 0.73764753
30 18 0.74745893
0 19 0.75896037
1 19 0.7605783
2 19 0.78715193
3 19 0.7746583
4 19 0.7707012
5 19 0.7222066
6 19 0.6755277
7 19 0.6771244
8 19 0.69073737
9 19 0.70210814
10 19 0.70723736
11 19 0.7158796
12 19 0.73309225
13 19 0.7541558
14 19 0.76257026
15 19 0.774695
16 19 0.77615225
17 19 0.771107
18 19 0.74497503
19 19 0.72383726
20 19 0.7125761
21 19 0.71478975
22 19 0.70000315
23 19 0.7085294
24 19 0.7098805
25 19 0.70472366
26 19 0.69180405
27 19 0.6657326
28 19 0.64355254
29 19 0.6392615
30 19 0.5658988
0 20 0.5955514
1 20 0.15087388
2 20 0.4775371
3 20 0.5572978
4 20 0.78104126
5 20 0.90628
6 20 0.9247461
7 20 0.89365405
8 20 0.86132765
9 20 0.85451895
10 20 0.8469634
11 20 0.8428889
12 20 0.81972736
13 20 0.77914745
14 20 0.7803574
15 20 0.7841006
16 20 0.7844229
17 20 0.7743258
18 20 0.7602963
19 20 0.7448058
20 20 0.7249354
21 20 0.6780272
22 20 0.6328835
23 20 0.6976862
24 20 0.7259757
25 20 0.6924525
26 20 0.5822535
27 20 0.6544441
28 20 0.6293363
29 20 0.22948691
30 20 0.40425888
0 21 0.56770647
1 21 0.53784907
2 21 0.57015324
3 21 0.59617174
4 21 0.60657763
5 21 0.6191811
6 21 0.6210219
7 21 0.6264427
8 21 0.66084826
9 21 0.6561409
10 21 0.7485532
11 21 0.8198734
12 21 0.6020627
13 21 0.6176569
14 21 0.60956496
15 21 0.5767095
16 21 0.6273448
17 21 0.5991312
18 21 0.65516335
19 21 0.69440806
20 21 0.6707349
21 21 0.6461063
22 21 0.59423494
23 21 0.6464562
24 21 0.6171574
25 21 0.5748264
26 21 0.5891887
27 21 0.5379843
28 21 0.4958892
29 21 0.5956944
30 21 0.6424859
0 22 0.7885228
1 22 0.6333578
2 22 0.5920884
3 22 0.59830433
4 22 0.64678675
5 22 0.68807447
6 22 0.6814951
7 22 0.6771634
8 22 0.68873024
9 22 0.66121715
10 22 0.6378867
11 22 0.6690366
12 22 0.7265426
13 22 0.7000586
14 22 0.7023916
15 22 0.6772003
16 22 0.6790287
17 22 0.6195437
18 22 0.6818615
19 22 0.76035464
20 22 0.77808416
21 22 0.6912996
22 22 0.5730698
23 22 0.5952706
24 22 0.5595003
25 22 0.43278152
26 22 0.72085696
27 22 0.58981615
28 22 0.40169877
29 22 0.46307424
30 22 0.6019516
0 23 0.16194682
1 23 0.1987467
2 23 0.2443094
3 23 0.2691174
4 23 0.29358944
5 23 0.31826538
6 23 0.3118949
7 23 0.5144429
8 23 0.6792919
9 23 0.6349785
10 23 0.70722395
11 23 0.8842694
12 23 0.7242608
13 23 0.6164054
14 23 0.6384927
15 23 0.64783365
16 23 0.5594771
17 23 0.59422344
18 23 0.5516864
19 23 0.547879
20 23 0.5981097
21 23 0.4961636
22 23 0.47632077
23 23 0.4453806
24 23 0.48551694
25 23 0.27807236
26 23 0.28246647
27 23 0.23222059
28 23 0.1786436
29 23 -0.001024918
30 23 0.088492565
0 24 0.39970264
1 24 0.41556054
2 24 0.41752446
3 24 0.33177778
4 24 0.37861273
5 24 0.41158321
6 24 0.4704381
7 24 0.4342027
8 24 0.3376751
9 24 0.35313383
10 24 0.4834278
11 24 0.5007086
12 24 0.43081322
13 24 0.552819
14 24 0.5761021
15 24 0.626513
16 24 0.58375186
17 24 0.66691643
18 24 0.6488854
19 24 0.5751409
20 24 0.52949196
21 24 0.5064311
22 24 0.48005423
23 24 0.46196458
24 24 0.48775014
25 24 0.4234391
26 24 0.44905642
27 24 0.4287119
28 24 0.63023305
29 24 0.58843696
30 24 0.5577666
0 25 0.63191175
1 25 0.64090216
2 25 0.6059255
3 25 0.64368415
4 25 0.62032
5 25 0.6270355
6 25 0.6224885
7 25 0.6090953
8 25 0.58467716
9 25 0.6139679
10 25 0.6064968
11 25 0.58948433
12 25 0.59923327
13 25 0.6099493
14 25 0.60609376
15 25 0.5992755
16 25 0.40423837
17 25 0.6212517
18 25 0.56692666
19 25 0.5655365
20 25 0.44113174
21 25 0.4948176
22 25 0.6846189
23 25 0.6805248
24 25 0.40685168
25 25 0.109592006
26 25 1.2149463
27 25 1.1289899
28 25 1.3999635
29 25 1.3568288
30 25 1.2473878
0 26 1.1276642
1 26 0.9079255
2 26 1.0242857
3 26 1.288193
4 26 1.2453371
5 26 1.1774384
6 26 1.0810946
7 26 1.1071858
8 26 1.0840786
9 26 1.0599921
10 26 1.0458021
11 26 1.0216426
12 26 1.031859
13 26 1.0194201
14 26 1.001724
15 26 0.9786785
16 26 0.95496625
17 26 0.93870234
18 26 0.93161434
19 26 0.926188
20 26 0.92205
21 26 0.91877234
22 26 0.9077258
23 26 0.8707443
24 26 0.95277727
25 26 0.9348151
26 26 0.89503515
27 26 0.85267025
28 26 0.8272795
29 26 0.806642
30 26 0.7738595
0 27 0.8537865
1 27 0.87847316
2 27 0.88043535
3 27 0.8720932
4 27 0.86012375
5 27 0.84580445
6 27 0.84423774
7 27 0.8456477
8 27 0.8278667
9 27 0.84563476
10 27 0.8471126
11 27 0.8499144
12 27 0.8457283
13 27 0.820556
14 27 0.84158784
15 27 0.8584704
16 27 0.8557592
17 27 0.85416394
18 27 0.8666014
19 27 0.84374213
20 27 0.83058375
21 27 0.8174432
22 27 0.8113254
23 27 0.815367
24 27 0.8066518
25 27 0.8286831
26 27 0.7982727
27 27 0.764708
28 27 0.75300056
29 27 0.7070523
30 27 0.6788634
0 28 0.80695033
1 28 0.8212877
2 28 0.82229847
3 28 0.81756717
4 28 0.8173074
5 28 0.8052379
6 28 0.79662204
7 28 0.7870272
8 28 0.8014654
9 28 0.78797156
10 28 0.7853465
11 28 0.7581742
12 28 0.5118921
13 28 0.6412276
14 28 0.78407156
15 28 0.72404087
16 28 0.5795958
17 28 0.58385706
18 28 0.6833662
19 28 0.7168591
20 28 0.6969963
21 28 0.5987599
22 28 0.6412076
23 28 0.72093874
24 28 0.73196113
25 28 0.8175901
26 28 0.6030126
27 28 0.6282779
28 28 0.7280046
29 28 0.90873826
30 28 0.7144904
0 29 1.0337961
1 29 1.0542568
2 29 1.0487919
3 29 1.0440775
4 29 1.034808
5 29 1.0240735
6 29 1.0177261
7 29 1.0156628
8 29 1.0087073
9 29 1.018498
10 29 1.0344665
11 29 1.0569879
12 29 1.0531753
13 29 1.0359201
14 29 1.0268356
15 29 1.0191528
16 29 1.016802
17 29 1.0119857
18 29 1.0265118
19 29 1.0102786
20 29 0.9814488
21 29 0.96551013
22 29 0.96478087
23 29 0.9623543
24 29 0.94173145
25 29 0.90996385
26 29 0.8645909
27 29 0.850637
28 29 0.83760756
29 29 0.79851687
30 29 0.7715338
0 30 0.85709125
1 30 0.8664781
2 30 0.8703866
3 30 0.86865145
4 30 0.8580424
5 30 0.8441352
6 30 0.8235861
7 30 0.80684143
8 30 0.8044066
9 30 0.8069508
10 30 0.80656165
11 30 0.80653554
12 30 0.8002737
13 30 0.8016817
14 30 0.82319665
15 30 0.8281201
16 30 0.83532476
17 30 0.824893
18 30 0.81179047
19 30 0.81887925
20 30 0.821015
21 30 0.8305454
22 30 0.8246371
23 30 0.8309419
24 30 0.814678
25 30 0.78596854
26 30 0.74427015
27 30 0.723295
28 30 0.7000776
29 30 0.66945165
30 30 0.63536274
