0 0 0.56891376
1 0 0.5689238
2 0 0.56894696
3 0 0.5687614
4 0 0.5688307
5 0 0.56877285
6 0 0.5688136
7 0 0.5688044
8 0 0.56894207
9 0 0.5691
10 0 0.5687614
11 0 0.5687416
12 0 0.5687641
13 0 0.56893647
14 0 0.56903315
15 0 0.5691474
16 0 0.56921524
17 0 0.56926405
18 0 0.5693605
19 0 0.5695048
20 0 0.5696027
21 0 0.5697238
22 0 0.56974113
23 0 0.5697524
24 0 0.5697553
25 0 0.5697641
26 0 0.5698202
27 0 0.56983316
28 0 0.5698461
29 0 0.569892
30 0 0.56992257
31 0 0.56994474
32 0 0.569945
33 0 0.5699311
34 0 0.5699406
35 0 0.5699721
36 0 0.5700117
37 0 0.57007295
38 0 0.5702282
39 0 0.570245
40 0 0.57027286
41 0 0.5702773
42 0 0.57028216
43 0 0.57029337
44 0 0.57025313
45 0 0.5701684
46 0 0.570132
47 0 0.57007486
48 0 0.57005
49 0 0.56999236
50 0 0.56997454
51 0 0.56994843
52 0 0.56993306
53 0 0.5699628
54 0 0.5700046
55 0 0.57004094
56 0 0.57016695
57 0 0.570206
58 0 0.5702641
59 0 0.57030636
60 0 0.57028997
0 1 0.57363135
1 1 0.5728249
2 1 0.57234126
3 1 0.5717856
4 1 0.5714248
5 1 0.5711342
6 1 0.570809
7 1 0.5707326
8 1 0.57058465
9 1 0.5702414
10 1 0.5700287
11 1 0.56992716
12 1 0.5699071
13 1 0.57002485
14 1 0.57015616
15 1 0.570235
16 1 0.57030636
17 1 0.5704145
18 1 0.57050973
19 1 0.5706169
20 1 0.57067525
21 1 0.57073796
22 1 0.57074505
23 1 0.5707431
24 1 0.5707441
25 1 0.570747
26 1 0.570759
27 1 0.57076603
28 1 0.57078314
29 1 0.5707766
30 1 0.5707526
31 1 0.57075334
32 1 0.5707687
33 1 0.5707448
34 1 0.5707492
35 1 0.5707441
36 1 0.5707702
37 1 0.5708708
38 1 0.57094866
39 1 0.57098264
40 1 0.5709914
41 1 0.5709589
42 1 0.5708979
43 1 0.5708515
44 1 0.57091206
45 1 0.5707609
46 1 0.57075334
47 1 0.5707377
48 1 0.57073724
49 1 0.57070696
50 1 0.5706103
51 1 0.57060665
52 1 0.5706572
53 1 0.57062787
54 1 0.57072604
55 1 0.5707355
56 1 0.57075554
57 1 0.5708022
58 1 0.57093304
59 1 0.5709936
60 1 0.5709516
0 2 0.57443553
1 2 0.57371485
2 2 0.5731638
3 2 0.57274604
4 2 0.5723364
5 2 0.57196873
6 2 0.5717424
7 2 0.571634
8 2 0.5710424
9 2 0.5709394
10 2 0.57088786
11 2 0.57078046
12 2 0.57076824
13 2 0.5708989
14 2 0.5709902
15 2 0.5710678
16 2 0.57115865
17 2 0.5712282
18 2 0.57125115
19 2 0.57131344
20 2 0.5713923
21 2 0.5714536
22 2 0.5714787
23 2 0.5714875
24 2 0.5714787
25 2 0.57148165
26 2 0.57143795
27 2 0.57148945
28 2 0.57150215
29 2 0.571458
30 2 0.5714758
31 2 0.57146674
32 2 0.57142425
33 2 0.5712876
34 2 0.57139325
35 2 0.5713974
36 2 0.5714204
37 2 0.571498
38 2 0.57159173
39 2 0.5716877
40 2 0.5717353
41 2 0.571738
42 2 0.57160735
43 2 0.5714741
44 2 0.571458
45 2 0.57157415
46 2 0.5714604
47 2 0.5714101
48 2 0.5713081
49 2 0.57126045
50 2 0.57125163
51 2 0.5712595
52 2 0.57126385
53 2 0.57127094
54 2 0.57130855
55 2 0.5713366
56 2 0.5713859
57 2 0.57152313
58 2 0.5715363
59 2 0.5716928
60 2 0.5716977
0 3 0.5749019
1 3 0.57415134
2 3 0.57366115
3 3 0.5731899
4 3 0.57281905
5 3 0.5726306
6 3 0.5722661
7 3 0.57201606
8 3 0.5717441
9 3 0.57156926
10 3 0.5714433
11 3 0.5713823
12 3 0.57148236
13 3 0.5716059
14 3 0.57170796
15 3 0.5717358
16 3 0.5717639
17 3 0.57178855
18 3 0.57182616
19 3 0.5719741
20 3 0.5718232
21 3 0.57198167
22 3 0.5720141
23 3 0.57204807
24 3 0.57203805
25 3 0.5720114
26 3 0.57201314
27 3 0.57198215
28 3 0.5719997
29 3 0.57201266
30 3 0.57196724
31 3 0.5720652
32 3 0.5721152
33 3 0.57210886
34 3 0.57199115
35 3 0.57206273
36 3 0.5721833
37 3 0.5722434
38 3 0.57226264
39 3 0.57226753
40 3 0.57229245
41 3 0.5723125
42 3 0.5722756
43 3 0.5722148
44 3 0.5721589
45 3 0.57205516
46 3 0.5720014
47 3 0.5718452
48 3 0.5718354
49 3 0.57180417
50 3 0.57178414
51 3 0.5717856
52 3 0.57177657
53 3 0.5718078
54 3 0.5718481
55 3 0.57189155
56 3 0.5719555
57 3 0.5719951
58 3 0.5721025
59 3 0.5722026
60 3 0.57222456
0 4 0.57541454
1 4 0.57471585
2 4 0.57413405
3 4 0.57374585
4 4 0.5732961
5 4 0.57302463
6 4 0.5727558
7 4 0.572476
8 4 0.5721223
9 4 0.57197654
10 4 0.57192624
11 4 0.5718967
12 4 0.5719975
13 4 0.57206833
14 4 0.5721704
15 4 0.57223994
16 4 0.5722504
17 4 0.572311
18 4 0.5723457
19 4 0.572456
20 4 0.5724843
21 4 0.5725139
22 4 0.57253754
23 4 0.57254463
24 4 0.5725471
25 4 0.57255906
26 4 0.5725105
27 4 0.5724555
28 4 0.5724255
29 4 0.57247895
30 4 0.57246506
31 4 0.5724985
32 4 0.5725097
33 4 0.57249606
34 4 0.57249606
35 4 0.57254
36 4 0.57260346
37 4 0.57271796
38 4 0.57274556
39 4 0.57275
40 4 0.57282686
41 4 0.57276094
42 4 0.5727539
43 4 0.5727475
44 4 0.5727402
45 4 0.5727097
46 4 0.57264525
47 4 0.57252413
48 4 0.5724887
49 4 0.5724384
50 4 0.57239205
51 4 0.5723593
52 4 0.5723657
53 4 0.57239765
54 4 0.5724428
55 4 0.5725295
56 4 0.5726467
57 4 0.57273144
58 4 0.57275534
59 4 0.5727495
60 4 0.5728232
0 5 0.57558155
1 5 0.57480663
2 5 0.57435155
3 5 0.5739739
4 5 0.5737476
5 5 0.57347506
6 5 0.57320577
7 5 0.5727712
8 5 0.5726499
9 5 0.5724809
10 5 0.5724028
11 5 0.57238007
12 5 0.5724533
13 5 0.57255346
14 5 0.57266796
15 5 0.57273334
16 5 0.5727451
17 5 0.5727509
18 5 0.5727883
19 5 0.5728613
20 5 0.5729282
21 5 0.57293946
22 5 0.572968
23 5 0.5730195
24 5 0.5729995
25 5 0.57298875
26 5 0.5730273
27 5 0.5730705
28 5 0.57305
29 5 0.5730815
30 5 0.57304615
31 5 0.5730283
32 5 0.5730005
33 5 0.5729985
34 5 0.5729807
35 5 0.5729883
36 5 0.5730774
37 5 0.5731667
38 5 0.573208
39 5 0.5732495
40 5 0.57327
41 5 0.57325196
42 5 0.57323605
43 5 0.5732097
44 5 0.57307833
45 5 0.5729912
46 5 0.57296336
47 5 0.5728144
48 5 0.5727861
49 5 0.5727558
50 5 0.5727475
51 5 0.57274705
52 5 0.57271606
53 5 0.57273436
54 5 0.5727475
55 5 0.57275045
56 5 0.57280904
57 5 0.5728823
58 5 0.5729673
59 5 0.57301563
60 5 0.5730547
0 6 0.5760137
1 6 0.5752632
2 6 0.57482034
3 6 0.57455176
4 6 0.57421094
5 6 0.5738606
6 6 0.5737092
7 6 0.5734851
8 6 0.5732568
9 6 0.5730329
10 6 0.57295334
11 6 0.5729099
12 6 0.57299024
13 6 0.57303953
14 6 0.57307935
15 6 0.57308346
16 6 0.57316136
17 6 0.5732324
18 6 0.5732485
19 6 0.5732676
20 6 0.57327706
21 6 0.57328343
22 6 0.5733435
23 6 0.5734067
24 6 0.5733686
25 6 0.57333565
26 6 0.57333106
27 6 0.57330394
28 6 0.5733098
29 6 0.57326466
30 6 0.57326025
31 6 0.5732471
32 6 0.5732441
33 6 0.57324654
34 6 0.5732324
35 6 0.57318336
36 6 0.5732837
37 6 0.57340646
38 6 0.57346874
39 6 0.5734492
40 6 0.5735588
41 6 0.57353026
42 6 0.5734353
43 6 0.573457
44 6 0.57338035
45 6 0.57328296
46 6 0.57325095
47 6 0.5731533
48 6 0.5730464
49 6 0.5730598
50 6 0.57297945
51 6 0.5729367
52 6 0.57289624
53 6 0.5728852
54 6 0.5729184
55 6 0.57295185
56 6 0.57300144
57 6 0.5731086
58 6 0.5732322
59 6 0.57325387
60 6 0.57328147
0 7 0.57655275
1 7 0.5758709
2 7 0.57541895
3 7 0.5752273
4 7 0.57494384
5 7 0.5747527
6 7 0.57440674
7 7 0.57417774
8 7 0.5737695
9 7 0.5736333
10 7 0.573532
11 7 0.5735339
12 7 0.57369995
13 7 0.57371485
14 7 0.57373947
15 7 0.57374996
16 7 0.5737551
17 7 0.57378566
18 7 0.5738149
19 7 0.5738931
20 7 0.5739343
21 7 0.5739651
22 7 0.5739885
23 7 0.57399976
24 7 0.5739922
25 7 0.5739929
26 7 0.57399976
27 7 0.5739985
28 7 0.57396775
29 7 0.57397926
30 7 0.5739526
31 7 0.5739004
32 7 0.5738496
33 7 0.57384104
34 7 0.57382643
35 7 0.5738723
36 7 0.57391405
37 7 0.5739912
38 7 0.57408226
39 7 0.5741611
40 7 0.57420164
41 7 0.57413256
42 7 0.57415867
43 7 0.57415575
44 7 0.57405245
45 7 0.5739802
46 7 0.5738105
47 7 0.57375634
48 7 0.5737534
49 7 0.5737273
50 7 0.57362473
51 7 0.5734939
52 7 0.5734372
53 7 0.57341695
54 7 0.57346606
55 7 0.5735024
56 7 0.5736421
57 7 0.5736804
58 7 0.57375073
59 7 0.5737759
60 7 0.5738296
0 8 0.5769873
1 8 0.57636625
2 8 0.57599807
3 8 0.5757446
4 8 0.5754048
5 8 0.57504445
6 8 0.57474685
7 8 0.5743696
8 8 0.57423776
9 8 0.57408327
10 8 0.5740268
11 8 0.5740361
12 8 0.57407004
13 8 0.57410204
14 8 0.574145
15 8 0.57418066
16 8 0.574209
17 8 0.57424265
18 8 0.57426685
19 8 0.5743003
20 8 0.57434106
21 8 0.57436305
22 8 0.57438207
23 8 0.5743767
24 8 0.574375
25 8 0.5743669
26 8 0.5743733
27 8 0.57438844
28 8 0.57437986
29 8 0.57435304
30 8 0.57433444
31 8 0.5743042
32 8 0.57426953
33 8 0.57427293
34 8 0.57426125
35 8 0.57428366
36 8 0.5743342
37 8 0.57444215
38 8 0.57457423
39 8 0.5746963
40 8 0.57474047
41 8 0.57474583
42 8 0.57473826
43 8 0.574721
44 8 0.57466453
45 8 0.57453126
46 8 0.574396
47 8 0.5743125
48 8 0.57423925
49 8 0.574115
50 8 0.57399535
51 8 0.57392335
52 8 0.5738457
53 8 0.5738254
54 8 0.57382005
55 8 0.573875
56 8 0.57397044
57 8 0.57409644
58 8 0.5742124
59 8 0.5742656
60 8 0.57431346
0 9 0.57776374
1 9 0.5770435
2 9 0.5767427
3 9 0.5763235
4 9 0.5760413
5 9 0.57570314
6 9 0.5751909
7 9 0.57477635
8 9 0.5746985
9 9 0.57453465
10 9 0.5744883
11 9 0.57448584
12 9 0.5745222
13 9 0.57458496
14 9 0.5746226
15 9 0.5746431
16 9 0.57468945
17 9 0.5747117
18 9 0.5747407
19 9 0.574752
20 9 0.57475805
21 9 0.57477075
22 9 0.5747893
23 9 0.5747817
24 9 0.57479393
25 9 0.5747888
26 9 0.57478124
27 9 0.57476175
28 9 0.57475585
29 9 0.5747473
30 9 0.57475096
31 9 0.5747478
32 9 0.5747388
33 9 0.5747444
34 9 0.5747444
35 9 0.57474685
36 9 0.5747544
37 9 0.5748042
38 9 0.5749014
39 9 0.5749729
40 9 0.5750371
41 9 0.5750237
42 9 0.5749627
43 9 0.57501614
44 9 0.57497144
45 9 0.57487625
46 9 0.57476145
47 9 0.5747493
48 9 0.5747217
49 9 0.5745952
50 9 0.57446605
51 9 0.5743574
52 9 0.5743164
53 9 0.57432324
54 9 0.5743674
55 9 0.5744458
56 9 0.5745937
57 9 0.5747168
58 9 0.5747527
59 9 0.5748279
60 9 0.57491946
0 10 0.5782708
1 10 0.5777098
2 10 0.57720417
3 10 0.57677764
4 10 0.5763821
5 10 0.5759058
6 10 0.57541674
7 10 0.57515234
8 10 0.5749683
9 10 0.5749507
10 10 0.5749873
11 10 0.57500464
12 10 0.57502395
13 10 0.57504934
14 10 0.5751323
15 10 0.57520556
16 10 0.5752456
17 10 0.5752417
18 10 0.5751963
19 10 0.575283
20 10 0.5753489
21 10 0.57538086
22 10 0.57536256
23 10 0.57536525
24 10 0.57537186
25 10 0.57538307
26 10 0.57534325
27 10 0.57533354
28 10 0.57525784
29 10 0.57525927
30 10 0.5752488
31 10 0.5752478
32 10 0.57521415
33 10 0.5751958
34 10 0.57520556
35 10 0.5752327
36 10 0.57525367
37 10 0.57528126
38 10 0.5753174
39 10 0.5755296
40 10 0.57556444
41 10 0.5755613
42 10 0.5755608
43 10 0.57555175
44 10 0.5754585
45 10 0.57542753
46 10 0.5752532
47 10 0.57525295
48 10 0.5751233
49 10 0.57500637
50 10 0.5748999
51 10 0.5747798
52 10 0.57475513
53 10 0.5747495
54 10 0.57475096
55 10 0.57475513
56 10 0.574781
57 10 0.57490504
58 10 0.5749922
59 10 0.5750498
60 10 0.57524633
0 11 0.578765
1 11 0.578087
2 11 0.57763284
3 11 0.5771514
4 11 0.57677615
5 11 0.5763462
6 11 0.57597905
7 11 0.57571924
8 11 0.57538307
9 11 0.5752898
10 11 0.57532716
11 11 0.5753345
12 11 0.57536477
13 11 0.5753933
14 11 0.5754419
15 11 0.5754414
16 11 0.57552713
17 11 0.57569313
18 11 0.57574517
19 11 0.5757593
20 11 0.5757832
21 11 0.5757871
22 11 0.5758186
23 11 0.5757864
24 11 0.57577515
25 11 0.5757532
26 11 0.57575077
27 11 0.57568485
28 11 0.57559913
29 11 0.5755242
30 11 0.5754717
31 11 0.57533985
32 11 0.5753445
33 11 0.5752764
34 11 0.5753848
35 11 0.57540506
36 11 0.575471
37 11 0.57560086
38 11 0.5757022
39 11 0.57574564
40 11 0.57575464
41 11 0.5757564
42 11 0.5757581
43 11 0.5757527
44 11 0.5757105
45 11 0.57562035
46 11 0.5754546
47 11 0.5753252
48 11 0.57524437
49 11 0.57513624
50 11 0.57503027
51 11 0.574907
52 11 0.5747988
53 11 0.57478076
54 11 0.5747837
55 11 0.57479393
56 11 0.5748574
57 11 0.5749834
58 11 0.57503563
59 11 0.5752251
60 11 0.5752483
0 12 0.5787113
1 12 0.5780044
2 12 0.5776651
3 12 0.57726324
4 12 0.5769822
5 12 0.5767471
6 12 0.576261
7 12 0.5759014
8 12 0.5757551
9 12 0.5757276
10 12 0.57574975
11 12 0.575761
12 12 0.57583743
13 12 0.5758591
14 12 0.575927
15 12 0.57599145
16 12 0.5760203
17 12 0.57599634
18 12 0.5760769
19 12 0.57618165
20 12 0.57623535
21 12 0.57623637
22 12 0.57621634
23 12 0.57618093
24 12 0.5761055
25 12 0.5760398
26 12 0.5759785
27 12 0.57590675
28 12 0.57583696
29 12 0.57576025
30 12 0.5757517
31 12 0.57574075
32 12 0.57572925
33 12 0.57568604
34 12 0.5757332
35 12 0.57573515
36 12 0.57575345
37 12 0.57577664
38 12 0.5758994
39 12 0.5759771
40 12 0.5760166
41 12 0.57604396
42 12 0.5760484
43 12 0.5759712
44 12 0.5758745
45 12 0.5758018
46 12 0.5757527
47 12 0.5757041
48 12 0.5754634
49 12 0.57536477
50 12 0.57527614
51 12 0.57518655
52 12 0.5750815
53 12 0.5750581
54 12 0.57505006
55 12 0.57509476
56 12 0.57519436
57 12 0.5752722
58 12 0.57532763
59 12 0.5754688
60 12 0.5756062
0 13 0.5787369
1 13 0.5780264
2 13 0.57746834
3 13 0.5770855
4 13 0.57678443
5 13 0.576554
6 13 0.57619876
7 13 0.57583547
8 13 0.57573974
9 13 0.57562304
10 13 0.57567704
11 13 0.57572514
12 13 0.57575077
13 13 0.57576126
14 13 0.5757952
15 13 0.57585645
16 13 0.5758999
17 13 0.5758865
18 13 0.57600635
19 13 0.5761184
20 13 0.576187
21 13 0.57622266
22 13 0.5761729
23 13 0.5761685
24 13 0.5761255
25 13 0.57611036
26 13 0.57603395
27 13 0.5759539
28 13 0.57583255
29 13 0.5757671
30 13 0.57576394
31 13 0.5757559
32 13 0.5757551
33 13 0.5757578
34 13 0.5757566
35 13 0.57577735
36 13 0.5758526
37 13 0.57600224
38 13 0.5760967
39 13 0.57620436
40 13 0.57625073
41 13 0.5762535
42 13 0.5762451
43 13 0.5760938
44 13 0.57605714
45 13 0.57594854
46 13 0.5758152
47 13 0.57574075
48 13 0.57565504
49 13 0.5755127
50 13 0.5753762
51 13 0.5752766
52 13 0.575189
53 13 0.57519776
54 13 0.57527786
55 13 0.57530665
56 13 0.5754214
57 13 0.5755352
58 13 0.57573366
59 13 0.5757898
60 13 0.57587576
0 14 0.5787742
1 14 0.5781436
2 14 0.57774836
3 14 0.5772105
4 14 0.57693
5 14 0.57673734
6 14 0.5762996
7 14 0.5760225
8 14 0.5757913
9 14 0.57575125
10 14 0.5757551
11 14 0.5757815
12 14 0.57588285
13 14 0.57596046
14 14 0.5759717
15 14 0.5759969
16 14 0.576023
17 14 0.5760957
18 14 0.5762061
19 14 0.57623345
20 14 0.57626617
21 14 0.5762796
22 14 0.57628226
23 14 0.5762681
24 14 0.57623637
25 14 0.57623976
26 14 0.576197
27 14 0.57606816
28 14 0.57598853
29 14 0.5758399
30 14 0.5758203
31 14 0.5757632
32 14 0.57575464
33 14 0.5757549
34 14 0.5757551
35 14 0.57582104
36 14 0.57593364
37 14 0.57601637
38 14 0.57606983
39 14 0.5762266
40 14 0.57625735
41 14 0.5762654
42 14 0.57623047
43 14 0.5762183
44 14 0.5760938
45 14 0.57599366
46 14 0.57586354
47 14 0.575794
48 14 0.5757495
49 14 0.57569313
50 14 0.57550466
51 14 0.57536477
52 14 0.57527685
53 14 0.5752671
54 14 0.5752722
55 14 0.575303
56 14 0.5753665
57 14 0.57560086
58 14 0.5757537
59 14 0.57581156
60 14 0.5759615
0 15 0.57891166
1 15 0.57827985
2 15 0.5778206
3 15 0.5774776
4 15 0.5771663
5 15 0.57678276
6 15 0.57642215
7 15 0.57616943
8 15 0.57594556
9 15 0.5758364
10 15 0.5758914
11 15 0.5759507
12 15 0.57599366
13 15 0.5760308
14 15 0.5761182
15 15 0.5761504
16 15 0.57618314
17 15 0.5762329
18 15 0.57626665
19 15 0.57631326
20 15 0.57637674
21 15 0.5764063
22 15 0.57639796
23 15 0.5763382
24 15 0.5763313
25 15 0.5762854
26 15 0.5762456
27 15 0.57617116
28 15 0.57609916
29 15 0.57602394
30 15 0.5759192
31 15 0.57582545
32 15 0.5758147
33 15 0.5757881
34 15 0.5758286
35 15 0.57589746
36 15 0.57602346
37 15 0.57616484
38 15 0.5762075
39 15 0.5762659
40 15 0.576272
41 15 0.5762764
42 15 0.5762627
43 15 0.5762359
44 15 0.5761304
45 15 0.57605225
46 15 0.57596636
47 15 0.5758638
48 15 0.57576054
49 15 0.57564896
50 15 0.5755684
51 15 0.57544386
52 15 0.57536083
53 15 0.57533157
54 15 0.5753445
55 15 0.5754309
56 15 0.5755318
57 15 0.5757471
58 15 0.5758113
59 15 0.57602614
60 15 0.57614434
0 16 0.57952476
1 16 0.5788753
2 16 0.57838875
3 16 0.5780298
4 16 0.5776331
5 16 0.57705617
6 16 0.5767539
7 16 0.5764607
8 16 0.5762891
9 16 0.5762903
10 16 0.5763565
11 16 0.5764966
12 16 0.5765618
13 16 0.57665944
14 16 0.57664603
15 16 0.57661724
16 16 0.57667536
17 16 0.57672805
18 16 0.5767344
19 16 0.5767569
20 16 0.57676077
21 16 0.57675934
22 16 0.5767574
23 16 0.5767461
24 16 0.5767139
25 16 0.5765552
26 16 0.57644045
27 16 0.5763277
28 16 0.5762605
29 16 0.5761355
30 16 0.5759905
31 16 0.5758902
32 16 0.5758584
33 16 0.57581913
34 16 0.5758555
35 16 0.5759431
36 16 0.57601833
37 16 0.57611895
38 16 0.5762246
39 16 0.5762571
40 16 0.5762427
41 16 0.5762095
42 16 0.57613677
43 16 0.57605886
44 16 0.5759834
45 16 0.57594436
46 16 0.57587284
47 16 0.5757737
48 16 0.57575417
49 16 0.57564014
50 16 0.57558936
51 16 0.5754683
52 16 0.57539356
53 16 0.5754321
54 16 0.57547754
55 16 0.5755325
56 16 0.5756992
57 16 0.57576174
58 16 0.5759353
59 16 0.5760266
60 16 0.57622856
0 17 0.5792552
1 17 0.5787086
2 17 0.5782066
3 17 0.57777154
4 17 0.57731694
5 17 0.57698685
6 17 0.5767447
7 17 0.5764434
8 17 0.5763106
9 17 0.57635987
10 17 0.576428
11 17 0.57644314
12 17 0.5765015
13 17 0.57650393
14 17 0.5765462
15 17 0.5765706
16 17 0.576604
17 17 0.5765694
18 17 0.5765862
19 17 0.57665825
20 17 0.5767
21 17 0.5767166
22 17 0.5767256
23 17 0.5766783
24 17 0.57663333
25 17 0.5766089
26 17 0.5764932
27 17 0.5763653
28 17 0.57626516
29 17 0.5762183
30 17 0.5760513
31 17 0.57596636
32 17 0.57588696
33 17 0.5758821
34 17 0.57591337
35 17 0.5759629
36 17 0.5760352
37 17 0.57609624
38 17 0.5761692
39 17 0.576127
40 17 0.5761194
41 17 0.5760342
42 17 0.5759863
43 17 0.5759099
44 17 0.57586354
45 17 0.57583106
46 17 0.5757786
47 17 0.57575953
48 17 0.5757537
49 17 0.5756441
50 17 0.5755591
51 17 0.5754185
52 17 0.57541335
53 17 0.5754517
54 17 0.5755032
55 17 0.5756455
56 17 0.5757503
57 17 0.57582206
58 17 0.5759585
59 17 0.5760928
60 17 0.57625514
0 18 0.579097
1 18 0.57851493
2 18 0.578127
3 18 0.57780105
4 18 0.57735133
5 18 0.5769739
6 18 0.57675445
7 18 0.57650006
8 18 0.57643485
9 18 0.5764527
10 18 0.57657325
11 18 0.5767264
12 18 0.5767354
13 18 0.5767481
14 18 0.57673293
15 18 0.57673097
16 18 0.5767249
17 18 0.5767515
18 18 0.5767549
19 18 0.57676077
20 18 0.57676494
21 18 0.57677764
22 18 0.5767652
23 18 0.5767549
24 18 0.57674515
25 18 0.5766304
26 18 0.576439
27 18 0.5763565
28 18 0.5762388
29 18 0.5759947
30 18 0.5757708
31 18 0.57573074
32 18 0.5755918
33 18 0.57550466
34 18 0.5747739
35 18 0.57516116
36 18 0.575336
37 18 0.57569045
38 18 0.5743745
39 18 0.5752385
40 18 0.5754375
41 18 0.57541895
42 18 0.5752876
43 18 0.20076625
44 18 0.46090305
45 18 0.50545084
46 18 0.5222707
47 18 0.5325084
48 18 0.53966254
49 18 0.54494095
50 18 0.54896885
51 18 0.5521769
52 18 0.55518454
53 18 0.55722094
54 18 0.5588889
55 18 0.5603733
56 18 0.56170243
57 18 0.56280327
58 18 0.56382793
59 18 0.5647496
60 18 0.5655414
0 19 0.5704699
1 19 0.5703354
2 19 0.570476
3 19 0.57056344
4 19 0.5705956
5 19 0.57047457
6 19 0.57026386
7 19 0.57012177
8 19 0.57004535
9 19 0.5701581
10 19 0.57031316
11 19 0.5707448
12 19 0.5709553
13 19 0.57129586
14 19 0.5714545
15 19 0.57161003
16 19 0.57174945
17 19 0.5719062
18 19 0.5721562
19 19 0.57231146
20 19 0.57246333
21 19 0.5725876
22 19 0.5726675
23 19 0.5726569
24 19 0.57265234
25 19 0.57262546
26 19 0.57254463
27 19 0.57244086
28 19 0.57230175
29 19 0.5722114
30 19 0.57204926
31 19 0.57187814
32 19 0.57186204
33 19 0.5719858
34 19 0.5722109
35 19 0.5723811
36 19 0.5726677
37 19 0.57274264
38 19 0.5727524
39 19 0.5727446
40 19 0.57273823
41 19 0.57272947
42 19 0.5727407
43 19 0.57275
44 19 0.57276195
45 19 0.3791989
46 19 0.49837115
47 19 0.5292923
48 19 0.5410881
49 19 0.54782087
50 19 0.552476
51 19 0.555748
52 19 0.5581616
53 19 0.5601077
54 19 0.5618684
55 19 0.5631236
56 19 0.5642596
57 19 0.5652108
58 19 0.56596935
59 19 0.5667606
60 19 0.5673969
0 20 0.5714113
1 20 0.57087934
2 20 0.5702287
3 20 0.57022774
4 20 0.5703044
5 20 0.56905925
6 20 0.5683456
7 20 0.56835926
8 20 0.5685031
9 20 0.56874746
10 20 0.5691552
11 20 0.569423
12 20 0.56978387
13 20 0.57013375
14 20 0.5703361
15 20 0.5706894
16 20 0.57077754
17 20 0.57099116
18 20 0.57124114
19 20 0.5714233
20 20 0.571706
21 20 0.5717375
22 20 0.5717541
23 20 0.57178414
24 20 0.5718044
25 20 0.57176363
26 20 0.57174754
27 20 0.5716821
28 20 0.5714172
29 20 0.57123065
30 20 0.55736303
31 20 0.565484
32 20 0.56822646
33 20 0.5688715
34 20 0.56783044
35 20 0.56505847
36 20 0.5682834
37 20 0.5694838
38 20 0.56983197
39 20 0.57002777
40 20 0.57034856
41 20 0.57053655
42 20 0.57074434
43 20 0.5708376
44 20 0.5709438
45 20 0.57092524
46 20 0.5710502
47 20 0.55120206
48 20 0.5634937
49 20 0.566213
50 20 0.56753653
51 20 0.5682765
52 20 0.5688412
53 20 0.5693134
54 20 0.5697714
55 20 0.57019013
56 20 0.5705029
57 20 0.5707871
58 20 0.5711567
59 20 0.5713964
60 20 0.5716992
0 21 0.5723437
1 21 0.5723982
2 21 0.5725332
3 21 0.57267624
4 21 0.572476
5 21 0.5721513
6 21 0.57194525
7 21 0.57175535
8 21 0.57172555
9 21 0.5717148
10 21 0.5717478
11 21 0.57196724
12 21 0.57221824
13 21 0.5723054
14 21 0.57247555
15 21 0.5726308
16 21 0.57263863
17 21 0.57273924
18 21 0.57279587
19 21 0.5729765
20 21 0.5730593
21 21 0.57308424
22 21 0.5730869
23 21 0.57298875
24 21 0.5729133
25 21 0.57277197
26 21 0.5727107
27 21 0.5724492
28 21 0.15428606
29 21 0.42567202
30 21 0.48180962
31 21 0.5026781
32 21 0.51494
33 21 0.5236401
34 21 0.53177476
35 21 0.53690594
36 21 0.5410361
37 21 0.5439312
38 21 0.54655915
39 21 0.5477291
40 21 0.55012655
41 21 0.5519562
42 21 0.5536154
43 21 0.5541735
44 21 0.5547004
45 21 0.5568479
46 21 0.55766773
47 21 0.54821026
48 21 0.49224654
49 21 0.52915215
50 21 0.5391604
51 21 0.54452103
52 21 0.5480682
53 21 0.55072546
54 21 0.5527631
55 21 0.55444306
56 21 0.5558847
57 21 0.5573269
58 21 0.5584097
59 21 0.55932176
60 21 0.5601746
0 22 0.5620071
1 22 0.5627254
2 22 0.56325346
3 22 0.56374764
4 22 0.5642039
5 22 0.5643841
6 22 0.5645191
7 22 0.56444
8 22 0.5643182
9 22 0.56425375
10 22 0.56442
11 22 0.5647352
12 22 0.5650316
13 22 0.565245
14 22 0.5654686
15 22 0.5657606
16 22 0.56602865
17 22 0.56624573
18 22 0.56644595
19 22 0.56675893
20 22 0.566943
21 22 0.5670343
22 22 0.56716835
23 22 0.5672316
24 22 0.56718546
25 22 0.56716394
26 22 0.56701064
27 22 0.38308984
28 22 0.4698031
29 22 0.49669877
30 22 0.52152675
31 22 0.5321453
32 22 0.5385031
33 22 0.5433269
34 22 0.5469454
35 22 0.30389917
36 22 0.23133947
37 22 0.37809637
38 22 0.42411953
39 22 0.44606102
40 22 0.46199048
41 22 0.47466156
42 22 0.48473692
43 22 0.49312693
44 22 0.5001368
45 22 0.505891
46 22 0.51063156
47 22 0.5150601
48 22 0.5197606
49 22 0.52303874
50 22 0.5258682
51 22 0.5283262
52 22 0.53051424
53 22 0.53246593
54 22 0.5341698
55 22 0.53577286
56 22 0.5372045
57 22 0.5386757
58 22 0.53996795
59 22 0.5414006
60 22 0.5426338
0 23 0.54460233
1 23 0.5459825
2 23 0.547149
3 23 0.5478797
4 23 0.5482403
5 23 0.548711
6 23 0.54826134
7 23 0.54818416
8 23 0.54869246
9 23 0.5491876
10 23 0.5497706
11 23 0.5504923
12 23 0.55112
13 23 0.5516803
14 23 0.5521769
15 23 0.55268157
16 23 0.5529965
17 23 0.55347234
18 23 0.5538151
19 23 0.55432487
20 23 0.5548
21 23 0.555228
22 23 0.55567795
23 23 0.5559328
24 23 0.5562246
25 23 0.5565158
26 23 0.55672675
27 23 0.5568833
28 23 0.5568933
29 23 0.5568066
30 23 0.5567441
31 23 0.55673486
32 23 0.5569348
33 23 0.5572497
34 23 0.55777025
35 23 0.55833155
36 23 -0.0011067063
37 23 0.25293088
38 23 0.37456897
39 23 0.41427857
40 23 0.4418073
41 23 0.45764568
42 23 0.47016978
43 23 0.48034596
44 23 0.48863077
45 23 0.49529907
46 23 0.5008451
47 23 0.5058251
48 23 0.51054347
49 23 0.514314
50 23 0.51759654
51 23 0.52093154
52 23 0.523446
53 23 0.52559495
54 23 0.5275598
55 23 0.5292781
56 23 0.5309007
57 23 0.5324217
58 23 0.5337867
59 23 0.53509486
60 23 0.5365429
0 24 0.53898966
1 24 0.54060763
2 24 0.54181737
3 24 0.54272264
4 24 0.5429114
5 24 0.54322267
6 24 0.54304224
7 24 0.5430574
8 24 0.5436675
9 24 0.5442566
10 24 0.5448831
11 24 0.54552424
12 24 0.546105
13 24 0.5466949
14 24 0.54714364
15 24 0.54765683
16 24 0.54806066
17 24 0.54848665
18 24 0.5488944
19 24 0.5493861
20 24 0.5497921
21 24 0.55020666
22 24 0.5505922
23 24 0.55088586
24 24 0.5512062
25 24 0.55144596
26 24 0.551705
27 24 0.55181116
28 24 0.5518446
29 24 0.5518236
30 24 0.55176604
31 24 0.55177796
32 24 0.5519457
33 24 0.5523881
34 24 0.55279726
35 24 0.0051638973
36 24 -0.0018769818
37 24 0.2448785
38 24 0.33530444
39 24 0.37496617
40 24 0.40076566
41 24 0.4231544
42 24 0.4377357
43 24 0.4496551
44 24 -0.0010136873
45 24 0.1696874
46 24 0.3176589
47 24 0.36033484
48 24 0.38731915
49 24 0.4063817
50 24 0.4211959
51 24 0.43342754
52 24 0.4454619
53 24 0.4539796
54 24 0.46130002
55 24 0.4677662
56 24 0.47350383
57 24 0.47850877
58 24 0.4830235
59 24 0.48707533
60 24 0.4907038
0 25 0.50135654
1 25 0.50515664
2 25 0.508184
3 25 0.5107048
4 25 0.51272535
5 25 0.5144681
6 25 0.51502985
7 25 0.5149503
8 25 0.51575005
9 25 0.5171285
10 25 0.51854163
11 25 0.52000016
12 25 0.52117497
13 25 0.52234465
14 25 0.5235192
15 25 0.5245774
16 25 0.52550024
17 25 0.5264111
18 25 0.52725416
19 25 0.528155
20 25 0.5289395
21 25 0.52969414
22 25 0.5306175
23 25 0.5311888
24 25 0.5318238
25 25 0.5324046
26 25 0.5328016
27 25 0.5331722
28 25 0.53360754
29 25 0.5338241
30 25 0.5341124
31 25 0.53434217
32 25 0.5347926
33 25 0.5352626
34 25 0.53492516
35 25 0.5361586
36 25 0.5368864
37 25 0.5375707
38 25 0.5376789
39 25 0.5376738
40 25 0.5378188
41 25 0.538257
42 25 0.53888226
43 25 0.5396193
44 25 0.5399184
45 25 0.5397754
46 25 0.5398381
47 25 0.5402172
48 25 0.54065037
49 25 0.5408403
50 25 0.5409912
51 25 0.5413237
52 25 0.54169655
53 25 0.5419634
54 25 0.54220456
55 25 0.5426411
56 25 0.54275876
57 25 0.54312307
58 25 0.5434497
59 25 0.54369336
60 25 0.5439529
0 26 0.5270508
1 26 0.53171563
2 26 0.53436166
3 26 0.5363498
4 26 0.5378593
5 26 0.5389726
6 26 0.5396184
7 26 0.5390063
8 26 0.53962034
9 26 0.5403569
10 26 0.5411621
11 26 0.54183936
12 26 0.54250294
13 26 0.5430979
14 26 0.5436873
15 26 0.5440838
16 26 0.5445152
17 26 0.544836
18 26 0.54521686
19 26 0.54567146
20 26 0.54596096
21 26 0.54622954
22 26 0.5466231
23 26 0.54675055
24 26 0.54697883
25 26 0.5471788
26 26 0.5472188
27 26 0.54724765
28 26 0.54733086
29 26 0.5474068
30 26 0.54740435
31 26 0.54742634
32 26 0.54757553
33 26 0.5477159
34 26 0.548045
35 26 0.5486842
36 26 0.5491488
37 26 0.5496471
38 26 0.54972374
39 26 0.5496893
40 26 0.5496544
41 26 0.54968905
42 26 0.54974425
43 26 0.55003893
44 26 0.5502472
45 26 0.5504069
46 26 0.5503712
47 26 0.54796666
48 26 0.54877204
49 26 0.5492379
50 26 0.5496466
51 26 0.54991513
52 26 0.55018544
53 26 0.5504425
54 26 0.5506737
55 26 0.5507794
56 26 0.5510143
57 26 0.5512687
58 26 0.5514955
59 26 0.5517123
60 26 0.55181265
0 27 0.54111254
1 27 0.5432935
2 27 0.5449158
3 27 0.5464371
4 27 0.5471915
5 27 0.5481195
6 27 0.5487096
7 27 0.5491798
8 27 0.54963607
9 27 0.5499315
10 27 0.5502359
11 27 0.5506
12 27 0.55078626
13 27 0.55104136
14 27 0.5510917
15 27 0.5509801
16 27 0.55089515
17 27 0.55090004
18 27 0.55094105
19 27 0.55115885
20 27 0.5516415
21 27 0.5517228
22 27 0.55190176
23 27 0.5520709
24 27 0.5249636
25 27 0.52926075
26 27 0.539561
27 27 0.54327196
28 27 0.5452835
29 27 0.5466878
30 27 0.5476778
31 27 0.54776204
32 27 0.54776496
33 27 0.5487091
34 27 0.54946595
35 27 0.55022275
36 27 0.55112565
37 27 0.5516554
38 27 0.5516913
39 27 0.55131996
40 27 0.5515275
41 27 0.5517282
42 27 0.55201066
43 27 0.5522323
44 27 0.5524755
45 27 0.5526945
46 27 0.5527243
47 27 0.5527687
48 27 0.552838
49 27 0.5529052
50 27 0.5529552
51 27 0.5532048
52 27 0.5532746
53 27 0.5534728
54 27 0.55368036
55 27 0.5537116
56 27 0.55378896
57 27 0.55396086
58 27 0.55407196
59 27 0.5541994
60 27 0.55422086
0 28 0.5381745
1 28 0.54155225
2 28 0.5439778
3 28 0.54577595
4 28 0.5471688
5 28 0.54823154
6 28 0.54918957
7 28 0.54980063
8 28 0.55034727
9 28 0.5507965
10 28 0.5512128
11 28 0.5516171
12 28 0.5518441
13 28 0.5521544
14 28 0.5523571
15 28 0.55235857
16 28 0.55238885
17 28 0.5523524
18 28 0.5523573
19 28 0.55239224
20 28 0.552599
21 28 0.55276406
22 28 0.55294937
23 28 0.55317056
24 28 0.5532599
25 28 0.5533615
26 28 0.55343133
27 28 0.553517
28 28 0.55362123
29 28 0.5537152
30 28 0.55377656
31 28 0.5537902
32 28 0.55382806
33 28 0.5539606
34 28 0.55422163
35 28 0.55471015
36 28 0.55454975
37 28 0.5546179
38 28 0.5552011
39 28 0.5541154
40 28 0.55445355
41 28 0.5547438
42 28 0.5551308
43 28 0.55523556
44 28 0.55529803
45 28 0.55535346
46 28 0.555363
47 28 0.5553918
48 28 0.55543816
49 28 0.5554951
50 28 0.5554804
51 28 0.5556794
52 28 0.55571675
53 28 0.55579954
54 28 0.5558752
55 28 0.5559892
56 28 0.55609447
57 28 0.55622727
58 28 0.55631757
59 28 0.5564514
60 28 0.55662304
0 29 0.54213303
1 29 0.54536283
2 29 0.54773885
3 29 0.5494017
4 29 0.5507103
5 29 0.5516942
6 29 0.55237806
7 29 0.5529489
8 29 0.5535441
9 29 0.5538896
10 29 0.55422014
11 29 0.55453485
12 29 0.5547353
13 29 0.5549565
14 29 0.55520356
15 29 0.5552746
16 29 0.55516374
17 29 0.55504656
18 29 0.55501777
19 29 0.5549941
20 29 0.5551008
21 29 0.5552202
22 29 0.5554299
23 29 0.5556682
24 29 0.5557207
25 29 0.55575657
26 29 0.55586517
27 29 0.5558769
28 29 0.55594844
29 29 0.55604
30 29 0.55621284
31 29 0.556216
32 29 0.5562465
33 29 0.5564084
34 29 0.5567224
35 29 0.55502313
36 29 0.55623657
37 29 0.5570461
38 29 0.55752367
39 29 0.5577234
40 29 0.5578816
41 29 0.5579248
42 29 0.5579619
43 29 0.55800855
44 29 0.5580505
45 29 0.5580718
46 29 0.5580993
47 29 0.55813694
48 29 0.55813843
49 29 0.5581843
50 29 0.55819726
51 29 0.55823267
52 29 0.5583389
53 29 0.5584641
54 29 0.55858254
55 29 0.55866575
56 29 0.55872047
57 29 0.5587419
58 29 0.5588059
59 29 0.5589353
60 29 0.55897146
0 30 0.5515265
1 30 0.55315226
2 30 0.55423945
3 30 0.5512057
4 30 0.55121255
5 30 0.550756
6 30 0.55226797
7 30 0.55124354
8 30 0.55275184
9 30 0.5538092
10 30 0.5527316
11 30 0.5537663
12 30 0.5542536
13 30 0.5546225
14 30 0.55329263
15 30 0.552008
16 30 0.55299526
17 30 0.55376434
18 30 0.5543097
19 30 0.5548095
20 30 0.5552507
21 30 0.5555893
22 30 0.55459493
23 30 0.5555373
24 30 0.5559538
25 30 0.55629003
26 30 0.5566926
27 30 0.5568029
28 30 0.5569314
29 30 0.557072
30 30 0.5568352
31 30 0.5558295
32 30 0.556728
33 30 0.5572024
34 30 0.5576411
35 30 0.557977
36 30 0.5583628
37 30 0.55872434
38 30 0.5589563
39 30 0.559084
40 30 0.5591314
41 30 0.55914646
42 30 0.55913454
43 30 0.5562397
44 30 0.5572905
45 30 0.5579663
46 30 0.5584224
47 30 0.5587368
48 30 0.55900514
49 30 0.5592068
50 30 0.5592471
51 30 0.55943435
52 30 0.55958325
53 30 0.5597129
54 30 0.55973125
55 30 0.5597385
56 30 0.5598147
57 30 0.5599314
58 30 0.5600115
59 30 0.5577993
60 30 0.55873877
0 31 0.5569582
1 31 0.5575012
2 31 0.5557971
3 31 0.5568642
4 31 0.557543
5 31 0.557969
6 31 0.5582771
7 31 0.5586089
8 31 0.5587327
9 31 0.5588921
10 31 0.5590098
11 31 0.559072
12 31 0.5587312
13 31 0.5586555
14 31 0.5583801
15 31 0.55790186
16 31 0.5577678
17 31 0.5579209
18 31 0.5580525
19 31 0.5582136
20 31 0.5583474
21 31 0.55860156
22 31 0.5555107
23 31 0.55728513
24 31 0.5578811
25 31 0.55826634
26 31 0.55854225
27 31 0.5587212
28 31 0.5587844
29 31 0.5589709
30 31 0.55911744
31 31 0.5592175
32 31 0.55924267
33 31 0.55933595
34 31 0.55952126
35 31 0.55972195
36 31 0.55989677
37 31 0.5601026
38 31 0.5602322
39 31 0.5602942
40 31 0.55627245
41 31 0.5581912
42 31 0.55899173
43 31 0.5594231
44 31 0.55972755
45 31 0.5599175
46 31 0.56016773
47 31 0.56023854
48 31 0.560365
49 31 0.5604771
50 31 0.5604934
51 31 0.56058526
52 31 0.56072193
53 31 0.56072783
54 31 0.56083864
55 31 0.5608333
56 31 0.56093824
57 31 0.56103176
58 31 0.56108135
59 31 0.5611968
60 31 0.56121343
0 32 0.56195146
1 32 0.5613897
2 32 0.56115484
3 32 0.5609871
4 32 0.5608687
5 32 0.56080055
6 32 0.56076837
7 32 0.56074756
8 32 0.5607395
9 32 0.5607332
10 32 0.5607273
11 32 0.56072634
12 32 0.5607249
13 32 0.5607244
14 32 0.55963844
15 32 0.5587307
16 32 0.5590657
17 32 0.55927855
18 32 0.559011
19 32 0.5587173
20 32 0.5587405
21 32 0.5589539
22 32 0.55914843
23 32 0.5592334
24 32 0.55938554
25 32 0.55959326
26 32 0.5597019
27 32 0.55977565
28 32 0.55994946
29 32 0.5601797
30 32 0.56027836
31 32 0.5604602
32 32 0.56069165
33 32 0.5607317
34 32 0.56079495
35 32 0.56093144
36 32 0.5610701
37 32 0.56119436
38 32 0.56128716
39 32 0.5614095
40 32 0.5569944
41 32 0.5594949
42 32 0.5603511
43 32 0.5607659
44 32 0.5610308
45 32 0.56121266
46 32 0.5613267
47 32 0.5614463
48 32 0.56163603
49 32 0.56162673
50 32 0.5616995
51 32 0.56173074
52 32 0.56176007
53 32 0.5618033
54 32 0.5618323
55 32 0.56194025
56 32 0.56201005
57 32 0.56206816
58 32 0.56215215
59 32 0.5621949
60 32 0.562158
0 33 0.5632637
1 33 0.56269735
2 33 0.5622601
3 33 0.56201446
4 33 0.56184065
5 33 0.56173295
6 33 0.56163454
7 33 0.5615284
8 33 0.5614463
9 33 0.56140727
10 33 0.5613567
11 33 0.5613262
12 33 0.56128424
13 33 0.5612664
14 33 0.56126076
15 33 0.56123906
16 33 0.561201
17 33 0.560887
18 33 0.56080645
19 33 0.5565295
20 33 0.5578269
21 33 0.55770457
22 33 0.55776906
23 33 0.55803317
24 33 0.55824465
25 33 0.5584399
26 33 0.55871385
27 33 0.55891335
28 33 0.5592295
29 33 0.5595288
30 33 0.55974364
31 33 0.5599392
32 33 0.5601761
33 33 0.56028616
34 33 0.56047
35 33 0.5607078
36 33 0.5607627
37 33 0.5609361
38 33 0.5611199
39 33 0.5612613
40 33 0.56139016
41 33 0.5615176
42 33 0.5616648
43 33 0.5616993
44 33 0.56173176
45 33 0.56175226
46 33 0.5618089
47 33 0.5619073
48 33 0.5619456
49 33 0.5619109
50 33 0.561951
51 33 0.5620086
52 33 0.56206864
53 33 0.5572456
54 33 0.5597825
55 33 0.5607322
56 33 0.5612188
57 33 0.561711
58 33 0.5619273
59 33 0.56216925
60 33 0.56226057
0 34 0.56360626
1 34 0.56287605
2 34 0.56254643
3 34 0.56225955
4 34 0.56209576
5 34 0.56192756
6 34 0.5617901
7 34 0.56172806
8 34 0.5616939
9 34 0.5616534
10 34 0.5616077
11 34 0.56153446
12 34 0.5615091
13 34 0.5614803
14 34 0.56146926
15 34 0.56144875
16 34 0.5594382
17 34 0.55829054
18 34 0.55923635
19 34 0.55963135
20 34 0.55927026
21 34 0.55951124
22 34 0.55978394
23 34 0.56008327
24 34 0.5602471
25 34 0.56045294
26 34 0.56070244
27 34 0.56084746
28 34 0.56094754
29 34 0.5612366
30 34 0.5613064
31 34 0.5615467
32 34 0.56173074
33 34 0.5618323
34 34 0.5619937
35 34 0.5621202
36 34 0.56226254
37 34 0.56242293
38 34 0.5626585
39 34 0.5627298
40 34 0.5627796
41 34 0.56280303
42 34 0.56295854
43 34 0.5629451
44 34 0.562982
45 34 0.56295735
46 34 0.5629532
47 34 0.5629266
48 34 0.56290364
49 34 0.5629295
50 34 0.56296176
51 34 0.5630574
52 34 0.5630933
53 34 0.56315804
54 34 0.5631395
55 34 0.56320244
56 34 0.5631954
57 34 0.5632405
58 34 0.55975515
59 34 0.5614817
60 34 0.56232405
0 35 0.5654769
1 35 0.5648641
2 35 0.5645384
3 35 0.5642413
4 35 0.56404454
5 35 0.5638731
6 35 0.56374395
7 35 0.563702
8 35 0.5635511
9 35 0.56343687
10 35 0.563347
11 35 0.5632513
12 35 0.5632303
13 35 0.56321055
14 35 0.563181
15 35 0.5631492
16 35 0.56310797
17 35 0.56305796
18 35 0.5630064
19 35 0.56295884
20 35 0.56292367
21 35 0.56287724
22 35 0.5596565
23 35 0.5608631
24 35 0.56172395
25 35 0.5619788
26 35 0.562077
27 35 0.5619263
28 35 0.56180155
29 35 0.5617518
30 35 0.5618125
31 35 0.5619759
32 35 0.56217486
33 35 0.56236434
34 35 0.5625555
35 35 0.5627286
36 35 0.56278646
37 35 0.56296664
38 35 0.56315386
39 35 0.56322736
40 35 0.5632977
41 35 0.56337166
42 35 0.5634498
43 35 0.563493
44 35 0.56348175
45 35 0.5634813
46 35 0.56347907
47 35 0.56347686
48 35 0.5633416
49 35 0.56340265
50 35 0.5635262
51 35 0.563629
52 35 0.5637064
53 35 0.5637303
54 35 0.56373495
55 35 0.563734
56 35 0.5637403
57 35 0.5637481
58 35 0.5637579
59 35 0.56380063
60 35 0.5637926
0 36 0.5661566
1 36 0.5653724
2 36 0.5650035
3 36 0.564766
4 36 0.5646373
5 36 0.5643949
6 36 0.56425375
7 36 0.5641893
8 36 0.5640494
9 36 0.56396323
10 36 0.56388825
11 36 0.5637933
12 36 0.5637374
13 36 0.5637288
14 36 0.5637161
15 36 0.5637034
16 36 0.56367147
17 36 0.56363094
18 36 0.5635931
19 36 0.5635174
20 36 0.5634549
21 36 0.5634334
22 36 0.56343
23 36 0.5634031
24 36 0.563432
25 36 0.5634617
26 36 0.56335455
27 36 0.56322885
28 36 0.5630106
29 36 0.56283456
30 36 0.5627757
31 36 0.56280744
32 36 0.5629266
33 36 0.56309944
34 36 0.5632264
35 36 0.5633338
36 36 0.5634869
37 36 0.56366587
38 36 0.5637352
39 36 0.56381136
40 36 0.56392854
41 36 0.5640023
42 36 0.56407845
43 36 0.5641085
44 36 0.56410724
45 36 0.5640804
46 36 0.5640902
47 36 0.5615972
48 36 0.5627039
49 36 0.5632752
50 36 0.5636766
51 36 0.56376743
52 36 0.563909
53 36 0.5640279
54 36 0.56408966
55 36 0.5641788
56 36 0.56422687
57 36 0.5642386
58 36 0.5642428
59 36 0.5642762
60 36 0.56425864
0 37 0.56566465
1 37 0.5649686
2 37 0.5646893
3 37 0.56438607
4 37 0.564223
5 37 0.5640223
6 37 0.5639298
7 37 0.5638133
8 37 0.5637496
9 37 0.5637345
10 37 0.5637183
11 37 0.561618
12 37 0.56230253
13 37 0.56273246
14 37 0.562952
15 37 0.5631387
16 37 0.56323105
17 37 0.5632513
18 37 0.5632694
19 37 0.56328374
20 37 0.5633084
21 37 0.56334114
22 37 0.56337553
23 37 0.5634207
24 37 0.56347054
25 37 0.5635648
26 37 0.56326276
27 37 0.5627049
28 37 0.56197196
29 37 0.56211674
30 37 0.5622708
31 37 0.5624461
32 37 0.5626314
33 37 0.56272835
34 37 0.56280106
35 37 0.56298494
36 37 0.5631756
37 37 0.5632623
38 37 0.56345415
39 37 0.5636688
40 37 0.56373054
41 37 0.56375766
42 37 0.56381524
43 37 0.56387436
44 37 0.5638746
45 37 0.5638797
46 37 0.56385237
47 37 0.5637984
48 37 0.5638514
49 37 0.56388384
50 37 0.56396514
51 37 0.5640194
52 37 0.56402403
53 37 0.56410265
54 37 0.5641495
55 37 0.56416124
56 37 0.5641263
57 37 0.5641417
58 37 0.5641876
59 37 0.5641932
60 37 0.56417316
0 38 0.56552476
1 38 0.5649803
2 38 0.5647342
3 38 0.5644959
4 38 0.56427574
5 38 0.5642103
6 38 0.56407213
7 38 0.5639466
8 38 0.5638631
9 38 0.5638143
10 38 0.5637684
11 38 0.5637537
12 38 0.56374276
13 38 0.56373566
14 38 0.56373614
15 38 0.5637374
16 38 0.56373984
17 38 0.5637381
18 38 0.563731
19 38 0.56373006
20 38 0.56373125
21 38 0.56373125
22 38 0.5637345
23 38 0.5637391
24 38 0.56375885
25 38 0.5637867
26 38 0.5638299
27 38 0.5637415
28 38 0.56372935
29 38 0.5629017
30 38 0.5627796
31 38 0.5628983
32 38 0.5630008
33 38 0.56314266
34 38 0.56324226
35 38 0.5634056
36 38 0.5636273
37 38 0.56372494
38 38 0.5637601
39 38 0.56381524
40 38 0.56391877
41 38 0.56399864
42 38 0.5639962
43 38 0.5640362
44 38 0.5640025
45 38 0.56399864
46 38 0.5639989
47 38 0.5639437
48 38 0.56385946
49 38 0.5613155
50 38 0.56244636
51 38 0.5631131
52 38 0.56339264
53 38 0.56358236
54 38 0.56374323
55 38 0.5638358
56 38 0.56393737
57 38 0.56404185
58 38 0.5641785
59 38 0.56420296
60 38 0.5642281
0 39 0.56565243
1 39 0.56502426
2 39 0.56474274
3 39 0.5645487
4 39 0.56431895
5 39 0.5642352
6 39 0.5641666
7 39 0.56408286
8 39 0.56401473
9 39 0.56396127
10 39 0.5638895
11 39 0.5638328
12 39 0.56379205
13 39 0.5637686
14 39 0.5637479
15 39 0.5637474
16 39 0.5637469
17 39 0.5637469
18 39 0.5637437
19 39 0.5637388
20 39 0.5637345
21 39 0.5637318
22 39 0.5637276
23 39 0.5624849
24 39 0.5613763
25 39 0.56233305
26 39 0.56292075
27 39 0.56324834
28 39 0.56342465
29 39 0.5636241
30 39 0.5637296
31 39 0.56377375
32 39 0.5638641
33 39 0.5639876
34 39 0.5637664
35 39 0.56448644
36 39 0.56374884
37 39 0.5630633
38 39 0.56298786
39 39 0.5630623
40 39 0.5631766
41 39 0.56323713
42 39 0.563377
43 39 0.5635409
44 39 0.5636829
45 39 0.5637183
46 39 0.56372344
47 39 0.563722
48 39 0.5637469
49 39 0.56379503
50 39 0.5638917
51 39 0.5639515
52 39 0.5640921
53 39 0.56419176
54 39 0.5642293
55 39 0.56422836
56 39 0.5642579
57 39 0.56427133
58 39 0.5642994
59 39 0.56430036
60 39 0.5643099
0 40 0.5655426
1 40 0.56502575
2 40 0.5647743
3 40 0.5646844
4 40 0.56446713
5 40 0.564326
6 40 0.56424373
7 40 0.5642181
8 40 0.5641556
9 40 0.5640843
10 40 0.5640216
11 40 0.563953
12 40 0.5639303
13 40 0.5639007
14 40 0.5638787
15 40 0.563878
16 40 0.5638653
17 40 0.56386435
18 40 0.56385994
19 40 0.5638348
20 40 0.5637955
21 40 0.5637669
22 40 0.5637445
23 40 0.56374395
24 40 0.56374985
25 40 0.56376594
26 40 0.56379205
27 40 0.56382746
28 40 0.5638868
29 40 0.563931
30 40 0.5639735
31 40 0.564014
32 40 0.5640448
33 40 0.5640887
34 40 0.56406134
35 40 0.5639481
36 40 0.5642274
37 40 0.5635387
38 40 0.5631585
39 40 0.5632144
40 40 0.5633089
41 40 0.56339926
42 40 0.5634412
43 40 0.5634605
44 40 0.56347764
45 40 0.56351787
46 40 0.5635726
47 40 0.56371886
48 40 0.5637391
49 40 0.56383526
50 40 0.5639393
51 40 0.56402254
52 40 0.56403404
53 40 0.5642201
54 40 0.5642335
55 40 0.564235
56 40 0.564232
57 40 0.56423885
58 40 0.5642413
59 40 0.56423885
60 40 0.56424886
0 41 0.5659769
1 41 0.5654398
2 41 0.5650572
3 41 0.5649442
4 41 0.5647484
5 41 0.5647122
6 41 0.5645936
7 41 0.5644759
8 41 0.56438804
9 41 0.5643121
10 41 0.5642674
11 41 0.5642442
12 41 0.5642293
13 41 0.5642181
14 41 0.56421566
15 41 0.56421715
16 41 0.5642201
17 41 0.5642244
18 41 0.5642308
19 41 0.56423175
20 41 0.5642279
21 41 0.5642181
22 41 0.5642074
23 41 0.56419516
24 41 0.564191
25 41 0.56420785
26 41 0.5642257
27 41 0.5642337
28 41 0.5642484
29 41 0.5642762
30 41 0.5643241
31 41 0.5643678
32 41 0.564389
33 41 0.56440973
34 41 0.5643927
35 41 0.5643411
36 41 0.5642498
37 41 0.56473374
38 41 0.56397027
39 41 0.56346226
40 41 0.56337506
41 41 0.56340635
42 41 0.5634349
43 41 0.56351274
44 41 0.5636461
45 41 0.56371856
46 41 0.56373227
47 41 0.56382066
48 41 0.56392854
49 41 0.5640921
50 41 0.5642215
51 41 0.5642274
52 41 0.5642879
53 41 0.5643143
54 41 0.5643187
55 41 0.564296
56 41 0.5642933
57 41 0.5642733
58 41 0.5642755
59 41 0.5642696
60 41 0.56429523
0 42 0.565931
1 42 0.56540805
2 42 0.5651307
3 42 0.5649376
4 42 0.5647594
5 42 0.5647249
6 42 0.5645604
7 42 0.56444347
8 42 0.56437314
9 42 0.5642999
10 42 0.56426084
11 42 0.56424326
12 42 0.5642313
13 42 0.5642225
14 42 0.5642215
15 42 0.56421274
16 42 0.56421274
17 42 0.56420296
18 42 0.56421274
19 42 0.56421906
20 42 0.56421715
21 42 0.5641856
22 42 0.56416583
23 42 0.5641295
24 42 0.564107
25 42 0.5641212
26 42 0.56413096
27 42 0.56416976
28 42 0.5641976
29 42 0.5642196
30 42 0.56423175
31 42 0.56424254
32 42 0.56424665
33 42 0.564245
34 42 0.5642401
35 42 0.56424373
36 42 0.5642293
37 42 0.5642054
38 42 0.5640323
39 42 0.56338507
40 42 0.5632086
41 42 0.56314874
42 42 0.56311435
43 42 0.5630975
44 42 0.5631317
45 42 0.5632108
46 42 0.56324446
47 42 0.5633436
48 42 0.5635218
49 42 0.5637237
50 42 0.5637579
51 42 0.5637811
52 42 0.56389266
53 42 0.5639515
54 42 0.56392634
55 42 0.5639603
56 42 0.5639603
57 42 0.5639679
58 42 0.5639818
59 42 0.5639991
60 42 0.56401914
0 43 0.5658341
1 43 0.5653412
2 43 0.5650658
3 43 0.56487995
4 43 0.56474006
5 43 0.5646854
6 43 0.5645172
7 43 0.5643519
8 43 0.5642674
9 43 0.5642335
10 43 0.564201
11 43 0.56414044
12 43 0.5639422
13 43 0.5637259
14 43 0.5634835
15 43 0.56345123
16 43 0.5634774
17 43 0.56350446
18 43 0.5635274
19 43 0.56357306
20 43 0.5636256
21 43 0.5636575
22 43 0.5636678
23 43 0.56368
24 43 0.5636722
25 43 0.5636864
26 43 0.5636956
27 43 0.56371856
28 43 0.5637247
29 43 0.56372935
30 43 0.5637374
31 43 0.5637457
32 43 0.56375396
33 43 0.5637608
34 43 0.5637684
35 43 0.5638133
36 43 0.5638182
37 43 0.5637303
38 43 0.5639593
39 43 0.5632913
40 43 0.5627603
41 43 0.5626566
42 43 0.5627105
43 43 0.56272787
44 43 0.5627654
45 43 0.56290364
46 43 0.56301475
47 43 0.56321687
48 43 0.5633177
49 43 0.5635284
50 43 0.5636942
51 43 0.56373006
52 43 0.563806
53 43 0.563858
54 43 0.5639554
55 43 0.5639708
56 43 0.5639981
57 43 0.56408966
58 43 0.56408775
59 43 0.5641785
60 43 0.5641468
0 44 0.5661705
1 44 0.56573325
2 44 0.5654459
3 44 0.56523913
4 44 0.56505257
5 44 0.564941
6 44 0.5648092
7 44 0.5647362
8 44 0.5646947
9 44 0.56449646
10 44 0.5644266
11 44 0.56434846
12 44 0.5642838
13 44 0.56425154
14 44 0.5642357
15 44 0.5642259
16 44 0.56421614
17 44 0.5642074
18 44 0.56418097
19 44 0.56416637
20 44 0.5641361
21 44 0.5641241
22 44 0.5641002
23 44 0.5640951
24 44 0.56408286
25 44 0.56405944
26 44 0.56404376
27 44 0.56404185
28 44 0.56402916
29 44 0.56403136
30 44 0.56404084
31 44 0.5640457
32 44 0.5640562
33 44 0.56408185
34 44 0.56411386
35 44 0.5641688
36 44 0.5642088
37 44 0.5642293
38 44 0.564245
39 44 0.5642723
40 44 0.5643133
41 44 0.56437093
42 44 0.56440216
43 44 0.5643558
44 44 0.5641734
45 44 0.5639813
46 44 0.56348765
47 44 0.5632276
48 44 0.5630948
49 44 0.56300473
50 44 0.56297076
51 44 0.56301254
52 44 0.5631021
53 44 0.5632459
54 44 0.56333065
55 44 0.56346005
56 44 0.5635826
57 44 0.5637093
58 44 0.5637308
59 44 0.5638004
60 44 0.56382114
0 45 0.56597716
1 45 0.5653158
2 45 0.56502527
3 45 0.56487095
4 45 0.5647357
5 45 0.56465685
6 45 0.56448275
7 45 0.56436265
8 45 0.5642647
9 45 0.5642323
10 45 0.5641932
11 45 0.564078
12 45 0.5640299
13 45 0.5639813
14 45 0.56396127
15 45 0.5639403
16 45 0.5639256
17 45 0.56390584
18 45 0.5638985
19 45 0.5639014
20 45 0.563899
21 45 0.5639017
22 45 0.5638785
23 45 0.5638885
24 45 0.56391317
25 45 0.56391
26 45 0.5639559
27 45 0.563972
28 45 0.56399786
29 45 0.5640367
30 45 0.5640804
31 45 0.564141
32 45 0.56418246
33 45 0.5642088
34 45 0.5642313
35 45 0.5642484
36 45 0.56428623
37 45 0.5643333
38 45 0.5644005
39 45 0.5644535
40 45 0.56449914
41 45 0.5645609
42 45 0.56459945
43 45 0.5646309
44 45 0.5646378
45 45 0.5643631
46 45 0.56434655
47 45 0.5636632
48 45 0.56311923
49 45 0.5629742
50 45 0.5630306
51 45 0.5630423
52 45 0.56308013
53 45 0.5631746
54 45 0.5632249
55 45 0.56327915
56 45 0.5633521
57 45 0.5634115
58 45 0.56357944
59 45 0.56371886
60 45 0.563731
0 46 0.56582946
1 46 0.56527084
2 46 0.5649759
3 46 0.5647533
4 46 0.5645887
5 46 0.56436974
6 46 0.564242
7 46 0.56416804
8 46 0.5640167
9 46 0.56393147
10 46 0.56382406
11 46 0.5637513
12 46 0.56373155
13 46 0.5637191
14 46 0.5636705
15 46 0.563617
16 46 0.56359506
17 46 0.56356865
18 46 0.5635501
19 46 0.56354624
20 46 0.563533
21 46 0.56352913
22 46 0.5635584
23 46 0.563575
24 46 0.5636141
25 46 0.5636163
26 46 0.5636378
27 46 0.5636771
28 46 0.56370443
29 46 0.5637237
30 46 0.563732
31 46 0.56373495
32 46 0.5637464
33 46 0.56376326
34 46 0.5637559
35 46 0.5633946
36 46 0.5632532
37 46 0.5631358
38 46 0.5629642
39 46 0.5627923
40 46 0.56272465
41 46 0.5626148
42 46 0.5624459
43 46 0.5623079
44 46 0.5622212
45 46 0.5621326
46 46 0.56238216
47 46 0.5623406
48 46 0.5618968
49 46 0.56192046
50 46 0.5622293
51 46 0.5624422
52 46 0.56266975
53 46 0.5627308
54 46 0.56277424
55 46 0.562837
56 46 0.56293637
57 46 0.56300837
58 46 0.56314313
59 46 0.56322837
60 46 0.56328696
0 47 0.56553113
1 47 0.56497836
2 47 0.5647352
3 47 0.56449884
4 47 0.56426597
5 47 0.56418854
6 47 0.56402206
7 47 0.5639244
8 47 0.5638182
9 47 0.56375325
10 47 0.5637318
11 47 0.5637247
12 47 0.5636986
13 47 0.5636632
14 47 0.56355256
15 47 0.5634788
16 47 0.56344956
17 47 0.5634122
18 47 0.5634085
19 47 0.5634151
20 47 0.56343246
21 47 0.56345737
22 47 0.5634737
23 47 0.5635084
24 47 0.5635472
25 47 0.56360406
26 47 0.5636751
27 47 0.56370586
28 47 0.56372786
29 47 0.563734
30 47 0.5637479
31 47 0.5637784
32 47 0.5638143
33 47 0.563859
34 47 0.5639156
35 47 0.56396174
36 47 0.56400836
37 47 0.56405944
38 47 0.5641226
39 47 0.5641793
40 47 0.56421906
41 47 0.5642303
42 47 0.5642393
43 47 0.564252
44 47 0.56426716
45 47 0.56429183
46 47 0.5642452
47 47 0.56427085
48 47 0.56442636
49 47 0.56374985
50 47 0.5635511
51 47 0.5635362
52 47 0.5635843
53 47 0.5636109
54 47 0.5636732
55 47 0.5637308
56 47 0.563734
57 47 0.56379133
58 47 0.5638822
59 47 0.5640167
60 47 0.5640765
0 48 0.5658016
1 48 0.5652445
2 48 0.5649059
3 48 0.5647157
4 48 0.56439316
5 48 0.56423175
6 48 0.5641163
7 48 0.5601336
8 48 0.5613748
9 48 0.56219536
10 48 0.5625589
11 48 0.56274056
12 48 0.56288385
13 48 0.5629876
14 48 0.56308943
15 48 0.5631839
16 48 0.56321836
17 48 0.5632384
18 48 0.5632596
19 48 0.5632928
20 48 0.5633177
21 48 0.56336945
22 48 0.5633953
23 48 0.56344026
24 48 0.5634825
25 48 0.5635445
26 48 0.56363213
27 48 0.56369513
28 48 0.5637205
29 48 0.5637286
30 48 0.5637345
31 48 0.563743
32 48 0.56377035
33 48 0.56381285
34 48 0.5638602
35 48 0.5639034
36 48 0.56395006
37 48 0.5639925
38 48 0.5640265
39 48 0.56408626
40 48 0.5641224
41 48 0.5641715
42 48 0.56419957
43 48 0.56421417
44 48 0.5642293
45 48 0.5642352
46 48 0.5642452
47 48 0.5642423
48 48 0.56401813
49 48 0.5647452
50 48 0.56454086
51 48 0.5636888
52 48 0.5634012
53 48 0.56342363
54 48 0.5634693
55 48 0.5636026
56 48 0.5637103
57 48 0.5637537
58 48 0.5639227
59 48 0.5640267
60 48 0.56418514
0 49 0.5663768
1 49 0.5657804
2 49 0.56546104
3 49 0.5651886
4 49 0.56494445
5 49 0.5647589
6 49 0.5647052
7 49 0.5645714
8 49 0.56444347
9 49 0.5643402
10 49 0.5642518
11 49 0.564232
12 49 0.5642005
13 49 0.56414974
14 49 0.5641085
15 49 0.5640794
16 49 0.56405574
17 49 0.5640472
18 49 0.5640279
19 49 0.5640252
20 49 0.56402963
21 49 0.56401277
22 49 0.5639874
23 49 0.56401646
24 49 0.56403327
25 49 0.56404746
26 49 0.5641002
27 49 0.56412387
28 49 0.56416684
29 49 0.564191
30 49 0.5641971
31 49 0.56422395
32 49 0.5642296
33 49 0.56423056
34 49 0.5642486
35 49 0.5642628
36 49 0.5642923
37 49 0.5643436
38 49 0.5643778
39 49 0.5644095
40 49 0.5644244
41 49 0.564452
42 49 0.5644593
43 49 0.5644725
44 49 0.56448644
45 49 0.5645128
46 49 0.56449425
47 49 0.564327
48 49 0.5648387
49 49 0.5642474
50 49 0.5635411
51 49 0.5632608
52 49 0.56324106
53 49 0.56328696
54 49 0.56340337
55 49 0.5635511
56 49 0.5636971
57 49 0.5637276
58 49 0.5637699
59 49 0.56386924
60 49 0.5639432
0 50 0.566128
1 50 0.56545544
2 50 0.56519544
3 50 0.5649764
4 50 0.56480676
5 50 0.56473273
6 50 0.564662
7 50 0.56452817
8 50 0.56443834
9 50 0.5643519
10 50 0.56426936
11 50 0.56423837
12 50 0.5642039
13 50 0.5641507
14 50 0.56410724
15 50 0.5640606
16 50 0.5640457
17 50 0.5640365
18 50 0.5640448
19 50 0.5640584
20 50 0.5640726
21 50 0.56409115
22 50 0.56410384
23 50 0.5641158
24 50 0.5641478
25 50 0.5641688
26 50 0.56420445
27 50 0.5642225
28 50 0.5642313
29 50 0.56423444
30 50 0.56424326
31 50 0.5642589
32 50 0.5642755
33 50 0.56430477
34 50 0.5643163
35 50 0.56435895
36 50 0.56438094
37 50 0.5644244
38 50 0.56445444
39 50 0.56446713
40 50 0.5645113
41 50 0.56452817
42 50 0.5645587
43 50 0.5645792
44 50 0.5646063
45 50 0.56460726
46 50 0.5646534
47 50 0.56466854
48 50 0.5646656
49 50 0.5646671
50 50 0.5646844
51 50 0.56468344
52 50 0.5646839
53 50 0.5646781
54 50 0.5646815
55 50 0.5646529
56 50 0.5643509
57 50 0.56474495
58 50 0.5641766
59 50 0.5636053
60 50 0.56345636
0 51 0.5657435
1 51 0.56499594
2 51 0.5646876
3 51 0.56441003
4 51 0.5642342
5 51 0.5636351
6 51 0.5629153
7 51 0.56239384
8 51 0.5619681
9 51 0.561722
10 51 0.56145686
11 51 0.5612444
12 51 0.5610921
13 51 0.5609397
14 51 0.5608101
15 51 0.5607317
16 51 0.5607132
17 51 0.56063336
18 51 0.5604524
19 51 0.56031203
20 51 0.56025904
21 51 0.5602263
22 51 0.56019366
23 51 0.56011134
24 51 0.5600476
25 51 0.5599712
26 51 0.55989456
27 51 0.55984694
28 51 0.5597971
29 51 0.5597671
30 51 0.5597532
31 51 0.5597407
32 51 0.55972904
33 51 0.55973095
34 51 0.55972904
35 51 0.5597273
36 51 0.5597261
37 51 0.5597288
38 51 0.55972415
39 51 0.55971926
40 51 0.559721
41 51 0.5597161
42 51 0.5597107
43 51 0.5596687
44 51 0.55961746
45 51 0.5596099
46 51 0.5595945
47 51 0.55953175
48 51 0.5594912
49 51 0.55948144
50 51 0.5594546
51 51 0.55942506
52 51 0.55939233
53 51 0.5593423
54 51 0.5592505
55 51 0.55922264
56 51 0.55920434
57 51 0.55905443
58 51 0.56079787
59 51 0.5607283
60 51 0.5607273
0 52 0.56365925
1 52 0.5630289
2 52 0.56274885
3 52 0.56267315
4 52 0.56252813
5 52 0.56245685
6 52 0.56239045
7 52 0.56237483
8 52 0.5623462
9 52 0.5623428
10 52 0.56236845
11 52 0.562378
12 52 0.56240946
13 52 0.56243974
14 52 0.5624756
15 52 0.56250715
16 52 0.562586
17 52 0.5626429
18 52 0.5626954
19 52 0.56272465
20 52 0.5627288
21 52 0.5627379
22 52 0.5627508
23 52 0.5627957
24 52 0.5628475
25 52 0.56290364
26 52 0.5629615
27 52 0.5630023
28 52 0.5630609
29 52 0.5631224
30 52 0.5631868
31 52 0.5632186
32 52 0.56323516
33 52 0.5632489
34 52 0.5632772
35 52 0.5633182
36 52 0.5633585
37 52 0.56343096
38 52 0.5634893
39 52 0.56353843
40 52 0.56358165
41 52 0.5636222
42 52 0.5600813
43 52 0.56127983
44 52 0.5621231
45 52 0.56266975
46 52 0.5629168
47 52 0.5631776
48 52 0.56327695
49 52 0.56341827
50 52 0.56356627
51 52 0.563661
52 52 0.563712
53 52 0.5637264
54 52 0.5637318
55 52 0.56373566
56 52 0.5637423
57 52 0.56373227
58 52 0.5637105
59 52 0.5647093
60 52 0.56423324
0 53 0.56458336
1 53 0.5639393
2 53 0.5636922
3 53 0.56344956
4 53 0.5633021
5 53 0.56323516
6 53 0.56319976
7 53 0.56310236
8 53 0.5630228
9 53 0.56296
10 53 0.5629202
11 53 0.562897
12 53 0.56286603
13 53 0.5628382
14 53 0.5628211
15 53 0.56280106
16 53 0.5627874
17 53 0.5627662
18 53 0.56276375
19 53 0.56274617
20 53 0.5627415
21 53 0.5627437
22 53 0.5627398
23 53 0.56274664
24 53 0.56275785
25 53 0.5627662
26 53 0.56278986
27 53 0.5628065
28 53 0.562826
29 53 0.56285626
30 53 0.5628821
31 53 0.5629129
32 53 0.56293684
33 53 0.5629564
34 53 0.5629718
35 53 0.56299883
36 53 0.5630384
37 53 0.5630755
38 53 0.56312263
39 53 0.56315583
40 53 0.5631514
41 53 0.5630997
42 53 0.563066
43 53 0.5630091
44 53 0.56295586
45 53 0.5627271
46 53 0.56252474
47 53 0.56223905
48 53 0.5619622
49 53 0.56176054
50 53 0.56169194
51 53 0.5614661
52 53 0.5612527
53 53 0.56115675
54 53 0.5609856
55 53 0.56098074
56 53 0.5618006
57 53 0.56282306
58 53 0.5625765
59 53 0.5622586
60 53 0.5623111
0 54 0.5633919
1 54 0.56269073
2 54 0.56227225
3 54 0.5621065
4 54 0.56198174
5 54 0.56193167
6 54 0.5619058
7 54 0.56190115
8 54 0.5618958
9 54 0.56191653
10 54 0.56193364
11 54 0.5619512
12 54 0.56197786
13 54 0.56201005
14 54 0.5620562
15 54 0.5621297
16 54 0.5622061
17 54 0.5622339
18 54 0.562263
19 54 0.5623101
20 54 0.5623773
21 54 0.5624471
22 54 0.56248885
23 54 0.5625677
24 54 0.5626566
25 54 0.56271976
26 54 0.562733
27 54 0.5627484
28 54 0.56280893
29 54 0.5628814
30 54 0.56294584
31 54 0.5630013
32 54 0.56306547
33 54 0.56314605
34 54 0.563211
35 54 0.5632369
36 54 0.56328034
37 54 0.56336457
38 54 0.563451
39 54 0.563534
40 54 0.5636256
41 54 0.5637
42 54 0.56372446
43 54 0.5637332
44 54 0.5637457
45 54 0.5637884
46 54 0.56383234
47 54 0.5638951
48 54 0.5639266
49 54 0.5639603
50 54 0.5639793
51 54 0.56400007
52 54 0.5640174
53 54 0.5640252
54 54 0.5640194
55 54 0.5640362
56 54 0.564054
57 54 0.56405675
58 54 0.56406623
59 54 0.56406426
60 54 0.56406623
0 55 0.5664032
1 55 0.5657772
2 55 0.5654496
3 55 0.56512535
4 55 0.56493294
5 55 0.56476766
6 55 0.56472546
7 55 0.56458235
8 55 0.56444
9 55 0.56436557
10 55 0.56427085
11 55 0.564252
12 55 0.5642181
13 55 0.5642103
14 55 0.56418395
15 55 0.56417197
16 55 0.5641595
17 55 0.56415343
18 55 0.56415707
19 55 0.56416976
20 55 0.5641778
21 55 0.5641915
22 55 0.5642015
23 55 0.56421614
24 55 0.56422055
25 55 0.5642286
26 55 0.56423986
27 55 0.5642484
28 55 0.5642662
29 55 0.5642882
30 55 0.5643128
31 55 0.5643411
32 55 0.5643668
33 55 0.5643963
34 55 0.5644224
35 55 0.56445736
36 55 0.56449276
37 55 0.5645372
38 55 0.56456745
39 55 0.5643573
40 55 0.5620516
41 55 0.5629251
42 55 0.56347615
43 55 0.56377745
44 55 0.5640257
45 55 0.5642215
46 55 0.56430036
47 55 0.56443197
48 55 0.56452817
49 55 0.5646092
50 55 0.56466585
51 55 0.5647042
52 55 0.5647113
53 55 0.5647249
54 55 0.5647235
55 55 0.56472546
56 55 0.5647298
57 55 0.5647308
58 55 0.56472594
59 55 0.5647264
60 55 0.564723
0 56 0.566808
1 56 0.5662489
2 56 0.56587267
3 56 0.56569374
4 56 0.5654161
5 56 0.5652435
6 56 0.5650636
7 56 0.56496716
8 56 0.5648751
9 56 0.5647845
10 56 0.56474006
11 56 0.56473035
12 56 0.56470054
13 56 0.56465954
14 56 0.56461704
15 56 0.56458527
16 56 0.56456697
17 56 0.56453156
18 56 0.5645262
19 56 0.56452525
20 56 0.56452256
21 56 0.5645177
22 56 0.5645372
23 56 0.56455576
24 56 0.56456846
25 56 0.5646139
26 56 0.56465095
27 56 0.5646749
28 56 0.56469953
29 56 0.5647191
30 56 0.5647284
31 56 0.56473374
32 56 0.5647362
33 56 0.56474274
34 56 0.5647523
35 56 0.56477207
36 56 0.564806
37 56 0.5648387
38 56 0.56486607
39 56 0.5648924
40 56 0.56492
41 56 0.5649315
42 56 0.5649427
43 56 0.56495225
44 56 0.5649542
45 56 0.56496155
46 56 0.56497496
47 56 0.5649823
48 56 0.5649852
49 56 0.5649808
50 56 0.5649735
51 56 0.5649735
52 56 0.564971
53 56 0.56496394
54 56 0.56495833
55 56 0.5649459
56 56 0.56494343
57 56 0.56493247
58 56 0.5649286
59 56 0.56487656
60 56 0.56489414
0 57 0.56695545
1 57 0.5663768
2 57 0.5660341
3 57 0.56576747
4 57 0.5656205
5 57 0.5654144
6 57 0.56525767
7 57 0.56518
8 57 0.56500816
9 57 0.56495667
10 57 0.5648934
11 57 0.5648224
12 57 0.5647828
13 57 0.56475645
14 57 0.56474155
15 57 0.5647376
16 57 0.5647352
17 57 0.56473327
18 57 0.56473225
19 57 0.5647279
20 57 0.56472886
21 57 0.56472886
22 57 0.5647269
23 57 0.5647279
24 57 0.5647313
25 57 0.56473327
26 57 0.56473666
27 57 0.56474227
28 57 0.5647445
29 57 0.5647503
30 57 0.5647618
31 57 0.5647738
32 57 0.5647938
33 57 0.56481135
34 57 0.5648253
35 57 0.56485873
36 57 0.56488806
37 57 0.56491756
38 57 0.56493443
39 57 0.56495005
40 57 0.5649586
41 57 0.5649637
42 57 0.5649725
43 57 0.5649735
44 57 0.5649823
45 57 0.5649906
46 57 0.5650011
47 57 0.5650006
48 57 0.56499934
49 57 0.5649999
50 57 0.564993
51 57 0.56498665
52 57 0.5649837
53 57 0.564971
54 57 0.5649586
55 57 0.564951
56 57 0.5649405
57 57 0.5649283
58 57 0.5649159
59 57 0.56488997
60 57 0.56487167
0 58 0.5671112
1 58 0.56641346
2 58 0.5660848
3 58 0.5658072
4 58 0.56569296
5 58 0.5654752
6 58 0.5653182
7 58 0.5652381
8 58 0.5651568
9 58 0.5650353
10 58 0.5649652
11 58 0.564921
12 58 0.5648763
13 58 0.56483406
14 58 0.56479454
15 58 0.5647828
16 58 0.5647738
17 58 0.56476843
18 58 0.5647633
19 58 0.5647538
20 58 0.5647562
21 58 0.5647474
22 58 0.5647489
23 58 0.56475353
24 58 0.5647562
25 58 0.5647694
26 58 0.56478035
27 58 0.5647992
28 58 0.5648226
29 58 0.56483775
30 58 0.56485385
31 58 0.5648741
32 58 0.56489587
33 58 0.5649166
34 58 0.5649349
35 58 0.56495494
36 58 0.5649745
37 58 0.5649906
38 58 0.56501937
39 58 0.5650477
40 58 0.56507725
41 58 0.56510484
42 58 0.56513166
43 58 0.56513
44 58 0.5651532
45 58 0.56516516
46 58 0.56519
47 58 0.5651976
48 58 0.5652076
49 58 0.56521326
50 58 0.565214
51 58 0.5652086
52 58 0.565203
53 58 0.56519246
54 58 0.56516784
55 58 0.56515783
56 58 0.56516075
57 58 0.5651461
58 58 0.56149393
59 58 0.5628343
60 58 0.5637
0 59 0.5672167
1 59 0.56670105
2 59 0.5662435
3 59 0.5660038
4 59 0.56580627
5 59 0.5657281
6 59 0.5656078
7 59 0.565472
8 59 0.56538826
9 59 0.56529427
10 59 0.56524056
11 59 0.5652186
12 59 0.5651646
13 59 0.56512094
14 59 0.5650924
15 59 0.56507015
16 59 0.56505674
17 59 0.5650477
18 59 0.5650487
19 59 0.56505334
20 59 0.56506455
21 59 0.5650743
22 59 0.5650753
23 59 0.5650853
24 59 0.56512195
25 59 0.56513923
26 59 0.56519
27 59 0.56519955
28 59 0.56522644
29 59 0.5652308
30 59 0.5652435
31 59 0.5652518
32 59 0.5652679
33 59 0.565277
34 59 0.56530017
35 59 0.56533164
36 59 0.5653729
37 59 0.5653985
38 59 0.56541365
39 59 0.5654325
40 59 0.56545687
41 59 0.5654613
42 59 0.565475
43 59 0.56548667
44 59 0.565475
45 59 0.5654911
46 59 0.5654891
47 59 0.5654984
48 59 0.5655038
49 59 0.5654969
50 59 0.5654911
51 59 0.56549007
52 59 0.5654684
53 59 0.5654523
54 59 0.565442
55 59 0.5654176
56 59 0.5654049
57 59 0.5654
58 59 0.5653822
59 59 0.56536216
60 59 0.5653287
0 60 0.5676774
1 60 0.56703943
2 60 0.56672794
3 60 0.5663536
4 60 0.566203
5 60 0.5660038
6 60 0.5658722
7 60 0.5657562
8 60 0.5657267
9 60 0.5656627
10 60 0.5655675
11 60 0.5654877
12 60 0.56543493
13 60 0.5653778
14 60 0.56533945
15 60 0.56531674
16 60 0.5653067
17 60 0.5653031
18 60 0.5652965
19 60 0.56529135
20 60 0.56529135
21 60 0.5652899
22 60 0.56529576
23 60 0.5652916
24 60 0.5653192
25 60 0.56532604
26 60 0.5653492
27 60 0.5653724
28 60 0.5653966
29 60 0.5654144
30 60 0.5654315
31 60 0.56545347
32 60 0.5654601
33 60 0.56547326
34 60 0.56547713
35 60 0.5654969
36 60 0.56551963
37 60 0.56554455
38 60 0.5655582
39 60 0.5655775
40 60 0.5655802
41 60 0.56560487
42 60 0.56560266
43 60 0.5655978
44 60 0.5656063
45 60 0.56560165
46 60 0.5655965
47 60 0.56559044
48 60 0.5655885
49 60 0.56557435
50 60 0.56555504
51 60 0.5655443
52 60 0.5655165
53 60 0.5655018
54 60 0.5654862
55 60 0.56546766
56 60 0.5654637
57 60 0.5654381
58 60 0.56542444
59 60 0.56541026
60 60 0.56537825
