0 0 2.0479689
1 0 2.0479689
2 0 2.0479689
3 0 2.0479689
4 0 2.0479689
5 0 2.0479689
6 0 2.0479689
7 0 2.0479689
8 0 2.0479689
9 0 2.0479689
10 0 2.0479689
11 0 2.0479689
12 0 2.0479689
13 0 2.0479689
14 0 2.0479689
15 0 2.0479689
16 0 2.0479689
17 0 2.0479689
18 0 2.0479689
19 0 2.0479689
20 0 2.0479689
21 0 2.0479689
22 0 2.0479689
23 0 2.0464144
24 0 2.0340815
25 0 2.0051584
26 0 1.9782207
27 0 1.9456909
28 0 1.926436
29 0 1.9025936
30 0 1.8808925
0 1 1.9761108
1 1 1.968972
2 1 1.9576035
3 1 1.9509671
4 1 1.9423424
5 1 1.9309912
6 1 1.9155045
7 1 1.9066886
8 1 1.8913761
9 1 1.8694595
10 1 1.8414918
11 1 1.8319528
12 1 1.808055
13 1 1.7809619
14 1 1.7651657
15 1 1.7452464
16 1 1.7273482
17 1 1.7100779
18 1 1.6938697
19 1 1.6775379
20 1 1.6563691
21 1 1.6436644
22 1 1.6232988
23 1 1.614033
24 1 1.6050996
25 1 1.5903407
26 1 1.5779929
27 1 1.5725265
28 1 1.5646586
29 1 1.5491706
30 1 1.5397025
0 2 1.6295899
1 2 1.6209772
2 2 1.6216406
3 2 1.6203637
4 2 1.6141692
5 2 1.6104763
6 2 1.6051898
7 2 1.6052853
8 2 1.6019913
9 2 1.589892
10 2 1.5739223
11 2 1.565375
12 2 1.5543126
13 2 1.5432146
14 2 1.5319397
15 2 1.5181001
16 2 1.4990805
17 2 1.4924793
18 2 1.4822575
19 2 1.4745275
20 2 1.46066
21 2 1.4473759
22 2 1.4345049
23 2 1.4215242
24 2 1.4080489
25 2 1.3973969
26 2 1.3877739
27 2 1.374691
28 2 1.3700205
29 2 1.3574929
30 2 1.3496449
0 3 1.4326059
1 3 1.4281524
2 3 1.4277934
3 3 1.429815
4 3 1.4293044
5 3 1.4285079
6 3 1.4202175
7 3 1.413401
8 3 1.4091326
9 3 1.4507416
10 3 1.4896582
11 3 1.4897039
12 3 1.4717002
13 3 1.4502366
14 3 1.4416829
15 3 1.4255592
16 3 1.4021914
17 3 1.3890193
18 3 1.3739607
19 3 1.3627665
20 3 1.3378296
21 3 1.3253347
22 3 1.3149816
23 3 1.3040532
24 3 1.2945701
25 3 1.2809546
26 3 1.2620628
27 3 1.2500389
28 3 1.2362152
29 3 1.2223927
30 3 1.2083927
0 4 1.2738261
1 4 1.1965947
2 4 1.1483413
3 4 1.1558768
4 4 1.164716
5 4 1.1669148
6 4 1.169105
7 4 1.1677662
8 4 1.1674038
9 4 1.1611189
10 4 1.1595283
11 4 1.1526731
12 4 1.1487368
13 4 1.1845357
14 4 1.2348629
15 4 1.2163551
16 4 1.197032
17 4 1.1779252
18 4 1.1666313
19 4 1.1530367
20 4 1.1406009
21 4 1.13247
22 4 1.1188536
23 4 1.1116576
24 4 1.088503
25 4 1.0823803
26 4 1.0790639
27 4 1.0649533
28 4 1.0524043
29 4 1.0498593
30 4 1.0422239
0 5 1.1097432
1 5 1.0769887
2 5 1.0289664
3 5 1.0354934
4 5 1.0409192
5 5 1.043348
6 5 1.0474882
7 5 1.0457846
8 5 1.0451244
9 5 1.0421857
10 5 1.0373342
11 5 1.0303541
12 5 1.0966418
13 5 1.154504
14 5 1.1451503
15 5 1.121041
16 5 1.1063153
17 5 1.0938847
18 5 1.0814799
19 5 1.0723143
20 5 1.0510385
21 5 1.0438604
22 5 1.0332267
23 5 1.0282867
24 5 1.0219526
25 5 1.0131803
26 5 1.0037014
27 5 0.99683213
28 5 0.9781214
29 5 0.9754615
30 5 0.96962345
0 6 1.0346223
1 6 0.94189256
2 6 0.93264467
3 6 0.9298775
4 6 0.9635011
5 6 0.9524269
6 6 0.94452226
7 6 0.9405683
8 6 0.9419065
9 6 0.9397532
10 6 0.9373688
11 6 0.9376545
12 6 0.94188917
13 6 0.9370768
14 6 0.9351232
15 6 0.7912572
16 6 0.686613
17 6 0.8126667
18 6 0.8388524
19 6 0.8526029
20 6 0.85593206
21 6 0.85773504
22 6 0.85510415
23 6 0.53035724
24 6 0.5877954
25 6 0.62738556
26 6 0.6748206
27 6 0.674907
28 6 0.7154524
29 6 0.7301777
30 6 0.77896017
0 7 0.9196444
1 7 0.9231103
2 7 0.9125921
3 7 0.91907996
4 7 0.92233884
5 7 0.9421848
6 7 0.9685827
7 7 0.98667794
8 7 0.97154194
9 7 0.93058795
10 7 0.91550666
11 7 0.91348076
12 7 0.89748514
13 7 0.891447
14 7 0.8772971
15 7 0.8723063
16 7 0.8731589
17 7 0.862396
18 7 0.8564379
19 7 0.8473416
20 7 0.8375702
21 7 0.8293994
22 7 0.82222253
23 7 0.8158174
24 7 0.8106435
25 7 0.80478257
26 7 0.78244823
27 7 0.7714637
28 7 0.7657888
29 7 0.7598815
30 7 0.748259
0 8 0.85003155
1 8 0.85731024
2 8 0.8542951
3 8 0.85523623
4 8 0.86008394
5 8 0.84850395
6 8 0.84534645
7 8 0.84091616
8 8 0.84037197
9 8 0.83501035
10 8 0.83511627
11 8 0.8255561
12 8 0.8181063
13 8 0.8187086
14 8 0.8094462
15 8 0.7986231
16 8 0.7909442
17 8 0.78206956
18 8 0.77912986
19 8 0.7742667
20 8 0.770012
21 8 0.7637419
22 8 0.7581234
23 8 0.7520613
24 8 0.74206406
25 8 0.7365713
26 8 0.7274589
27 8 0.715924
28 8 0.7111339
29 8 0.70928186
30 8 0.70635945
0 9 -0.36612278
1 9 -0.29122785
2 9 -0.24334161
3 9 -0.19653133
4 9 -0.15247402
5 9 -0.11500786
6 9 -0.07383926
7 9 -0.036991287
8 9 -0.019543268
9 9 0.029243367
10 9 0.08800452
11 9 0.11377176
12 9 0.14692119
13 9 0.20028383
14 9 0.31007165
15 9 0.31272206
16 9 0.3187722
17 9 0.34488833
18 9 0.3681121
19 9 0.38467604
20 9 0.39476848
21 9 0.40776747
22 9 0.41943806
23 9 0.4410402
24 9 0.45588735
25 9 0.022824569
26 9 -0.028479684
27 9 0.006135592
28 9 -0.053234458
29 9 0.02454188
30 9 -0.073577784
0 10 0.3893021
1 10 0.40712196
2 10 0.4215145
3 10 0.42941868
4 10 0.4424965
5 10 0.4582387
6 10 0.46651423
7 10 0.47017857
8 10 0.47742942
9 10 0.48340657
10 10 0.49414232
11 10 0.51703477
12 10 0.57729864
13 10 0.6142118
14 10 0.5956336
15 10 0.5798521
16 10 0.5866989
17 10 0.57847124
18 10 0.5721818
19 10 0.5759551
20 10 0.5743555
21 10 0.02114925
22 10 -0.02160702
23 10 -0.0051656063
24 10 0.042694014
25 10 0.004388495
26 10 0.111091785
27 10 0.06739068
28 10 0.1289629
29 10 -0.0033704129
30 10 -0.041690335
0 11 -0.02452894
1 11 0.0075740903
2 11 0.03372781
3 11 0.03162597
4 11 0.02071809
5 11 0.044146184
6 11 0.07738424
7 11 0.09922027
8 11 0.12118862
9 11 0.15743478
10 11 0.17972541
11 11 0.19916955
12 11 0.21703921
13 11 0.23620528
14 11 0.24783583
15 11 0.26226988
16 11 0.27036327
17 11 0.28113785
18 11 0.28857425
19 11 0.31111315
20 11 0.32206035
21 11 0.32951137
22 11 -0.061154988
23 11 0.10476479
24 11 0.0032178226
25 11 0.13426597
26 11 -0.114937305
27 11 0.10166049
28 11 -0.17568897
29 11 0.1788311
30 11 -0.08279863
0 12 0.00797229
1 12 0.16566782
2 12 0.19159034
3 12 0.20700927
4 12 0.22192673
5 12 0.2342194
6 12 0.24001221
7 12 0.24391462
8 12 -0.0021728848
9 12 -0.0023240102
10 12 -0.0023342643
11 12 -0.0023369498
12 12 -0.0023401238
13 12 -0.0023413445
14 12 -0.0022654156
15 12 -9.0846117E-4
16 12 -2.1972992E-4
17 12 -9.941559E-4
18 12 -0.0018498818
19 12 -0.0016140384
20 12 0.0023327994
21 12 8.37171E-4
22 12 0.07084142
23 12 -0.023473503
24 12 0.0696788
25 12 -0.041709132
26 12 0.32402182
27 12 -0.33533034
28 12 0.02603531
29 12 -0.11796494
30 12 0.10612296
0 13 0.0278161
1 13 0.0143473875
2 13 -0.023408318
3 13 -0.0018169223
4 13 -0.002338903
5 13 0.0021221028
6 13 -4.2627606E-4
7 13 0.003988098
8 13 0.0033682156
9 13 0.006233738
10 13 0.005868498
11 13 0.0068589915
12 13 0.007872679
13 13 0.005861418
14 13 0.0048928973
15 13 7.402457E-4
16 13 0.0061282674
17 13 0.0066456096
18 13 0.00837757
19 13 0.006998154
20 13 0.0057713287
21 13 -0.057931796
22 13 0.0036213933
23 13 0.0051555964
24 13 -0.067711726
25 13 0.0120043345
26 13 -0.25087348
27 13 -0.25276047
28 13 0.015875487
29 13 0.1639632
30 13 0.25093475
0 14 0.045051716
1 14 -0.0035625545
2 14 -0.001831571
3 14 -0.002042756
4 14 -0.002227085
5 14 -0.0019714658
6 14 -0.0019150684
7 14 -0.0018642864
8 14 -0.0020491036
9 14 -0.0022930037
10 14 -0.0015049059
11 14 -0.0010610514
12 14 2.8076602E-4
13 14 0.003989319
14 14 0.0022871443
15 14 0.007907592
16 14 -0.0023418327
17 14 -0.0022619974
18 14 -0.0020849928
19 14 -0.0021826506
20 14 -0.0023420767
21 14 -0.002339147
22 14 -0.06460548
23 14 0.004691234
24 14 -0.09502684
25 14 0.14108102
26 14 -0.09338229
27 14 -0.3314482
28 14 -0.40773255
29 14 -0.33375365
30 14 -0.28759938
0 15 -0.04885988
1 15 0.015614253
2 15 0.0021250325
3 15 3.6499582E-4
4 15 -0.0015195545
5 15 -0.0016076906
6 15 -0.0023430535
7 15 -0.0023442742
8 15 -0.0023379263
9 15 -0.0023450067
10 15 -0.0015483635
11 15 0.0019866026
12 15 0.0035957582
13 15 0.004419257
14 15 0.0022112154
15 15 -8.8429084E-4
16 15 -0.001427512
17 15 -0.0022331884
18 15 0.0017124285
19 15 -0.0019494927
20 15 0.0049746856
21 15 0.004632395
22 15 9.641261E-4
23 15 -0.0018454872
24 15 0.021920012
25 15 0.042029697
26 15 -0.09708669
27 15 0.2974799
28 15 0.25216743
29 15 0.25879645
30 15 0.26977512
0 16 0.38967758
1 16 0.3884017
2 16 0.38962877
3 16 0.39391324
4 16 0.40436628
5 16 0.3875445
6 16 0.39547503
7 16 0.40673742
8 16 0.41602737
9 16 0.41784477
10 16 0.4161951
11 16 0.4154331
12 16 0.4127158
13 16 0.40398493
14 16 0.42406777
15 16 0.5183165
16 16 0.5321561
17 16 0.5195431
18 16 0.41252828
19 16 0.41449243
20 16 0.41608545
21 16 0.41269016
22 16 0.40787587
23 16 0.40181744
24 16 0.40144607
25 16 0.44492233
26 16 0.49534938
27 16 0.4847396
28 16 0.35993496
29 16 0.35661384
30 16 0.36298212
0 17 0.4732697
1 17 0.4716459
2 17 0.47176015
3 17 0.4726779
4 17 0.46856186
5 17 0.46785995
6 17 0.46060008
7 17 0.4632649
8 17 0.46044624
9 17 0.45957735
10 17 0.44782645
11 17 0.44979668
12 17 0.4595954
13 17 0.45816326
14 17 0.45249984
15 17 0.44889432
16 17 0.44681567
17 17 0.4439697
18 17 0.44368744
19 17 0.43926233
20 17 0.43632358
21 17 0.42853415
22 17 0.4161431
23 17 0.39096373
24 17 0.39321744
25 17 0.3973623
26 17 0.39783958
27 17 0.39274943
28 17 0.37519616
29 17 0.375246
30 17 0.375797
0 18 0.48812073
1 18 0.3975991
2 18 0.3848489
3 18 0.378873
4 18 0.39225966
5 18 0.3526138
6 18 0.38731232
7 18 0.38578838
8 18 0.37962055
9 18 0.3720699
10 18 0.4137761
11 18 0.44056997
12 18 0.45828703
13 18 0.45664078
14 18 0.42784396
15 18 0.42796063
16 18 0.43031543
17 18 0.43219486
18 18 0.4449724
19 18 0.42814815
20 18 0.41783744
21 18 0.4167427
22 18 0.42164242
23 18 0.41686818
24 18 0.4128303
25 18 0.40518272
26 18 0.40674743
27 18 0.4070028
28 18 0.41458836
29 18 0.4169534
30 18 0.40574792
0 19 0.48174223
1 19 0.47702047
2 19 0.47516108
3 19 0.471495
4 19 0.47165418
5 19 0.46903524
6 19 0.46906307
7 19 0.46389285
8 19 0.46311256
9 19 0.456965
10 19 0.45934248
11 19 0.44444016
12 19 0.44588378
13 19 0.44808644
14 19 0.45031303
15 19 0.44506612
16 19 0.43763414
17 19 0.43394512
18 19 0.43164062
19 19 0.4270473
20 19 0.422275
21 19 0.41688943
22 19 0.4097023
23 19 0.40029275
24 19 0.40682384
25 19 0.39498675
26 19 0.3969697
27 19 0.39660934
28 19 0.39771459
29 19 0.39656368
30 19 0.39602217
0 20 0.46393484
1 20 0.46051878
2 20 0.4623833
3 20 0.46011445
4 20 0.4572919
5 20 0.44233146
6 20 0.45244613
7 20 0.4468938
8 20 0.44498482
9 20 0.45496887
10 20 0.44933525
11 20 0.4440134
12 20 0.43754527
13 20 0.43821716
14 20 0.43712777
15 20 0.43435016
16 20 0.4272226
17 20 0.4230675
18 20 0.4220099
19 20 0.41171187
20 20 0.41273385
21 20 0.41142035
22 20 0.40255034
23 20 0.3972644
24 20 0.39574018
25 20 0.3934921
26 20 0.3963342
27 20 0.38564458
28 20 0.38882136
29 20 0.38609722
30 20 0.39475065
0 21 0.4314302
1 21 0.42420107
2 21 0.42677313
3 21 0.4266491
4 21 0.42875925
5 21 0.43485236
6 21 0.43390703
7 21 0.4171292
8 21 0.4129731
9 21 0.39382023
10 21 0.38754696
11 21 0.38481474
12 21 0.3821577
13 21 0.38346145
14 21 0.38191575
15 21 0.38511696
16 21 0.3775087
17 21 0.37516442
18 21 0.37699577
19 21 0.37715715
20 21 0.37246346
21 21 0.3688335
22 21 0.36662915
23 21 0.3689578
24 21 0.36799294
25 21 0.36524874
26 21 0.36824343
27 21 0.36735207
28 21 0.3626193
29 21 0.36836135
30 21 0.34249425
0 22 0.3883348
1 22 0.38795465
2 22 0.4006553
3 22 0.40078738
4 22 0.4016597
5 22 0.40367073
6 22 0.40623155
7 22 0.40169632
8 22 0.40049195
9 22 0.3990598
10 22 0.3973601
11 22 0.39234072
12 22 0.39211732
13 22 0.3843567
14 22 0.3789599
15 22 0.3588241
16 22 0.3527522
17 22 0.35456842
18 22 0.3585123
19 22 0.38683918
20 22 0.43770373
21 22 0.44872612
22 22 0.4469343
23 22 0.4611628
24 22 0.47156093
25 22 0.4735248
26 22 0.33458543
27 22 0.2780394
28 22 0.28620872
29 22 0.28891042
30 22 0.2955045
0 23 0.36643675
1 23 0.36712694
2 23 0.36521775
3 23 0.37262997
4 23 0.42730364
5 23 0.48628673
6 23 0.48693055
7 23 0.47582883
8 23 0.46690142
9 23 0.45436463
10 23 0.44929546
11 23 0.45565662
12 23 0.44753662
13 23 0.42468202
14 23 0.41520604
15 23 0.40098196
16 23 0.3967363
17 23 0.3985007
18 23 0.39833105
19 23 0.3999192
20 23 0.39673752
21 23 0.39697286
22 23 0.3869378
23 23 0.3844258
24 23 0.38243577
25 23 0.37634194
26 23 0.36926347
27 23 0.3677749
28 23 0.37245613
29 23 0.37167975
30 23 0.36650413
0 24 0.40726283
1 24 0.4094545
2 24 0.409767
3 24 0.4123752
4 24 0.4151018
5 24 0.4131025
6 24 0.40895352
7 24 0.40006104
8 24 0.39694357
9 24 0.3956579
10 24 0.39081848
11 24 0.39652193
12 24 0.39710274
13 24 0.38742316
14 24 0.3575128
15 24 0.2913145
16 24 0.2923111
17 24 0.30459598
18 24 0.30773884
19 24 0.31346476
20 24 0.31838524
21 24 0.30843222
22 24 0.31406534
23 24 0.31019932
24 24 0.30587137
25 24 0.3154736
26 24 0.32462117
27 24 0.32813808
28 24 0.32799378
29 24 0.32956412
30 24 0.33060026
0 25 0.3779174
1 25 0.3796977
2 25 0.3842764
3 25 0.38479543
4 25 0.38629496
5 25 0.38504985
6 25 0.38228709
7 25 0.40090066
8 25 0.42636076
9 25 0.40672645
10 25 0.3825012
11 25 0.38208935
12 25 0.38930136
13 25 0.38808358
14 25 0.38554057
15 25 0.38496855
16 25 0.38410768
17 25 0.38343653
18 25 0.37676457
19 25 0.37261018
20 25 0.35512018
21 25 0.36644846
22 25 0.3667583
23 25 0.3661484
24 25 0.3638376
25 25 0.36195037
26 25 0.36239153
27 25 0.3591073
28 25 0.35702524
29 25 0.3557359
30 25 0.35400736
0 26 0.38310695
1 26 0.40613633
2 26 0.30352417
3 26 0.34613958
4 26 0.37753484
5 26 0.28958768
6 26 0.3216846
7 26 0.3027229
8 26 0.3165256
9 26 0.31469646
10 26 0.3191604
11 26 0.32100517
12 26 0.31955054
13 26 0.3161557
14 26 0.3185217
15 26 0.32030252
16 26 0.3156203
17 26 0.31117493
18 26 0.31519598
19 26 0.3107562
20 26 0.30984214
21 26 0.3146999
22 26 0.3160671
23 26 0.31660715
24 26 0.3189861
25 26 0.3198428
26 26 0.3178635
27 26 0.3038164
28 26 0.31075013
29 26 0.31387955
30 26 0.3176826
0 27 0.34766912
1 27 0.3506902
2 27 0.35153955
3 27 0.3480119
4 27 0.34721038
5 27 0.34553948
6 27 0.34148228
7 27 0.3386619
8 27 0.33924055
9 27 0.33982575
10 27 0.3356365
11 27 0.3322695
12 27 0.32509896
13 27 0.3255284
14 27 0.32934245
15 27 0.33040982
16 27 0.3273285
17 27 0.32218656
18 27 0.31462443
19 27 0.31428826
20 27 0.31744626
21 27 0.32068875
22 27 0.32419708
23 27 0.32342243
24 27 0.32110524
25 27 0.3228072
26 27 0.33461717
27 27 0.41755056
28 27 0.42825973
29 27 0.41366038
30 27 0.40858853
0 28 0.41039056
1 28 0.32759753
2 28 0.31999952
3 28 0.3146999
4 28 0.30353492
5 28 0.30292284
6 28 0.29752725
7 28 0.29819107
8 28 0.3004389
9 28 0.29953754
10 28 0.45265144
11 28 0.6245274
12 28 0.54059565
13 28 0.59431916
14 28 0.6176647
15 28 0.5932386
16 28 0.63931936
17 28 0.62683994
18 28 0.6076985
19 28 0.7351541
20 28 0.6771336
21 28 0.67015505
22 28 0.68130976
23 28 0.6708501
24 28 0.60918415
25 28 0.59540874
26 28 0.5872837
27 28 0.55601805
28 28 0.5567214
29 28 0.55176604
30 28 0.5561201
0 29 0.61818033
1 29 0.6150783
2 29 0.6144608
3 29 0.60801464
4 29 0.60850245
5 29 0.60326266
6 29 0.59092164
7 29 0.57837653
8 29 0.5792674
9 29 0.5711889
10 29 0.5615638
11 29 0.5507299
12 29 0.54081786
13 29 0.5342152
14 29 0.5181984
15 29 0.51512676
16 29 0.5075112
17 29 0.49725273
18 29 0.48769766
19 29 0.48391977
20 29 0.4782163
21 29 0.47575995
22 29 0.4742138
23 29 0.46621612
24 29 0.4605019
25 29 0.4547213
26 29 0.44744337
27 29 0.4437441
28 29 0.43733457
29 29 0.43246242
30 29 0.4304995
0 30 0.44736916
1 30 0.44285566
2 30 0.4351568
3 30 0.43283644
4 30 0.4264848
5 30 0.42056918
6 30 0.41560525
7 30 0.40754873
8 30 0.4083893
9 30 0.40335357
10 30 0.39252505
11 30 0.38862583
12 30 0.38429275
13 30 0.38264355
14 30 0.36639452
15 30 0.36789966
16 30 0.36362836
17 30 0.36010757
18 30 0.3551861
19 30 0.35642317
20 30 0.3564256
21 30 0.353376
22 30 0.34824824
23 30 0.3450839
24 30 0.33568898
25 30 0.33817974
26 30 0.33949763
27 30 0.33401072
28 30 0.33163545
29 30 0.3316574
30 30 0.33376268
