0 0 -0.3012922
1 0 -0.30128294
2 0 -0.30102706
3 0 -0.30276805
4 0 -0.3023093
5 0 -0.30285767
6 0 -0.30186155
7 0 -0.30226585
8 0 -0.3012258
9 0 -0.30100778
10 0 -0.30038327
11 0 -0.30087498
12 0 -0.30011642
13 0 -0.29956684
14 0 -0.29902434
15 0 -0.29828313
16 0 -0.297903
17 0 -0.29776382
18 0 -0.29706925
19 0 -0.29689613
20 0 -0.2967157
21 0 -0.2962101
22 0 -0.2955646
23 0 -0.2956764
24 0 -0.29565272
25 0 -0.2955431
26 0 -0.29500085
27 0 -0.29467762
28 0 -0.29490784
29 0 -0.29432482
30 0 -0.2949049
0 1 -0.29562196
1 1 -0.29729167
2 1 -0.29722086
3 1 -0.2966354
4 1 -0.29650208
5 1 -0.29597864
6 1 -0.29585293
7 1 -0.2961166
8 1 -0.29596594
9 1 -0.2959413
10 1 -0.29626504
11 1 -0.2955885
12 1 -0.29667884
13 1 -0.2963146
14 1 -0.29616737
15 1 -0.29481286
16 1 -0.2943463
17 1 -0.29342833
18 1 -0.29285556
19 1 -0.29265755
20 1 -0.2928873
21 1 -0.29221466
22 1 -0.2922691
23 1 -0.29323837
24 1 -0.2929986
25 1 -0.2936068
26 1 -0.29310995
27 1 -0.29374474
28 1 -0.29382017
29 1 -0.29342148
30 1 -0.29317245
0 2 -0.29494983
1 2 -0.29353648
2 2 -0.29297617
3 2 -0.29216903
4 2 -0.29184553
5 2 -0.29160333
6 2 -0.29122955
7 2 -0.29086968
8 2 -0.29042923
9 2 -0.2906475
10 2 -0.29030156
11 2 -0.289876
12 2 -0.2923741
13 2 -0.29199398
14 2 -0.29178107
15 2 -0.2915555
16 2 -0.2908211
17 2 -0.28977007
18 2 -0.2891663
19 2 -0.28894314
20 2 -0.2884922
21 2 -0.28806567
22 2 -0.2883074
23 2 -0.2883611
24 2 -0.28756055
25 2 -0.28743702
26 2 -0.28692186
27 2 -0.28637668
28 2 -0.2864465
29 2 -0.2861379
30 2 -0.28581908
0 3 -0.28601512
1 3 -0.28672606
2 3 -0.28525144
3 3 -0.28567258
4 3 -0.28634447
5 3 -0.28562108
6 3 -0.28439692
7 3 -0.2845881
8 3 -0.2846489
9 3 -0.28397065
10 3 -0.28378534
11 3 -0.28425753
12 3 -0.28274897
13 3 -0.28322163
14 3 -0.28243694
15 3 -0.28160512
16 3 -0.28149405
17 3 -0.28127944
18 3 -0.28059438
19 3 -0.28015125
20 3 -0.27969155
21 3 -0.28068936
22 3 -0.28162003
23 3 -0.2804352
24 3 -0.28018275
25 3 -0.27952185
26 3 -0.2798097
27 3 -0.2791588
28 3 -0.2780643
29 3 -0.27757505
30 3 -0.27717513
0 4 -0.27672592
1 4 -0.27747348
2 4 -0.2757801
3 4 -0.27607504
4 4 -0.27520537
5 4 -0.27457476
6 4 -0.27370194
7 4 -0.27399662
8 4 -0.27333817
9 4 -0.27302787
10 4 -0.27253395
11 4 -0.27230933
12 4 -0.27173147
13 4 -0.27346683
14 4 -0.27300882
15 4 -0.27246046
16 4 -0.27253273
17 4 -0.27158326
18 4 -0.27226588
19 4 -0.2719563
20 4 -0.27184668
21 4 -0.27085838
22 4 -0.27045384
23 4 -0.26992527
24 4 -0.2696047
25 4 -0.26937303
26 4 -0.26898238
27 4 -0.27289823
28 4 -0.27207324
29 4 -0.27175954
30 4 -0.27151343
0 5 -0.27104786
1 5 -0.27050292
2 5 -0.26897505
3 5 -0.26825947
4 5 -0.26793036
5 5 -0.26787543
6 5 -0.26756048
7 5 -0.2669167
8 5 -0.26626262
9 5 -0.26609245
10 5 -0.26652947
11 5 -0.26572087
12 5 -0.2668969
13 5 -0.26722333
14 5 -0.26656267
15 5 -0.2666452
16 5 -0.26715788
17 5 -0.26625383
18 5 -0.2661093
19 5 -0.2675639
20 5 -0.2671828
21 5 -0.2664494
22 5 -0.26582268
23 5 -0.26532608
24 5 -0.26493692
25 5 -0.26405922
26 5 -0.263547
27 5 -0.2640856
28 5 -0.2630641
29 5 -0.2622777
30 5 -0.2617745
0 6 -0.26635173
1 6 -0.26634613
2 6 -0.26567814
3 6 -0.26452088
4 6 -0.26345423
5 6 -0.26292565
6 6 -0.2624591
7 6 -0.26184922
8 6 -0.26166415
9 6 -0.26378992
10 6 -0.26577312
11 6 -0.26509586
12 6 -0.26662248
13 6 -0.26670453
14 6 -0.26616618
15 6 -0.26597112
16 6 -0.26593742
17 6 -0.2661696
18 6 -0.2660468
19 6 -0.26588517
20 6 -0.2656801
21 6 -0.26554996
22 6 -0.26574576
23 6 -0.2657382
24 6 -0.2658539
25 6 -0.26528847
26 6 -0.26530412
27 6 -0.26531413
28 6 -0.2651869
29 6 -0.2677204
30 6 -0.26693034
0 7 -0.26287878
1 7 -0.2629486
2 7 -0.26393983
3 7 -0.2639845
4 7 -0.2636117
5 7 -0.26362953
6 7 -0.26358312
7 7 -0.26375625
8 7 -0.26391613
9 7 -0.26425746
10 7 -0.26465592
11 7 -0.26686078
12 7 -0.26779488
13 7 -0.2680317
14 7 -0.26831442
15 7 -0.26856783
16 7 -0.268393
17 7 -0.26842305
18 7 -0.26807392
19 7 -0.26695013
20 7 -0.26711884
21 7 -0.26688373
22 7 -0.26693353
23 7 -0.26707658
24 7 -0.2671762
25 7 -0.26728266
26 7 -0.26726213
27 7 -0.26736224
28 7 -0.2671213
29 7 -0.26744622
30 7 -0.26729754
0 8 -0.27096143
1 8 -0.27088282
2 8 -0.27080736
3 8 -0.27104247
4 8 -0.2704487
5 8 -0.27035156
6 8 -0.2703513
7 8 -0.27049536
8 8 -0.27080274
9 8 -0.270687
10 8 -0.2722815
11 8 -0.27243045
12 8 -0.2726128
13 8 -0.27193263
14 8 -0.27216163
15 8 -0.27179664
16 8 -0.27233106
17 8 -0.27206373
18 8 -0.27180398
19 8 -0.2717444
20 8 -0.27124146
21 8 -0.27091846
22 8 -0.2705525
23 8 -0.27005565
24 8 -0.26978537
25 8 -0.27077195
26 8 -0.2696074
27 8 -0.26886764
28 8 -0.26812008
29 8 -0.2673737
30 8 -0.27003977
0 9 -0.27291238
1 9 -0.27105346
2 9 -0.2700239
3 9 -0.26917136
4 9 -0.2687861
5 9 -0.26840597
6 9 -0.26822677
7 9 -0.2701638
8 9 -0.26964256
9 9 -0.2706787
10 9 -0.2703452
11 9 -0.27006614
12 9 -0.27089843
13 9 -0.26899752
14 9 -0.26802632
15 9 -0.26769087
16 9 -0.26697674
17 9 -0.26596868
18 9 -0.26453823
19 9 -0.26343834
20 9 -0.26236022
21 9 -0.26146153
22 9 -0.2605169
23 9 -0.26667082
24 9 -0.26520622
25 9 -0.26363343
26 9 -0.26235777
27 9 -0.260899
28 9 -0.25956622
29 9 -0.25820953
30 9 -0.25707254
0 10 -0.25333467
1 10 -0.25242013
2 10 -0.25095037
3 10 -0.24948013
4 10 -0.24838221
5 10 -0.24744275
6 10 -0.24648204
7 10 -0.24887758
8 10 -0.2482604
9 10 -0.24785365
10 10 -0.24725182
11 10 -0.24695715
12 10 -0.24709387
13 10 -0.24667858
14 10 -0.24627794
15 10 -0.2461566
16 10 -0.2463734
17 10 -0.24595787
18 10 -0.2455538
19 10 -0.24530795
20 10 -0.24507968
21 10 -0.24488826
22 10 -0.24471736
23 10 -0.2445843
24 10 -0.24463338
25 10 -0.24442904
26 10 -0.24427596
27 10 -0.24390973
28 10 -0.24372712
29 10 -0.2439942
30 10 -0.24351594
0 11 -0.24661218
1 11 -0.24567491
2 11 -0.24462752
3 11 -0.24384552
4 11 -0.24325909
5 11 -0.24357966
6 11 -0.24311016
7 11 -0.24450374
8 11 -0.24437043
9 11 -0.24411726
10 11 -0.24402961
11 11 -0.24501693
12 11 -0.24495369
13 11 -0.24494027
14 11 -0.24502572
15 11 -0.24494076
16 11 -0.24511337
17 11 -0.24506283
18 11 -0.24463363
19 11 -0.24504282
20 11 -0.23210023
21 11 -0.23860717
22 11 -0.24033937
23 11 -0.24105008
24 11 -0.24159965
25 11 -0.241887
26 11 -0.2423145
27 11 -0.24242876
28 11 -0.24257573
29 11 -0.24278277
30 11 -0.2429522
0 12 -0.2474425
1 12 -0.24672447
2 12 -0.24786513
3 12 -0.24696863
4 12 -0.24674499
5 12 -0.24661265
6 12 -0.2470548
7 12 -0.2470675
8 12 -0.24750428
9 12 -0.24719812
10 12 -0.24818788
11 12 -0.2484164
12 12 -0.24801673
13 12 -0.24749695
14 12 -0.24723694
15 12 -0.24719177
16 12 -0.24717224
17 12 -0.24697521
18 12 -0.24769202
19 12 -0.24542685
20 12 -0.24831069
21 12 -0.24624816
22 12 -0.2267232
23 12 -0.23448406
24 12 -0.23774582
25 12 -0.23966822
26 12 -0.24132645
27 12 -0.24208915
28 12 -0.24285161
29 12 -0.24347809
30 12 -0.24405916
0 13 -0.24830335
1 13 -0.24813758
2 13 -0.24861024
3 13 -0.24833485
4 13 -0.24831508
5 13 -0.24831313
6 13 -0.24862026
7 13 -0.24888393
8 13 -0.24905166
9 13 -0.2493627
10 13 -0.25156343
11 13 -0.2520134
12 13 -0.25154218
13 13 -0.2510485
14 13 -0.25094938
15 13 -0.2506032
16 13 -0.2507277
17 13 -0.25078264
18 13 -0.25093547
19 13 -0.2472301
20 13 -0.24521713
21 13 -0.24870619
22 13 -0.24916054
23 13 -0.24959587
24 13 -0.2498488
25 13 -0.2501225
26 13 -0.2503515
27 13 -0.25051874
28 13 -0.25082707
29 13 -0.25101092
30 13 -0.2509521
0 14 -0.25568604
1 14 -0.25466746
2 14 -0.2543457
3 14 -0.25392136
4 14 -0.25358787
5 14 -0.25356784
6 14 -0.25366014
7 14 -0.2538242
8 14 -0.25397533
9 14 -0.25599512
10 14 -0.2578826
11 14 -0.2577339
12 14 -0.2572183
13 14 -0.25726786
14 14 -0.25792778
15 14 -0.25838822
16 14 -0.25740385
17 14 -0.25597292
18 14 -0.2575689
19 14 -0.2586949
20 14 -0.25901347
21 14 -0.25793388
22 14 -0.25848857
23 14 -0.25864655
24 14 -0.25141913
25 14 -0.25720292
26 14 -0.2583814
27 14 -0.25895026
28 14 -0.25914997
29 14 -0.25961873
30 14 -0.25988826
0 15 -0.2599959
1 15 -0.26005867
2 15 -0.26072568
3 15 -0.26010603
4 15 -0.2597259
5 15 -0.25946394
6 15 -0.2593824
7 15 -0.25930133
8 15 -0.2607137
9 15 -0.26074567
10 15 -0.26154184
11 15 -0.2626627
12 15 -0.26360315
13 15 -0.2628563
14 15 -0.26201695
15 15 -0.26182115
16 15 -0.2526196
17 15 -0.25805083
18 15 -0.25986603
19 15 -0.221144
20 15 -0.25526637
21 15 -0.25760356
22 15 -0.2530434
23 15 -0.258356
24 15 -0.25944123
25 15 -0.26034847
26 15 -0.26071247
27 15 -0.26123154
28 15 -0.26163658
29 15 -0.2617904
30 15 -0.2620167
0 16 -0.26364443
1 16 -0.2630875
2 16 -0.26340175
3 16 -0.26307213
4 16 -0.2631776
5 16 -0.26296496
6 16 -0.26292664
7 16 -0.26306725
8 16 -0.2631803
9 16 -0.2634508
10 16 -0.2642362
11 16 -0.26373208
12 16 -0.26359728
13 16 -0.26273474
14 16 -0.26291028
15 16 -0.25859135
16 16 -0.25406736
17 16 -0.2565779
18 16 -0.25730497
19 16 -0.25735524
20 16 -0.2579378
21 16 -0.2576055
22 16 -0.2588792
23 16 -0.25906572
24 16 -0.25762308
25 16 -0.25903693
26 16 -0.25951177
27 16 -0.25981647
28 16 -0.2600345
29 16 -0.2602298
30 16 -0.26028377
0 17 -0.2624867
1 17 -0.2630758
2 17 -0.26176304
3 17 -0.26158652
4 17 -0.26155624
5 17 -0.26203525
6 17 -0.26190293
7 17 -0.2641852
8 17 -0.26485902
9 17 -0.265902
10 17 -0.26830903
11 17 -0.2686142
12 17 -0.26876608
13 17 -0.26860544
14 17 -0.26953122
15 17 -0.26937008
16 17 -0.26889694
17 17 -0.26902437
18 17 -0.26609415
19 17 -0.266226
20 17 -0.26665056
21 17 -0.2675119
22 17 -0.26448914
23 17 -0.26332557
24 17 -0.26374355
25 17 -0.2660949
26 17 -0.26615936
27 17 -0.26637003
28 17 -0.26643327
29 17 -0.2665329
30 17 -0.2665756
0 18 -0.26716936
1 18 -0.26716423
2 18 -0.26664153
3 18 -0.26641083
4 18 -0.26617864
5 18 -0.26594692
6 18 -0.2658964
7 18 -0.26601675
8 18 -0.2661491
9 18 -0.26613614
10 18 -0.26686907
11 18 -0.2670827
12 18 -0.2669987
13 18 -0.24854751
14 18 -0.24151859
15 18 -0.23292324
16 18 -0.24984074
17 18 -0.25382665
18 18 -0.25591603
19 18 -0.25734207
20 18 -0.25531837
21 18 -0.25705692
22 18 -0.2584119
23 18 -0.25816387
24 18 -0.25910625
25 18 -0.25988898
26 18 -0.2602093
27 18 -0.2604073
28 18 -0.26060846
29 18 -0.26073983
30 18 -0.26089364
0 19 -0.26478335
1 19 -0.26440078
2 19 -0.2638937
3 19 -0.26374596
4 19 -0.263714
5 19 -0.2635055
6 19 -0.26349622
7 19 -0.26344642
8 19 -0.26471913
9 19 -0.26390588
10 19 -0.2642057
11 19 -0.2642411
12 19 -0.26446474
13 19 -0.26292613
14 19 -0.2622003
15 19 -0.26322496
16 19 -0.26361805
17 19 -0.26144442
18 19 -0.25172332
19 19 -0.25302902
20 19 -0.25516674
21 19 -0.25862262
22 19 -0.26005843
23 19 -0.24996965
24 19 -0.25852054
25 19 -0.2599627
26 19 -0.2607889
27 19 -0.26131406
28 19 -0.2616307
29 19 -0.26183286
30 19 -0.26203623
0 20 -0.26282164
1 20 -0.26267615
2 20 -0.2627479
3 20 -0.26272863
4 20 -0.2627606
5 20 -0.26277867
6 20 -0.2637052
7 20 -0.2639269
8 20 -0.26362
9 20 -0.2635978
10 20 -0.26502797
11 20 -0.264808
12 20 -0.2649308
13 20 -0.26493472
14 20 -0.26232016
15 20 -0.26284117
16 20 -0.26389638
17 20 -0.26231262
18 20 -0.26304138
19 20 -0.2635353
20 20 -0.26517618
21 20 -0.25782183
22 20 -0.26095393
23 20 -0.2610804
24 20 -0.26232457
25 20 -0.2625011
26 20 -0.26280308
27 20 -0.26302648
28 20 -0.26322278
29 20 -0.26322913
30 20 -0.26309094
0 21 -0.26310876
1 21 -0.26361147
2 21 -0.26362512
3 21 -0.2624044
4 21 -0.2623778
5 21 -0.26231992
6 21 -0.26231042
7 21 -0.26228037
8 21 -0.26202768
9 21 -0.2620172
10 21 -0.26207554
11 21 -0.26433608
12 21 -0.2635172
13 21 -0.26329944
14 21 -0.26212168
15 21 -0.26210752
16 21 -0.25696316
17 21 -0.25257906
18 21 -0.24230058
19 21 -0.22675078
20 21 -0.23770066
21 21 -0.24419978
22 21 -0.24695934
23 21 -0.24927358
24 21 -0.25074992
25 21 -0.25203437
26 21 -0.25294185
27 21 -0.25359347
28 21 -0.25402462
29 21 -0.254385
30 21 -0.25467554
0 22 -0.2552361
1 22 -0.25500488
2 22 -0.2553733
3 22 -0.25487474
4 22 -0.25487134
5 22 -0.2546184
6 22 -0.2544741
7 22 -0.25424436
8 22 -0.2540432
9 22 -0.25556445
10 22 -0.2552722
11 22 -0.25561574
12 22 -0.25539258
13 22 -0.2554292
14 22 -0.25519335
15 22 -0.25508985
16 22 -0.25509715
17 22 -0.25404564
18 22 -0.2549331
19 22 -0.25176874
20 22 -0.25336862
21 22 -0.25392136
22 22 -0.25424558
23 22 -0.25473168
24 22 -0.25461423
25 22 -0.2546738
26 22 -0.25468895
27 22 -0.25472337
28 22 -0.25484154
29 22 -0.2548828
30 22 -0.25490502
0 23 -0.25786015
1 23 -0.2568987
2 23 -0.2564082
3 23 -0.25592384
4 23 -0.2557146
5 23 -0.25565746
6 23 -0.25560182
7 23 -0.25540993
8 23 -0.25559694
9 23 -0.25591847
10 23 -0.25606787
11 23 -0.25617456
12 23 -0.2562881
13 23 -0.25650832
14 23 -0.25659156
15 23 -0.25672048
16 23 -0.2577974
17 23 -0.25752664
18 23 -0.2576619
19 23 -0.25745586
20 23 -0.25728056
21 23 -0.25717777
22 23 -0.25699466
23 23 -0.2569351
24 23 -0.25678274
25 23 -0.25669435
26 23 -0.2566902
27 23 -0.25699344
28 23 -0.25724638
29 23 -0.2575364
30 23 -0.25860283
0 24 -0.25848174
1 24 -0.25834647
2 24 -0.25792095
3 24 -0.25772732
4 24 -0.25768486
5 24 -0.2574202
6 24 -0.25724247
7 24 -0.25714847
8 24 -0.2571023
9 24 -0.25718996
10 24 -0.25722903
11 24 -0.25728202
12 24 -0.2573677
13 24 -0.2574109
14 24 -0.25760087
15 24 -0.25772464
16 24 -0.25783232
17 24 -0.25794095
18 24 -0.2581304
19 24 -0.2583482
20 24 -0.25849345
21 24 -0.25868535
22 24 -0.2589776
23 24 -0.2593597
24 24 -0.25946856
25 24 -0.25968513
26 24 -0.2600218
27 24 -0.2602918
28 24 -0.2606014
29 24 -0.2608199
30 24 -0.26101646
0 25 -0.26259312
1 25 -0.26251426
2 25 -0.26353356
3 25 -0.26289538
4 25 -0.262839
5 25 -0.2629503
6 25 -0.2629437
7 25 -0.26299793
8 25 -0.26311877
9 25 -0.26329577
10 25 -0.26337636
11 25 -0.2652045
12 25 -0.2647826
13 25 -0.2647892
14 25 -0.26502407
15 25 -0.26533657
16 25 -0.2654816
17 25 -0.265611
18 25 -0.26574382
19 25 -0.26588103
20 25 -0.2661066
21 25 -0.26620403
22 25 -0.2663532
23 25 -0.26627678
24 25 -0.26637542
25 25 -0.26648235
26 25 -0.26657757
27 25 -0.26667228
28 25 -0.26659906
29 25 -0.2667448
30 25 -0.26696038
0 26 -0.2672326
1 26 -0.26678315
2 26 -0.2679201
3 26 -0.26929367
4 26 -0.26692304
5 26 -0.26657414
6 26 -0.26633635
7 26 -0.26607755
8 26 -0.2659472
9 26 -0.26594085
10 26 -0.2658798
11 26 -0.26626214
12 26 -0.26746258
13 26 -0.26733416
14 26 -0.2675168
15 26 -0.2676225
16 26 -0.26792306
17 26 -0.26782417
18 26 -0.2676081
19 26 -0.2677414
20 26 -0.2677236
21 26 -0.26775336
22 26 -0.26769647
23 26 -0.26753926
24 26 -0.26747772
25 26 -0.26749408
26 26 -0.2674875
27 26 -0.2675346
28 26 -0.26766083
29 26 -0.26779047
30 26 -0.26794037
0 27 -0.27525958
1 27 -0.27496368
2 27 -0.27469805
3 27 -0.27452716
4 27 -0.27433085
5 27 -0.27416754
6 27 -0.27412602
7 27 -0.27489775
8 27 -0.27486944
9 27 -0.2748709
10 27 -0.27482453
11 27 -0.27477765
12 27 -0.27479523
13 27 -0.27479717
14 27 -0.2750357
15 27 -0.27503788
16 27 -0.27541316
17 27 -0.27568537
18 27 -0.27591193
19 27 -0.2759571
20 27 -0.27595538
21 27 -0.27591437
22 27 -0.27578548
23 27 -0.27575323
24 27 -0.275701
25 27 -0.27559114
26 27 -0.27548543
27 27 -0.27537578
28 27 -0.2752718
29 27 -0.27521735
30 27 -0.27515143
0 28 -0.27639046
1 28 -0.2768492
2 28 -0.2772789
3 28 -0.27714145
4 28 -0.2768216
5 28 -0.27698714
6 28 -0.2767762
7 28 -0.27680722
8 28 -0.27691513
9 28 -0.27697006
10 28 -0.27736142
11 28 -0.27726376
12 28 -0.27759555
13 28 -0.27777573
14 28 -0.2778939
15 28 -0.2779476
16 28 -0.27789855
17 28 -0.2777545
18 28 -0.27763048
19 28 -0.2775416
20 28 -0.27794126
21 28 -0.2783712
22 28 -0.27772692
23 28 -0.27741146
24 28 -0.27723324
25 28 -0.27696908
26 28 -0.2767501
27 28 -0.276608
28 28 -0.2764564
29 28 -0.2764288
30 28 -0.27631477
0 29 -0.27680793
1 29 -0.27725276
2 29 -0.2767513
3 29 -0.27668342
4 29 -0.27650887
5 29 -0.27660775
6 29 -0.276764
7 29 -0.27700838
8 29 -0.27715877
9 29 -0.27731016
10 29 -0.27746642
11 29 -0.277368
12 29 -0.27726573
13 29 -0.2768922
14 29 -0.27667317
15 29 -0.27656013
16 29 -0.27673325
17 29 -0.276473
18 29 -0.2764603
19 29 -0.27648103
20 29 -0.27648738
21 29 -0.27651545
22 29 -0.2764935
23 29 -0.27651155
24 29 -0.2765084
25 29 -0.2765804
26 29 -0.2765755
27 29 -0.27664608
28 29 -0.27678695
29 29 -0.27697664
30 29 -0.27700767
0 30 -0.2789203
1 30 -0.27914318
2 30 -0.2788998
3 30 -0.2787655
4 30 -0.27866346
5 30 -0.2791798
6 30 -0.27900818
7 30 -0.27904725
8 30 -0.2789415
9 30 -0.27917102
10 30 -0.27906507
11 30 -0.27905506
12 30 -0.27912903
13 30 -0.27915394
14 30 -0.27950892
15 30 -0.27999038
16 30 -0.28047988
17 30 -0.28043714
18 30 -0.28017908
19 30 -0.28009924
20 30 -0.28021157
21 30 -0.28024966
22 30 -0.28030655
23 30 -0.2804977
24 30 -0.28067982
25 30 -0.28071597
26 30 -0.28090614
27 30 -0.28104043
28 30 -0.2815619
29 30 -0.2812792
30 30 -0.28134462
