0 0 0.5699489
1 0 0.570016
2 0 0.5699897
3 0 0.5699384
4 0 0.5700146
5 0 0.5701962
6 0 0.5706083
7 0 0.5707807
8 0 0.57099116
9 0 0.5710256
10 0 0.5712595
11 0 0.5714487
12 0 0.5715874
13 0 0.5716933
14 0 0.5717641
15 0 0.571916
16 0 0.57190424
17 0 0.571945
18 0 0.5719755
19 0 0.57213813
20 0 0.57222456
21 0 0.57223725
22 0 0.572268
23 0 0.5722844
24 0 0.57225657
25 0 0.57229465
26 0 0.5722468
27 0 0.5721579
28 0 0.5721103
29 0 0.5722014
30 0 0.5721748
0 1 0.5747302
1 1 0.57375926
2 1 0.5730659
3 1 0.57231736
4 1 0.57178414
5 1 0.57135373
6 1 0.57121724
7 1 0.5709892
8 1 0.57125384
9 1 0.57162106
10 1 0.57180804
11 1 0.5720432
12 1 0.5720605
13 1 0.5721543
14 1 0.5722256
15 1 0.57220453
16 1 0.5722495
17 1 0.57219994
18 1 0.5721279
19 1 0.57210296
20 1 0.572102
21 1 0.57210004
22 1 0.5721323
23 1 0.57205975
24 1 0.57196575
25 1 0.5718461
26 1 0.571738
27 1 0.57174385
28 1 0.57174313
29 1 0.5717939
30 1 0.571989
0 2 0.5744751
1 2 0.5735151
2 2 0.5727624
3 2 0.57216156
4 2 0.5715747
5 2 0.57115155
6 2 0.5708798
7 2 0.5711689
8 2 0.57173485
9 2 0.57199043
10 2 0.57223874
11 2 0.5722888
12 2 0.57227826
13 2 0.572271
14 2 0.57228
15 2 0.572413
16 2 0.5723728
17 2 0.5723215
18 2 0.57228243
19 2 0.5723755
20 2 0.57250047
21 2 0.57255566
22 2 0.57257444
23 2 0.57255757
24 2 0.57258004
25 2 0.57260007
26 2 0.5724687
27 2 0.57239693
28 2 0.5723296
29 2 0.5724384
30 2 0.5726045
0 3 0.5757862
1 3 0.57478833
2 3 0.5739807
3 3 0.5730476
4 3 0.5727148
5 3 0.57222503
6 3 0.571801
7 3 0.57191086
8 3 0.5721887
9 3 0.5724907
10 3 0.5727509
11 3 0.5728725
12 3 0.5730513
13 3 0.57319385
14 3 0.5733191
15 3 0.5734028
16 3 0.57339257
17 3 0.573373
18 3 0.57337403
19 3 0.57349753
20 3 0.5736672
21 3 0.57368433
22 3 0.57373756
23 3 0.573696
24 3 0.57368237
25 3 0.57361865
26 3 0.5734209
27 3 0.57327515
28 3 0.57325095
29 3 0.57328784
30 3 0.5734048
0 4 0.5767525
1 4 0.5757666
2 4 0.5750193
3 4 0.57422435
4 4 0.573771
5 4 0.5732598
6 4 0.5730305
7 4 0.573187
8 4 0.57335156
9 4 0.57374996
10 4 0.573917
11 4 0.5740784
12 4 0.57422656
13 4 0.5742317
14 4 0.5742517
15 4 0.5741921
16 4 0.574198
17 4 0.57405955
18 4 0.574113
19 4 0.57414454
20 4 0.5742539
21 4 0.57426465
22 4 0.5743052
23 4 0.5742954
24 4 0.57427734
25 4 0.5742595
26 4 0.57418823
27 4 0.5740083
28 4 0.57391846
29 4 0.5740027
30 4 0.5741343
0 5 0.57740676
1 5 0.5766055
2 5 0.57568216
3 5 0.57502663
4 5 0.57459915
5 5 0.57407665
6 5 0.57375586
7 5 0.5739336
8 5 0.57412696
9 5 0.5743164
10 5 0.5746143
11 5 0.57476074
12 5 0.57475734
13 5 0.5747583
14 5 0.5747483
15 5 0.57474977
16 5 0.57472974
17 5 0.5746511
18 5 0.5746155
19 5 0.57474047
20 5 0.574762
21 5 0.5748003
22 5 0.5748269
23 5 0.5748208
24 5 0.57478565
25 5 0.57474875
26 5 0.5745903
27 5 0.5743164
28 5 0.5742566
29 5 0.5742813
30 5 0.57445264
0 6 0.5776539
1 6 0.57680225
2 6 0.5762974
3 6 0.5757708
4 6 0.5753777
5 6 0.57475245
6 6 0.57460743
7 6 0.57475907
8 6 0.5750002
9 6 0.5751465
10 6 0.5752627
11 6 0.5752852
12 6 0.5752588
13 6 0.57526004
14 6 0.5752637
15 6 0.57508934
16 6 0.57497513
17 6 0.5749109
18 6 0.57493407
19 6 0.5750271
20 6 0.575167
21 6 0.57525027
22 6 0.57526463
23 6 0.5752627
24 6 0.57524467
25 6 0.57501394
26 6 0.5748579
27 6 0.5747527
28 6 0.5747097
29 6 0.5747583
30 6 0.5749746
0 7 0.5782901
1 7 0.57750785
2 7 0.57681376
3 7 0.57621485
4 7 0.57575417
5 7 0.575261
6 7 0.57514745
7 7 0.5753601
8 7 0.57567334
9 7 0.5756463
10 7 0.5758257
11 7 0.5759512
12 7 0.5758826
13 7 0.57596093
14 7 0.5757581
15 7 0.5756951
16 7 0.575439
17 7 0.5753394
18 7 0.575312
19 7 0.5754878
20 7 0.5756001
21 7 0.5757198
22 7 0.57559085
23 7 0.5754297
24 7 0.5753921
25 7 0.57516724
26 7 0.57500196
27 7 0.5748057
28 7 0.5747534
29 7 0.57476735
30 7 0.57523
0 8 0.57814485
1 8 0.5774439
2 8 0.57691115
3 8 0.5762713
4 8 0.57573295
5 8 0.57526344
6 8 0.5751514
7 8 0.5752588
8 8 0.57550174
9 8 0.57572854
10 8 0.5758257
11 8 0.5759453
12 8 0.57597464
13 8 0.575908
14 8 0.5757737
15 8 0.57571876
16 8 0.57531446
17 8 0.57518214
18 8 0.57515407
19 8 0.5752581
20 8 0.5752732
21 8 0.5752654
22 8 0.5752341
23 8 0.57521826
24 8 0.5751558
25 8 0.5750286
26 8 0.5747974
27 8 0.57468945
28 8 0.57451975
29 8 0.5746399
30 8 0.5749224
0 9 0.5757581
1 9 0.5748904
2 9 0.5742353
3 9 0.57174385
4 9 0.57142574
5 9 0.5715131
6 9 0.57172114
7 9 0.5718447
8 9 0.5723796
9 9 0.57277656
10 9 0.5732168
11 9 0.5735659
12 9 0.5737583
13 9 0.573875
14 9 0.57401365
15 9 0.5739922
16 9 0.5737817
17 9 0.57373726
18 9 0.5734902
19 9 0.5718957
20 9 0.5701176
21 9 0.570705
22 9 0.5716218
23 9 0.531512
24 9 0.56080425
25 9 0.5653951
26 9 0.5674486
27 9 0.568767
28 9 0.5696657
29 9 0.57066447
30 9 0.5713183
0 10 0.57047504
1 10 0.5708349
2 10 0.57121456
3 10 0.569184
4 10 0.56923676
5 10 0.56939614
6 10 0.56974405
7 10 0.5703322
8 10 0.57099384
9 10 0.5716462
10 10 0.57223874
11 10 0.572748
12 10 0.5728379
13 10 0.5729553
14 10 0.57299316
15 10 0.16124856
16 10 0.48492563
17 10 0.5177579
18 10 0.5269136
19 10 0.5369557
20 10 0.5439326
21 10 0.54923373
22 10 0.5525341
23 10 0.5548923
24 10 0.27196145
25 10 0.45140192
26 10 0.49648172
27 10 0.5137415
28 10 0.5242282
29 10 0.5329837
30 10 0.5385412
0 11 0.5551452
1 11 0.5561047
2 11 0.5567038
3 11 0.5545412
4 11 0.5552612
5 11 0.5561743
6 11 0.55697143
7 11 0.5582266
8 11 0.5591609
9 11 0.55998415
10 11 0.56073684
11 11 0.56146294
12 11 0.5620164
13 11 0.56244683
14 11 0.5627259
15 11 0.15880077
16 11 0.4499788
17 11 0.49875566
18 11 0.51542217
19 11 0.5216291
20 11 0.5180436
21 11 0.53119856
22 11 0.53678167
23 11 0.5403366
24 11 0.54380155
25 11 0.46863216
26 11 0.53581655
27 11 0.5422402
28 11 0.5454913
29 11 0.54831356
30 11 0.55034095
0 12 0.5488653
1 12 0.551255
2 12 0.55278826
3 12 0.5516266
4 12 0.5526974
5 12 0.5536525
6 12 0.5546384
7 12 0.55593234
8 12 0.5568723
9 12 0.5577827
10 12 0.55872434
11 12 0.5593191
12 12 0.55976146
13 12 0.5601719
14 12 0.29166976
15 12 0.36476755
16 12 0.4597529
17 12 0.49923494
18 12 0.51507527
19 12 0.52288663
20 12 0.5282242
21 12 0.44200748
22 12 0.5113757
23 12 0.08182205
24 12 0.39230677
25 12 0.24817519
26 12 0.4010296
27 12 0.44091618
28 12 0.464908
29 12 0.4788137
30 12 0.48954925
0 13 0.50786835
1 13 0.5137581
2 13 0.517964
3 13 0.5191205
4 13 0.52223945
5 13 0.524986
6 13 0.5277278
7 13 0.53040975
8 13 0.53247786
9 13 0.5343192
10 13 0.5361161
11 13 0.53767914
12 13 0.53883195
13 13 0.5396828
14 13 0.34136704
15 13 0.325347
16 13 0.44543797
17 13 0.46955675
18 13 0.484149
19 13 0.4941831
20 13 0.50171566
21 13 0.50788885
22 13 0.51290435
23 13 0.5168834
24 13 0.5200683
25 13 0.5226391
26 13 0.5252744
27 13 0.52746266
28 13 0.52938676
29 13 0.53126055
30 13 0.53297275
0 14 0.5188644
1 14 0.52426875
2 14 0.5282581
3 14 0.5296619
4 14 0.53182846
5 14 0.5342667
6 14 0.53614885
7 14 0.53777385
8 14 0.5390888
9 14 0.54029393
10 14 0.54141843
11 14 0.5425154
12 14 0.5432178
13 14 0.54386747
14 14 0.24657336
15 14 0.35964733
16 14 0.44994682
17 14 0.48196465
18 14 0.49636525
19 14 0.50586516
20 14 0.5125552
21 14 0.5160738
22 14 0.5174413
23 14 0.52448237
24 14 0.5273208
25 14 0.5295164
26 14 0.5313084
27 14 0.5335399
28 14 0.5350831
29 14 0.5364325
30 14 0.5376762
0 15 0.51823914
1 15 0.5241667
2 15 0.52889454
3 15 0.5308636
4 15 0.5327821
5 15 0.5346837
6 15 0.53671914
7 15 0.5382211
8 15 0.53960174
9 15 0.5407043
10 15 0.5418252
11 15 0.54276174
12 15 0.54358935
13 15 0.54418266
14 15 0.54468805
15 15 0.5453606
16 15 0.54573834
17 15 0.5462115
18 15 0.5467059
19 15 0.5473277
20 15 0.54791903
21 15 0.5483018
22 15 0.5486781
23 15 0.54888606
24 15 0.5491571
25 15 0.549609
26 15 0.5497462
27 15 0.55022544
28 15 0.5506742
29 15 0.55104506
30 15 0.5515861
0 16 0.5442896
1 16 0.54642314
2 16 0.5488646
3 16 0.548012
4 16 0.54798615
5 16 0.54872566
6 16 0.54965293
7 16 0.5504435
8 16 0.55101234
9 16 0.5515592
10 16 0.5520314
11 16 0.552539
12 16 0.55287343
13 16 0.5531679
14 16 0.5533979
15 16 0.55370915
16 16 0.5539321
17 16 0.5542101
18 16 0.5545241
19 16 0.55484074
20 16 0.5552302
21 16 0.5556257
22 16 0.5557631
23 16 0.5559775
24 16 0.55621237
25 16 0.5564514
26 16 0.5566382
27 16 0.5567243
28 16 0.5568386
29 16 0.55720043
30 16 0.5574397
0 17 0.5592432
1 17 0.5587454
2 17 0.5596536
3 17 0.5567937
4 17 0.55578023
5 17 0.555821
6 17 0.5562495
7 17 0.55666625
8 17 0.5569089
9 17 0.55718213
10 17 0.5574638
11 17 0.5577148
12 17 0.55789304
13 17 0.5580159
14 17 0.55811036
15 17 0.5582378
16 17 0.5583943
17 17 0.5585644
18 17 0.5587192
19 17 0.5589358
20 17 0.5592097
21 17 0.5593753
22 17 0.55958915
23 17 0.55971557
24 17 0.55975467
25 17 0.55990356
26 17 0.55993485
27 17 0.55997974
28 17 0.5601858
29 17 0.5604009
30 17 0.560669
0 18 0.56249565
1 18 0.5619771
2 18 0.56174934
3 18 0.56196296
4 18 0.559614
5 18 0.55872023
6 18 0.55871046
7 18 0.5589673
8 18 0.5592671
9 18 0.55963695
10 18 0.55978173
11 18 0.5599712
12 18 0.56016093
13 18 0.5602371
14 18 0.56030595
15 18 0.56046855
16 18 0.5605916
17 18 0.56067973
18 18 0.5607254
19 18 0.56082594
20 18 0.5610061
21 18 0.5611956
22 18 0.5612598
23 18 0.5613367
24 18 0.5614654
25 18 0.5614871
26 18 0.56161404
27 18 0.56172293
28 18 0.561763
29 18 0.5619837
30 18 0.56220466
0 19 0.5643014
1 19 0.56375104
2 19 0.5635968
3 19 0.56324106
4 19 0.56369317
5 19 0.5613926
6 19 0.5607034
7 19 0.56063455
8 19 0.56073785
9 19 0.56091505
10 19 0.56097734
11 19 0.5614048
12 19 0.5615735
13 19 0.56174934
14 19 0.561826
15 19 0.56192386
16 19 0.5620086
17 19 0.56206965
18 19 0.56212723
19 19 0.5622503
20 19 0.5624002
21 19 0.5626468
22 19 0.56271076
23 19 0.5627193
24 19 0.5627195
25 19 0.56280255
26 19 0.5629153
27 19 0.5631195
28 19 0.56324106
29 19 0.5634149
30 19 0.56364703
0 20 0.5653514
1 20 0.5647926
2 20 0.5646671
3 20 0.56458384
4 20 0.56440586
5 20 0.56467
6 20 0.5629759
7 20 0.56213945
8 20 0.56192464
9 20 0.56212115
10 20 0.5623189
11 20 0.5626488
12 20 0.5627796
13 20 0.5629464
14 20 0.5631834
15 20 0.5632122
16 20 0.56324273
17 20 0.5632342
18 20 0.5632899
19 20 0.5634432
20 20 0.56369615
21 20 0.5637286
22 20 0.5637098
23 20 0.5637303
24 20 0.5639085
25 20 0.56415313
26 20 0.5642415
27 20 0.5643741
28 20 0.56441855
29 20 0.56459165
30 20 0.56471956
0 21 0.56658775
1 21 0.5659528
2 21 0.5657318
3 21 0.5656705
4 21 0.5655597
5 21 0.5655228
6 21 0.56548256
7 21 0.5654564
8 21 0.5658553
9 21 0.5643946
10 21 0.563109
11 21 0.56285113
12 21 0.5630736
13 21 0.5634803
14 21 0.56373763
15 21 0.56403697
16 21 0.56424254
17 21 0.56430036
18 21 0.5643951
19 21 0.5646881
20 21 0.5647708
21 21 0.56496054
22 21 0.5650238
23 21 0.5651639
24 21 0.56527376
25 21 0.56548667
26 21 0.565617
27 21 0.5657123
28 21 0.5657335
29 21 0.565745
30 21 0.56578773
0 22 0.56733143
1 22 0.5667409
2 22 0.56647277
3 22 0.56635755
4 22 0.56627333
5 22 0.56625015
6 22 0.56623155
7 22 0.56621987
8 22 0.56623644
9 22 0.5671266
10 22 0.5650919
11 22 0.5640838
12 22 0.5639049
13 22 0.56421715
14 22 0.5645052
15 22 0.5648834
16 22 0.5651644
17 22 0.56529236
18 22 0.56544346
19 22 0.5656805
20 22 0.5658031
21 22 0.5659315
22 22 0.56600964
23 22 0.5661161
24 22 0.5662306
25 22 0.56634974
26 22 0.5664193
27 22 0.56643784
28 22 0.5664271
29 22 0.56642884
30 22 0.5665277
0 23 0.56772596
1 23 0.5669828
2 23 0.5667445
3 23 0.5666901
4 23 0.5665726
5 23 0.5664999
6 23 0.566413
7 23 0.5663507
8 23 0.5663126
9 23 0.56644565
10 23 0.5671278
11 23 0.56501037
12 23 0.5643138
13 23 0.5643109
14 23 0.5647225
15 23 0.5649857
16 23 0.56532675
17 23 0.5654911
18 23 0.56570446
19 23 0.56588465
20 23 0.5661571
21 23 0.5663036
22 23 0.566442
23 23 0.5665084
24 23 0.5666615
25 23 0.5667489
26 23 0.5667909
27 23 0.5667511
28 23 0.56674844
29 23 0.5668878
30 23 0.56696886
0 24 0.5682699
1 24 0.5676261
2 24 0.567329
3 24 0.56722695
4 24 0.5671205
5 24 0.567018
6 24 0.5669545
7 24 0.56690127
8 24 0.5668724
9 24 0.56684583
10 24 0.5668358
11 24 0.56680846
12 24 0.566818
13 24 0.5673192
14 24 0.56640077
15 24 0.56505793
16 24 0.56486756
17 24 0.5649906
18 24 0.5653512
19 24 0.56571764
20 24 0.56607676
21 24 0.56642175
22 24 0.5666881
23 24 0.56679624
24 24 0.5670067
25 24 0.56721324
26 24 0.56726676
27 24 0.5673312
28 24 0.5672973
29 24 0.56738955
30 24 0.5674628
0 25 0.56872696
1 25 0.5679525
2 25 0.567737
3 25 0.5675795
4 25 0.5674452
5 25 0.5673356
6 25 0.56725746
7 25 0.5672267
8 25 0.56719273
9 25 0.5671632
10 25 0.56713516
11 25 0.5670968
12 25 0.5670922
13 25 0.56714195
14 25 0.56720227
15 25 0.5671227
16 25 0.565765
17 25 0.56539756
18 25 0.56541026
19 25 0.5657548
20 25 0.5662384
21 25 0.56668884
22 25 0.5668478
23 25 0.567059
24 25 0.5672394
25 25 0.56741124
26 25 0.56756485
27 25 0.56764126
28 25 0.5676156
29 25 0.5676403
30 25 0.567734
0 26 0.56920475
1 26 0.56839955
2 26 0.56819034
3 26 0.56799597
4 26 0.5678627
5 26 0.56776506
6 26 0.56773967
7 26 0.56772083
8 26 0.5676798
9 26 0.5676295
10 26 0.56760097
11 26 0.56759095
12 26 0.5675895
13 26 0.5676322
14 26 0.5676996
15 26 0.5677311
16 26 0.56773794
17 26 0.56774646
18 26 0.56819814
19 26 0.5666493
20 26 0.56574595
21 26 0.5657767
22 26 0.56614536
23 26 0.5665238
24 26 0.5668341
25 26 0.56718546
26 26 0.567517
27 26 0.5677284
28 26 0.56773746
29 26 0.56787956
30 26 0.5680204
0 27 0.5692177
1 27 0.56863177
2 27 0.5682594
3 27 0.5681286
4 27 0.5679774
5 27 0.56787246
6 27 0.567777
7 27 0.56774455
8 27 0.5677394
9 27 0.56773454
10 27 0.56773084
11 27 0.5677311
12 27 0.5677321
13 27 0.567737
14 27 0.5677433
15 27 0.5677589
16 27 0.5677887
17 27 0.56781584
18 27 0.5679313
19 27 0.5681818
20 27 0.5665175
21 27 0.5661796
22 27 0.56624526
23 27 0.5666852
24 27 0.5670526
25 27 0.5674252
26 27 0.5677213
27 27 0.56786
28 27 0.5679603
29 27 0.56814295
30 27 0.5682638
0 28 0.5693876
1 28 0.56875527
2 28 0.5684794
3 28 0.5682714
4 28 0.5682069
5 28 0.568069
6 28 0.56796867
7 28 0.5678888
8 28 0.5678344
9 28 0.5677965
10 28 0.56777966
11 28 0.5677611
12 28 0.56776553
13 28 0.56778604
14 28 0.5678251
15 28 0.5678798
16 28 0.5679003
17 28 0.567925
18 28 0.56796086
19 28 0.56851697
20 28 0.56793886
21 28 0.56691396
22 28 0.5667445
23 28 0.5669432
24 28 0.5672655
25 28 0.5677418
26 28 0.5680065
27 28 0.5682006
28 28 0.5682289
29 28 0.56832826
30 28 0.5686015
0 29 0.56971747
1 29 0.5688671
2 29 0.56868035
3 29 0.5684247
4 29 0.5682714
5 29 0.56823134
6 29 0.5681476
7 29 0.5680375
8 29 0.5679867
9 29 0.56796277
10 29 0.5679352
11 29 0.5679201
12 29 0.5678981
13 29 0.5679306
14 29 0.5679545
15 29 0.5679789
16 29 0.56800383
17 29 0.56802064
18 29 0.568077
19 29 0.5681701
20 29 0.5682182
21 29 0.5682374
22 29 0.5682443
23 29 0.56878334
24 29 0.5676444
25 29 0.5667389
26 29 0.5667325
27 29 0.56679285
28 29 0.5671942
29 29 0.56751335
30 29 0.56783533
0 30 0.56845987
1 30 0.5676918
2 30 0.56734216
3 30 0.56722647
4 30 0.56710196
5 30 0.5670202
6 30 0.5669684
7 30 0.5669232
8 30 0.5669059
9 30 0.56691444
10 30 0.5669183
11 30 0.5669193
12 30 0.5669518
13 30 0.56698155
14 30 0.5670336
15 30 0.56711
16 30 0.5671573
17 30 0.56719667
18 30 0.56723475
19 30 0.5672699
20 30 0.5673129
21 30 0.56736684
22 30 0.5674137
23 30 0.567484
24 30 0.5691403
25 30 0.5679569
26 30 0.56718445
27 30 0.56711805
28 30 0.5673312
29 30 0.5677094
30 30 0.5680619
