0 0 0.37442127
1 0 0.3745316
2 0 0.3745409
3 0 0.37444812
4 0 0.37457994
5 0 0.37462732
6 0 0.37476793
7 0 0.3749027
8 0 0.37510437
9 0 0.37536952
10 0 0.37563613
11 0 0.37593666
12 0 0.3762487
13 0 0.37639004
14 0 0.37638173
15 0 0.3763727
16 0 0.37619862
17 0 0.37635878
18 0 0.37600967
19 0 0.37585902
20 0 0.37567517
21 0 0.37578723
22 0 0.3756337
23 0 0.3756383
24 0 0.375652
25 0 0.3757157
26 0 0.37578332
27 0 0.3758695
28 0 0.37587538
29 0 0.37590834
30 0 0.37598184
0 1 0.37713125
1 1 0.37687245
2 1 0.37655386
3 1 0.37687564
4 1 0.37701628
5 1 0.37719497
6 1 0.377372
7 1 0.37737638
8 1 0.37738442
9 1 0.3773981
10 1 0.37737957
11 1 0.37740764
12 1 0.37738907
13 1 0.37718767
14 1 0.37734783
15 1 0.37729678
16 1 0.37724236
17 1 0.3772885
18 1 0.37736687
19 1 0.3773688
20 1 0.37735367
21 1 0.3773002
22 1 0.37726626
23 1 0.37735686
24 1 0.377371
25 1 0.37737417
26 1 0.37737563
27 1 0.3773815
28 1 0.37741032
29 1 0.37745744
30 1 0.37750772
0 2 0.37837443
1 2 0.37801751
2 2 0.37769353
3 2 0.37811247
4 2 0.37830877
5 2 0.37837785
6 2 0.37838885
7 2 0.37840593
8 2 0.37842938
9 2 0.3784687
10 2 0.37839568
11 2 0.37840837
12 2 0.37837982
13 2 0.37813982
14 2 0.3783449
15 2 0.3781354
16 2 0.37805754
17 2 0.37796062
18 2 0.37788615
19 2 0.37785637
20 2 0.37782365
21 2 0.3776459
22 2 0.37762615
23 2 0.37764177
24 2 0.37770402
25 2 0.37779558
26 2 0.37786734
27 2 0.3778759
28 2 0.37789395
29 2 0.3779467
30 2 0.37812567
0 3 0.37886834
1 3 0.3784887
2 3 0.3781679
3 3 0.37864667
4 3 0.37873405
5 3 0.37882122
6 3 0.37886858
7 3 0.37887982
8 3 0.3788747
9 3 0.37884906
10 3 0.37882048
11 3 0.37883928
12 3 0.37887275
13 3 0.37855485
14 3 0.37855095
15 3 0.37844598
16 3 0.3783891
17 3 0.37837714
18 3 0.3784074
19 3 0.3782753
20 3 0.3780524
21 3 0.37805218
22 3 0.37799406
23 3 0.37803704
24 3 0.37815055
25 3 0.37834904
26 3 0.37840104
27 3 0.37852094
28 3 0.37862957
29 3 0.3790395
30 3 0.3789091
0 4 0.37949994
1 4 0.3793254
2 4 0.3789062
3 4 0.3793813
4 4 0.3795063
5 4 0.37962934
6 4 0.3796972
7 4 0.37979952
8 4 0.37982246
9 4 0.37969282
10 4 0.37969574
11 4 0.37970138
12 4 0.3796269
13 4 0.3794328
14 4 0.3795495
15 4 0.3794201
16 4 0.37937787
17 4 0.37914374
18 4 0.37889227
19 4 0.37849578
20 4 0.37816983
21 4 0.3778764
22 4 0.37781632
23 4 0.3778749
24 4 0.3779555
25 4 0.3782443
26 4 0.37837616
27 4 0.3784433
28 4 0.37867865
29 4 0.37885198
30 4 0.37905952
0 5 0.3796501
1 5 0.37939203
2 5 0.3791098
3 5 0.37958002
4 5 0.37968084
5 5 0.37986544
6 5 0.37989572
7 5 0.37996283
8 5 0.380019
9 5 0.3799875
10 5 0.3800185
11 5 0.38004562
12 5 0.38006613
13 5 0.37992403
14 5 0.37987983
15 5 0.37988082
16 5 0.37988666
17 5 0.379852
18 5 0.37956807
19 5 0.37906465
20 5 0.37855828
21 5 0.37788126
22 5 0.3775961
23 5 0.3775092
24 5 0.37760684
25 5 0.3778046
26 5 0.3779987
27 5 0.37829998
28 5 0.37840447
29 5 0.37859514
30 5 0.3788437
0 6 0.37992987
1 6 0.37970087
2 6 0.37943769
3 6 0.37989375
4 6 0.38004658
5 6 0.38019502
6 6 0.38036788
7 6 0.38038132
8 6 0.3803835
9 6 0.3803901
10 6 0.3804028
11 6 0.38046065
12 6 0.38038644
13 6 0.3802783
14 6 0.38031662
15 6 0.38039646
16 6 0.38068283
17 6 0.38063523
18 6 0.3715833
19 6 0.19889513
20 6 0.18790254
21 6 0.014353002
22 6 0.12988968
23 6 0.23315738
24 6 0.26232067
25 6 0.28139248
26 6 0.29168123
27 6 0.29925334
28 6 0.30511552
29 6 0.309879
30 6 0.31381023
0 7 0.32848182
1 7 0.32989788
2 7 0.3307858
3 7 0.33275852
4 7 0.33413035
5 7 0.3353479
6 7 0.3365186
7 7 0.3376868
8 7 0.33876592
9 7 0.3396949
10 7 0.34056112
11 7 0.34143907
12 7 0.34230748
13 7 0.34298596
14 7 0.3437206
15 7 0.344579
16 7 0.34452626
17 7 0.34161046
18 7 0.3394493
19 7 0.3370562
20 7 0.3358113
21 7 0.17438622
22 7 0.06669707
23 7 0.03874083
24 7 0.24345611
25 7 0.26713324
26 7 0.2800216
27 7 0.288595
28 7 0.29486364
29 7 0.29966182
30 7 0.3035481
0 8 0.29662198
1 8 0.3030593
2 8 0.3072823
3 8 0.31034458
4 8 0.3127196
5 8 0.3147858
6 8 0.31657296
7 8 0.31823534
8 8 0.3196919
9 8 0.32098344
10 8 0.32225055
11 8 0.32335627
12 8 0.32438093
13 8 0.3253873
14 8 0.3264591
15 8 0.32763368
16 8 0.32576498
17 8 0.32557872
18 8 0.32440656
19 8 0.32275105
20 8 0.31878394
21 8 0.3168679
22 8 0.21345785
23 8 0.023790158
24 8 0.14139743
25 8 0.22625297
26 8 0.25068524
27 8 0.26629144
28 8 0.27455083
29 8 0.2807001
30 8 0.28551218
0 9 0.28110293
1 9 0.2870947
2 9 0.290439
3 9 0.29401255
4 9 0.29663783
5 9 0.29931635
6 9 0.30090645
7 9 0.303073
8 9 0.30462626
9 9 0.3061717
10 9 0.30753547
11 9 0.30883455
12 9 0.31011486
13 9 0.31145495
14 9 0.31241104
15 9 0.31140563
16 9 0.3101854
17 9 0.25519848
18 9 0.28703246
19 9 0.29356796
20 9 0.2945797
21 9 0.2949132
22 9 0.27398124
23 9 0.029722624
24 9 0.024446419
25 9 0.16057985
26 9 0.21707803
27 9 0.23870897
28 9 0.25333908
29 9 0.26154476
30 9 0.26769915
0 10 0.26182774
1 10 0.2698933
2 10 0.27408865
3 10 0.27829477
4 10 0.2814418
5 10 0.28407514
6 10 0.286332
7 10 0.28874514
8 10 0.29058576
9 10 0.29228523
10 10 0.29380527
11 10 0.29538563
12 10 0.29675308
13 10 0.29836786
14 10 0.29809293
15 10 0.29758364
16 10 0.29847112
17 10 0.2975856
18 10 0.29619643
19 10 0.2918963
20 10 0.29314512
21 10 0.29552746
22 10 0.2796615
23 10 0.1173536
24 10 0.024786267
25 10 0.1576843
26 10 0.22201805
27 10 0.2428565
28 10 0.25436914
29 10 0.2632804
30 10 0.26856586
0 11 0.26746136
1 11 0.27252027
2 11 0.27523908
3 11 0.27831993
4 11 0.28065175
5 11 0.28271183
6 11 0.28448874
7 11 0.28641844
8 11 0.28791115
9 11 0.28927663
10 11 0.29067802
11 11 0.29199812
12 11 0.29321712
13 11 0.29454502
14 11 0.29521495
15 11 0.29560462
16 11 0.2939298
17 11 0.29119635
18 11 0.29367882
19 11 0.29347128
20 11 0.29053497
21 11 0.2930284
22 11 0.21284945
23 11 0.14143844
24 11 0.06666435
25 11 0.1445923
26 11 0.21526404
27 11 0.23606586
28 11 0.2476969
29 11 0.25673366
30 11 0.26221567
0 12 0.26453602
1 12 0.26893696
2 12 0.27118042
3 12 0.2738194
4 12 0.27596784
5 12 0.2777689
6 12 0.2795045
7 12 0.281247
8 12 0.28269085
9 12 0.28404194
10 12 0.28523117
11 12 0.28651586
12 12 0.28770727
13 12 0.28883156
14 12 0.28642625
15 12 0.28925052
16 12 0.28031117
17 12 0.27544636
18 12 0.25976592
19 12 0.23843163
20 12 0.26424915
21 12 0.2646808
22 12 0.23387076
23 12 0.19815269
24 12 0.033071306
25 12 0.14145163
26 12 0.21252157
27 12 0.23590131
28 12 0.24458943
29 12 0.2533469
30 12 0.2588006
0 13 0.2543242
1 13 -0.00176907
2 13 -0.0019206837
3 13 -0.0012558786
4 13 -0.0013298544
5 13 0.0075538266
6 13 0.0940383
7 13 0.07315737
8 13 0.13688955
9 13 0.17253926
10 13 0.10289049
11 13 0.018276647
12 13 0.014517312
13 13 0.07232801
14 13 0.15197693
15 13 0.17382126
16 13 0.17880815
17 13 0.19417436
18 13 0.19226246
19 13 0.17648512
20 13 0.16184182
21 13 0.092023626
22 13 0.12839527
23 13 0.09522436
24 13 0.027622493
25 13 0.12809229
26 13 0.16460945
27 13 0.1808226
28 13 0.19166382
29 13 0.19941199
30 13 0.2054045
0 14 0.20398676
1 14 0.21154255
2 14 0.19101635
3 14 0.0021011063
4 14 0.001752224
5 14 0.06893513
6 14 0.12429414
7 14 0.16503109
8 14 0.1765254
9 14 0.022255223
10 14 0.0024155644
11 14 0.009147845
12 14 0.020696117
13 14 0.0982808
14 14 0.14274485
15 14 0.16116506
16 14 0.17421654
17 14 0.18234508
18 14 0.1885234
19 14 0.19389188
20 14 0.19845274
21 14 0.14779621
22 14 0.07527776
23 14 0.034533486
24 14 0.08613535
25 14 0.16141677
26 14 0.18010676
27 14 0.18918258
28 14 0.19572468
29 14 0.20082729
30 14 0.2051357
0 15 0.20744996
1 15 0.21215633
2 15 0.21463951
3 15 0.21756266
4 15 0.22004536
5 15 0.22256078
6 15 0.22457375
7 15 0.22644585
8 15 0.2281761
9 15 0.22986607
10 15 0.23138073
11 15 0.23281533
12 15 0.23427555
13 15 0.23592426
14 15 0.23095763
15 15 0.23325406
16 15 0.23101671
17 15 0.23685177
18 15 0.23904906
19 15 0.2403108
20 15 0.24178104
21 15 0.18391053
22 15 0.09509325
23 15 0.046807844
24 15 0.15444767
25 15 0.18816157
26 15 0.20418379
27 15 0.21061309
28 15 0.21747501
29 15 0.22175607
30 15 0.22524759
0 16 0.22435841
1 16 0.22843416
2 16 0.23052697
3 16 0.23303677
4 16 0.23496942
5 16 0.23692305
6 16 0.23843773
7 16 0.23987843
8 16 0.24115212
9 16 0.24239214
10 16 0.24358527
11 16 0.24471712
12 16 0.24570933
13 16 0.24686706
14 16 0.2476327
15 16 0.24850576
16 16 0.24746081
17 16 0.24918252
18 16 0.2491752
19 16 0.25102606
20 16 0.25196308
21 16 0.24900551
22 16 0.21688955
23 16 0.24670225
24 16 0.2504328
25 16 0.25248605
26 16 0.25442722
27 16 0.25564626
28 16 0.25668386
29 16 0.25768998
30 16 0.258648
0 17 0.25319088
1 17 0.25560108
2 17 0.25660965
3 17 0.25816754
4 17 0.25928327
5 17 0.26015145
6 17 0.26083994
7 17 0.2615843
8 17 0.26223302
9 17 0.26291248
10 17 0.26358825
11 17 0.2641769
12 17 0.26467347
13 17 0.2652272
14 17 0.26571792
15 17 0.2663815
16 17 0.2668969
17 17 0.2673764
18 17 0.26781854
19 17 0.2683283
20 17 0.26877388
21 17 0.2693286
22 17 0.2699768
23 17 0.2706738
24 17 0.27135107
25 17 0.27193922
26 17 0.2724463
27 17 0.27295828
28 17 0.27351126
29 17 0.2740523
30 17 0.274491
0 18 0.2716079
1 18 0.27267042
2 18 0.27301052
3 18 0.27418143
4 18 0.27469122
5 18 0.27522492
6 18 0.27556038
7 18 0.27594808
8 18 0.2762535
9 18 0.27664706
10 18 0.27696663
11 18 0.27732894
12 18 0.27767172
13 18 0.27791172
14 18 0.27821934
15 18 0.27855578
16 18 0.27888292
17 18 0.27918836
18 18 0.27942273
19 18 0.279693
20 18 0.28003553
21 18 0.28026038
22 18 0.28067324
23 18 0.28104752
24 18 0.28135708
25 18 0.2817033
26 18 0.28219157
27 18 0.2824572
28 18 0.2828339
29 18 0.28319475
30 18 0.28345746
0 19 0.27752718
1 19 0.27934632
2 19 0.28000063
3 19 0.28126773
4 19 0.28191105
5 19 0.28245452
6 19 0.28278142
7 19 0.2831977
8 19 0.28350434
9 19 0.283873
10 19 0.28420746
11 19 0.28453168
12 19 0.2848386
13 19 0.28517357
14 19 0.28544846
15 19 0.2857307
16 19 0.28618234
17 19 0.28643113
18 19 0.28671288
19 19 0.28704736
20 19 0.28729567
21 19 0.28767505
22 19 0.28796607
23 19 0.28825295
24 19 0.28861234
25 19 0.2890623
26 19 0.28954887
27 19 0.28990823
28 19 0.29021195
29 19 0.2904715
30 19 0.29078156
0 20 0.29221565
1 20 0.29216975
2 20 0.29172125
3 20 0.29245687
4 20 0.29270223
5 20 0.29290268
6 20 0.29298592
7 20 0.29321566
8 20 0.29336044
9 20 0.29354528
10 20 0.29374766
11 20 0.2939796
12 20 0.2941915
13 20 0.2942169
14 20 0.2944686
15 20 0.29471448
16 20 0.29493272
17 20 0.29521692
18 20 0.2953717
19 20 0.2956239
20 20 0.29577968
21 20 0.29619423
22 20 0.296287
23 20 0.2965685
24 20 0.2967609
25 20 0.29714713
26 20 0.29736516
27 20 0.2977287
28 20 0.2979462
29 20 0.29822966
30 20 0.29848137
0 21 0.29992354
1 21 0.29984102
2 21 0.2997514
3 21 0.3002204
4 21 0.3003144
5 21 0.30049434
6 21 0.3005312
7 21 0.30073142
8 21 0.30081785
9 21 0.30098775
10 21 0.3012324
11 21 0.301249
12 21 0.30132076
13 21 0.301405
14 21 0.30152854
15 21 0.30171776
16 21 0.30179638
17 21 0.30198485
18 21 0.3021821
19 21 0.30223557
20 21 0.30233276
21 21 0.30247167
22 21 0.30301806
23 21 0.30310768
24 21 0.3032317
25 21 0.30331078
26 21 0.303459
27 21 0.30367285
28 21 0.3038257
29 21 0.30396315
30 21 0.30425906
0 22 0.3051482
1 22 0.30503982
2 22 0.30435646
3 22 0.3051548
4 22 0.30523732
5 22 0.30528444
6 22 0.30531034
7 22 0.30542263
8 22 0.30547243
9 22 0.3055313
10 22 0.30572855
11 22 0.30573344
12 22 0.30575103
13 22 0.30573806
14 22 0.30590189
15 22 0.30602446
16 22 0.30623883
17 22 0.30626664
18 22 0.30640873
19 22 0.30650297
20 22 0.30664825
21 22 0.3067686
22 22 0.30694073
23 22 0.30715728
24 22 0.30739972
25 22 0.30756697
26 22 0.30774298
27 22 0.30797616
28 22 0.30812898
29 22 0.30824423
30 22 0.30837336
0 23 0.30948374
1 23 0.30940586
2 23 0.30890095
3 23 0.30971274
4 23 0.30980697
5 23 0.30996373
6 23 0.3100123
7 23 0.3101317
8 23 0.310244
9 23 0.31025475
10 23 0.31040832
11 23 0.3104144
12 23 0.31073815
13 23 0.31051624
14 23 0.31066516
15 23 0.3107474
16 23 0.31092054
17 23 0.31113392
18 23 0.3112511
19 23 0.31132093
20 23 0.3114691
21 23 0.3115487
22 23 0.3117123
23 23 0.31181458
24 23 0.3119735
25 23 0.31214637
26 23 0.31225088
27 23 0.3123195
28 23 0.31244373
29 23 0.3125143
30 23 0.31267667
0 24 0.31347477
1 24 0.3132929
2 24 0.3127284
3 24 0.31353435
4 24 0.31374773
5 24 0.31378555
6 24 0.3138139
7 24 0.31389397
8 24 0.31393963
9 24 0.3139733
10 24 0.3140602
11 24 0.3139633
12 24 0.31428483
13 24 0.31402212
14 24 0.31415495
15 24 0.31424358
16 24 0.31425774
17 24 0.31430754
18 24 0.31440398
19 24 0.3144914
20 24 0.31457487
21 24 0.31471696
22 24 0.3147597
23 24 0.3148393
24 24 0.3150031
25 24 0.31514373
26 24 0.31541547
27 24 0.31532538
28 24 0.31544134
29 24 0.31552583
30 24 0.31568915
0 25 0.31675655
1 25 0.3166418
2 25 0.31651852
3 25 0.31695724
4 25 0.31719625
5 25 0.3172617
6 25 0.3172651
7 25 0.3173425
8 25 0.31740695
9 25 0.3174443
10 25 0.31750682
11 25 0.31746286
12 25 0.31758347
13 25 0.31747484
14 25 0.3175144
15 25 0.31755733
16 25 0.3177441
17 25 0.31776047
18 25 0.31778246
19 25 0.31784445
20 25 0.31794798
21 25 0.31822556
22 25 0.31826317
23 25 0.31828392
24 25 0.31837425
25 25 0.31846142
26 25 0.31851196
27 25 0.31860057
28 25 0.31871215
29 25 0.31876415
30 25 0.3188801
0 26 0.31972316
1 26 0.3195713
2 26 0.31934398
3 26 0.31977734
4 26 0.3199097
5 26 0.31998292
6 26 0.32003662
7 26 0.3201531
8 26 0.32021412
9 26 0.3202395
10 26 0.32026514
11 26 0.32024464
12 26 0.3202769
13 26 0.3202571
14 26 0.3202671
15 26 0.320272
16 26 0.32030275
17 26 0.32053468
18 26 0.32061404
19 26 0.32076466
20 26 0.32077006
21 26 0.3207947
22 26 0.32085893
23 26 0.32097682
24 26 0.3210718
25 26 0.32122758
26 26 0.32126835
27 26 0.32128617
28 26 0.32137772
29 26 0.32148612
30 26 0.3215496
0 27 0.32227325
1 27 0.32225028
2 27 0.3219617
3 27 0.32248834
4 27 0.32254815
5 27 0.32267365
6 27 0.322752
7 27 0.32277057
8 27 0.32278764
9 27 0.3227962
10 27 0.32281232
11 27 0.32277983
12 27 0.3228001
13 27 0.32312188
14 27 0.32303667
15 27 0.3231016
16 27 0.32317266
17 27 0.32325178
18 27 0.3232723
19 27 0.32327422
20 27 0.3232906
21 27 0.32337677
22 27 0.3234483
23 27 0.32356307
24 27 0.3237
25 27 0.3237635
26 27 0.32377693
27 27 0.32384503
28 27 0.32393953
29 27 0.32405356
30 27 0.32411337
0 28 0.3247784
1 28 0.3247203
2 28 0.32453963
3 28 0.3249415
4 28 0.32513046
5 28 0.3252413
6 28 0.32527134
7 28 0.32527646
8 28 0.3252777
9 28 0.3252933
10 28 0.32532823
11 28 0.32527718
12 28 0.32530552
13 28 0.32627696
14 28 0.32679576
15 28 0.3272648
16 28 0.32750085
17 28 0.32775405
18 28 0.32781264
19 28 0.32794374
20 28 0.32806727
21 28 0.32828212
22 28 0.3284247
23 28 0.3284938
24 28 0.32859242
25 28 0.32831678
26 28 0.32824305
27 28 0.32821766
28 28 0.32822865
29 28 0.32825723
30 28 0.328277
0 29 0.3291989
1 29 0.32888418
2 29 0.3283937
3 29 0.3292653
4 29 0.32930827
5 29 0.3294042
6 29 0.3294833
7 29 0.3295358
8 29 0.32955703
9 29 0.32962346
10 29 0.3296757
11 29 0.32949698
12 29 0.32968938
13 29 0.32973453
14 29 0.3297902
15 29 0.33004144
16 29 0.33024675
17 29 0.33027923
18 29 0.33031267
19 29 0.3303405
20 29 0.33044183
21 29 0.33051652
22 29 0.33057025
23 29 0.3306784
24 29 0.3307692
25 29 0.33080292
26 29 0.33085784
27 29 0.33095014
28 29 0.3310324
29 29 0.33116424
30 29 0.33127263
0 30 0.33183807
1 30 0.33174703
2 30 0.33118498
3 30 0.33203363
4 30 0.33223605
5 30 0.33228534
6 30 0.33229196
7 30 0.33229804
8 30 0.33229366
9 30 0.33230734
10 30 0.33229196
11 30 0.3321147
12 30 0.3320749
13 30 0.3320639
14 30 0.33208174
15 30 0.33210275
16 30 0.33213764
17 30 0.33223483
18 30 0.33226657
19 30 0.33229047
20 30 0.33228853
21 30 0.33229074
22 30 0.33228877
23 30 0.33229
24 30 0.3322929
25 30 0.3322939
26 30 0.33229977
27 30 0.33231613
28 30 0.33232638
29 30 0.33234322
30 30 0.33238837
