0 0 0.3270248
1 0 0.32703552
2 0 0.32705113
3 0 0.32699645
4 0 0.327058
5 0 0.32713783
6 0 0.3272716
7 0 0.32730457
8 0 0.32750988
9 0 0.3277589
10 0 0.32794496
11 0 0.32820204
12 0 0.32828775
13 0 0.3283937
14 0 0.32844642
15 0 0.32840663
16 0 0.32832998
17 0 0.32828188
18 0 0.32811806
19 0 0.32798377
20 0 0.32785803
21 0 0.32779944
22 0 0.32778382
23 0 0.32778773
24 0 0.32779798
25 0 0.32785022
26 0 0.32789662
27 0 0.32797036
28 0 0.3280287
29 0 0.32812515
30 0 0.32824427
0 1 0.3292604
1 1 0.32890055
2 1 0.32877848
3 1 0.3290783
4 1 0.32926285
5 1 0.32928434
6 1 0.32928556
7 1 0.329288
8 1 0.32928532
9 1 0.32928434
10 1 0.32925966
11 1 0.3292797
12 1 0.3290409
13 1 0.3288942
14 1 0.32886708
15 1 0.3289723
16 1 0.32887855
17 1 0.3288825
18 1 0.32887393
19 1 0.32885903
20 1 0.32876357
21 1 0.32881266
22 1 0.32891983
23 1 0.3289037
24 1 0.328943
25 1 0.32903188
26 1 0.329121
27 1 0.32926944
28 1 0.32928556
29 1 0.32933316
30 1 0.32946452
0 2 0.3302968
1 2 0.3299938
2 2 0.32992887
3 2 0.33028507
4 2 0.33029753
5 2 0.3303388
6 2 0.3303383
7 2 0.33037615
8 2 0.33034295
9 2 0.33033317
10 2 0.33030534
11 2 0.3302868
12 2 0.33018792
13 2 0.33014762
14 2 0.3299279
15 2 0.3299406
16 2 0.33002433
17 2 0.3300043
18 2 0.32999334
19 2 0.32996207
20 2 0.32980803
21 2 0.3298771
22 2 0.32992083
23 2 0.33000138
24 2 0.33012396
25 2 0.33028948
26 2 0.33032292
27 2 0.33043182
28 2 0.33053362
29 2 0.33065593
30 2 0.33078387
0 3 0.33177948
1 3 0.33140546
2 3 0.3310844
3 3 0.33166912
4 3 0.3317758
5 3 0.33179513
6 3 0.33180684
7 3 0.33183247
8 3 0.33181685
9 3 0.33179218
10 3 0.3317966
11 3 0.33179706
12 3 0.33161837
13 3 0.3317773
14 3 0.33151314
15 3 0.33153194
16 3 0.3315422
17 3 0.3315417
18 3 0.33151704
19 3 0.33150923
20 3 0.33147845
21 3 0.33143207
22 3 0.3314467
23 3 0.3315246
24 3 0.3315893
25 3 0.33176216
26 3 0.3318249
27 3 0.33198407
28 3 0.33224434
29 3 0.332289
30 3 0.33232954
0 4 0.33341086
1 4 0.3331882
2 4 0.3326887
3 4 0.3333037
4 4 0.3334165
5 4 0.3335129
6 4 0.33353856
7 4 0.33356908
8 4 0.33355784
9 4 0.333551
10 4 0.3335405
11 4 0.33357248
12 4 0.3334204
13 4 0.33367968
14 4 0.33336008
15 4 0.33352438
16 4 0.33353636
17 4 0.3335366
18 4 0.33347824
19 4 0.333489
20 4 0.33334103
21 4 0.33330345
22 4 0.33332345
23 4 0.3334292
24 4 0.33355343
25 4 0.3337749
26 4 0.33386594
27 4 0.3340693
28 4 0.33428928
29 4 0.33436424
30 4 0.3342705
0 5 0.33544776
1 5 0.3352522
2 5 0.33475366
3 5 0.33535156
4 5 0.33550635
5 5 0.33556202
6 5 0.33564308
7 5 0.33573803
8 5 0.33577248
9 5 0.3357903
10 5 0.33579665
11 5 0.3357981
12 5 0.33629397
13 5 0.33632448
14 5 0.336033
15 5 0.33610913
16 5 0.3361394
17 5 0.33619165
18 5 0.33587086
19 5 0.33557153
20 5 0.33530128
21 5 0.3351052
22 5 0.33501562
23 5 0.3351101
24 5 0.3352947
25 5 0.33548585
26 5 0.33572364
27 5 0.3358799
28 5 0.3361475
29 5 0.3362986
30 5 0.33640137
0 6 0.33731693
1 6 0.3371243
2 6 0.33659157
3 6 0.33730057
4 6 0.33733207
5 6 0.3375401
6 6 0.33759695
7 6 0.33772832
8 6 0.33779058
9 6 0.33784452
10 6 0.33784795
11 6 0.33792606
12 6 0.3377935
13 6 0.33779153
14 6 0.33780107
15 6 0.33792728
16 6 0.33813602
17 6 0.3378814
18 6 0.1221005
19 6 0.07317617
20 6 0.030111788
21 6 0.0045293663
22 6 0.09518065
23 6 0.19860606
24 6 0.22744952
25 6 0.24073294
26 6 0.24981876
27 6 0.25662452
28 6 0.26197985
29 6 0.26636004
30 6 0.26998338
0 7 0.28374824
1 7 0.28522336
2 7 0.28666332
3 7 0.28822315
4 7 0.28953788
5 7 0.29071903
6 7 0.29180697
7 7 0.29283065
8 7 0.29383433
9 7 0.29474914
10 7 0.29566762
11 7 0.29643738
12 7 0.2972106
13 7 0.29800993
14 7 0.29874894
15 7 0.29974627
16 7 0.299644
17 7 0.29647475
18 7 0.2935128
19 7 0.29399133
20 7 0.11361355
21 7 0.04524117
22 7 0.073579006
23 7 0.052923907
24 7 0.1875583
25 7 0.21522132
26 7 0.22779255
27 7 0.23628828
28 7 0.24268487
29 7 0.24773645
30 7 0.25185516
0 8 0.25265646
1 8 0.2578997
2 8 0.2607225
3 8 0.2639811
4 8 0.26659244
5 8 0.2684404
6 8 0.2701528
7 8 0.27169263
8 8 0.27302518
9 8 0.27429083
10 8 0.27553985
11 8 0.276691
12 8 0.27774277
13 8 0.27878234
14 8 0.2800563
15 8 0.28045034
16 8 0.27981701
17 8 0.28023207
18 8 0.27922595
19 8 0.27789
20 8 0.2690427
21 8 0.20867018
22 8 0.10016975
23 8 0.032441903
24 8 0.11950451
25 8 0.20355536
26 8 0.22109127
27 8 0.2313346
28 8 0.23827903
29 8 0.24350959
30 8 0.24763855
0 9 0.24582529
1 9 0.25136077
2 9 0.25432664
3 9 0.25765288
4 9 0.26026496
5 9 0.26213804
6 9 0.26375207
7 9 0.26527578
8 9 0.2666774
9 9 0.26800922
10 9 0.26916915
11 9 0.27031592
12 9 0.27139673
13 9 0.27233228
14 9 0.27366605
15 9 0.27132618
16 9 0.2721621
17 9 0.22480202
18 9 0.25411546
19 9 0.25670215
20 9 0.25587672
21 9 0.25774834
22 9 0.23694186
23 9 0.015692623
24 9 0.009028947
25 9 0.15052648
26 9 0.19885118
27 9 0.21415465
28 9 0.22365552
29 9 0.23037316
30 9 0.23546405
0 10 0.23478583
1 10 0.24046877
2 10 0.2436192
3 10 0.2470658
4 10 0.24983366
5 10 0.25180975
6 10 0.2535593
7 10 0.25521776
8 10 0.25670582
9 10 0.2581392
10 10 0.25947833
11 10 0.26068708
12 10 0.26195958
13 10 0.262933
14 10 0.2630348
15 10 0.26426455
16 10 0.26398402
17 10 0.26233312
18 10 0.2597674
19 10 0.25586623
20 10 0.2587762
21 10 0.2614122
22 10 0.21090972
23 10 0.08218265
24 10 0.037455652
25 10 0.15567939
26 10 0.18977635
27 10 0.21013749
28 10 0.21963471
29 10 0.22625126
30 10 0.23127258
0 11 0.2298795
1 11 0.23519427
2 11 0.23807396
3 11 0.24133205
4 11 0.24362849
5 11 0.24586754
6 11 0.24754749
7 11 0.24910073
8 11 0.25054315
9 11 0.25188887
10 11 0.25313082
11 11 0.2542888
12 11 0.25561816
13 11 0.25660965
14 11 0.25750956
15 11 0.2578958
16 11 0.25836724
17 11 0.25733304
18 11 0.25740653
19 11 0.25728273
20 11 0.25444067
21 11 0.25620535
22 11 0.19999574
23 11 0.12216739
24 11 0.040833388
25 11 0.13084672
26 11 0.19237013
27 11 0.2106065
28 11 0.22216673
29 11 0.22852205
30 11 0.23309927
0 12 0.23504436
1 12 0.2384895
2 12 0.2403506
3 12 0.24275444
4 12 0.24449715
5 12 0.24608847
6 12 0.24769251
7 12 0.2489899
8 12 0.25016326
9 12 0.2512917
10 12 0.25240475
11 12 0.25569582
12 12 0.25661403
13 12 0.25734282
14 12 0.25794122
15 12 0.25856328
16 12 0.256574
17 12 0.25932696
18 12 0.2554214
19 12 0.17368919
20 12 0.22649345
21 12 0.22798249
22 12 0.18241538
23 12 0.12499239
24 12 0.025898345
25 12 0.123991154
26 12 0.18431483
27 12 0.20272136
28 12 0.21472423
29 12 0.22119968
30 12 0.22616386
0 13 0.22560868
1 13 0.23007114
2 13 0.23258437
3 13 0.23533002
4 13 0.23741013
5 13 0.2395608
6 13 0.24116336
7 13 0.24266948
8 13 0.24412507
9 13 0.24541318
10 13 0.24665074
11 13 0.24781702
12 13 0.24898183
13 13 0.24589805
14 13 0.2182924
15 13 0.24084474
16 13 0.22481154
17 13 0.24348298
18 13 0.24523276
19 13 0.23132287
20 13 0.16707043
21 13 0.14250194
22 13 0.1269707
23 13 0.048713148
24 13 0.07908275
25 13 0.14110324
26 13 0.18282482
27 13 0.20062391
28 13 0.20915677
29 13 0.21529016
30 13 0.22002412
0 14 0.21457458
1 14 0.22074702
2 14 0.22420631
3 14 0.22750226
4 14 0.22997397
5 14 0.23207289
6 14 0.23421086
7 14 0.23586884
8 14 0.23739181
9 14 0.2387827
10 14 0.24017091
11 14 0.24141018
12 14 0.24262652
13 14 0.24159378
14 14 0.24402961
15 14 0.24512167
16 14 0.24613486
17 14 0.2470631
18 14 0.2478578
19 14 0.24864297
20 14 0.24945645
21 14 0.20887844
22 14 0.12220963
23 14 0.03698006
24 14 0.11409916
25 14 0.19734775
26 14 0.21328232
27 14 0.22042379
28 14 0.2253821
29 14 0.22930673
30 14 0.23228432
0 15 0.22682135
1 15 0.23128845
2 15 0.23386906
3 15 0.2365024
4 15 0.23840232
5 15 0.24029298
6 15 0.2416143
7 15 0.24295367
8 15 0.24414533
9 15 0.24518417
10 15 0.24624863
11 15 0.24723181
12 15 0.24826185
13 15 0.22309057
14 15 0.24273467
15 15 0.2464188
16 15 0.2480602
17 15 0.2495568
18 15 0.25004703
19 15 0.24988663
20 15 0.25174457
21 15 0.20534323
22 15 0.061963838
23 15 0.040339727
24 15 0.1635628
25 15 0.19391361
26 15 0.20698266
27 15 0.21617615
28 15 0.22142917
29 15 0.22549173
30 15 0.22879207
0 16 0.23009849
1 16 0.23351529
2 16 0.23561591
3 16 0.23799095
4 16 0.23961915
5 16 0.24128836
6 16 0.24245366
7 16 0.24361384
8 16 0.24465218
9 16 0.24566807
10 16 0.24668518
11 16 0.2477096
12 16 0.24877992
13 16 0.24936344
14 16 0.2473473
15 16 0.25112712
16 16 0.25162274
17 16 0.25180072
18 16 0.25188592
19 16 0.25321653
20 16 0.2538142
21 16 0.2437491
22 16 0.23057775
23 16 0.24839248
24 16 0.2513515
25 16 0.25316182
26 16 0.25455028
27 16 0.25599927
28 16 0.25698954
29 16 0.25791654
30 16 0.25899395
0 17 0.25395384
1 17 0.25610548
2 17 0.25718215
3 17 0.25877714
4 17 0.25971198
5 17 0.2606031
6 17 0.26115316
7 17 0.26168418
8 17 0.26222715
9 17 0.26274988
10 17 0.26329845
11 17 0.2638566
12 17 0.26442862
13 17 0.26465297
14 17 0.26494083
15 17 0.2658344
16 17 0.2655873
17 17 0.26612222
18 17 0.26664618
19 17 0.2670407
20 17 0.22629228
21 17 0.2639711
22 17 0.2659484
23 17 0.26706538
24 17 0.2678261
25 17 0.268634
26 17 0.26915744
27 17 0.2698962
28 17 0.2703928
29 17 0.27092382
30 17 0.27142602
0 18 0.268862
1 18 0.26987034
2 18 0.27032617
3 18 0.27140749
4 18 0.27193335
5 18 0.2722925
6 18 0.2726089
7 18 0.27292433
8 18 0.27320412
9 18 0.27355278
10 18 0.27386868
11 18 0.27418265
12 18 0.27450663
13 18 0.27467266
14 18 0.27493438
15 18 0.2751795
16 18 0.27541682
17 18 0.27568367
18 18 0.2759588
19 18 0.2761988
20 18 0.27646956
21 18 0.27676082
22 18 0.27718124
23 18 0.27743173
24 18 0.27776256
25 18 0.27820152
26 18 0.27859703
27 18 0.27887756
28 18 0.27920374
29 18 0.2795658
30 18 0.27997717
0 19 0.28081167
1 19 0.28079945
2 19 0.2806305
3 19 0.2814484
4 19 0.2816962
5 19 0.28187785
6 19 0.28203654
7 19 0.28219426
8 19 0.28232512
9 19 0.2824799
10 19 0.28269646
11 19 0.28282878
12 19 0.2830832
13 19 0.28316474
14 19 0.28327972
15 19 0.28352046
16 19 0.28370088
17 19 0.2839155
18 19 0.28418696
19 19 0.2842961
20 19 0.2845483
21 19 0.2849084
22 19 0.28515646
23 19 0.28552902
24 19 0.28571042
25 19 0.28597704
26 19 0.28664744
27 19 0.28677195
28 19 0.28711987
29 19 0.28731176
30 19 0.28769824
0 20 0.28896707
1 20 0.2888074
2 20 0.28858328
3 20 0.2893101
4 20 0.28948465
5 20 0.2896819
6 20 0.2897151
7 20 0.28982598
8 20 0.28996512
9 20 0.29016703
10 20 0.29022586
11 20 0.29035723
12 20 0.290439
13 20 0.29043853
14 20 0.2906182
15 20 0.29078546
16 20 0.29096052
17 20 0.29118976
18 20 0.29128742
19 20 0.29146394
20 20 0.29168513
21 20 0.2917779
22 20 0.29212824
23 20 0.29223397
24 20 0.2924437
25 20 0.2927242
26 20 0.29296663
27 20 0.29321885
28 20 0.29345345
29 20 0.29370907
30 20 0.29390097
0 21 0.2952213
1 21 0.29509142
2 21 0.2946278
3 21 0.29543373
4 21 0.29556507
5 21 0.29570937
6 21 0.29572377
7 21 0.2958102
8 21 0.295911
9 21 0.2959855
10 21 0.2961803
11 21 0.29622084
12 21 0.29622328
13 21 0.296256
14 21 0.29633877
15 21 0.29646352
16 21 0.29654703
17 21 0.2967245
18 21 0.2969164
19 21 0.29711953
20 21 0.29722646
21 21 0.29737735
22 21 0.2974943
23 21 0.29772085
24 21 0.29791105
25 21 0.29822135
26 21 0.29889202
27 21 0.2989306
28 21 0.29899457
29 21 0.29922625
30 21 0.29934222
0 22 0.30048996
1 22 0.30036885
2 22 0.29991913
3 22 0.3007021
4 22 0.30075508
5 22 0.3008718
6 22 0.30096748
7 22 0.30108273
8 22 0.30113497
9 22 0.30122676
10 22 0.30123606
11 22 0.30124533
12 22 0.30123946
13 22 0.30128074
14 22 0.3014055
15 22 0.30154613
16 22 0.3017197
17 22 0.3017429
18 22 0.30200732
19 22 0.3021162
20 22 0.3022334
21 22 0.30225292
22 22 0.30240014
23 22 0.30256078
24 22 0.30272168
25 22 0.3028523
26 22 0.30314428
27 22 0.30324
28 22 0.30342287
29 22 0.30358326
30 22 0.30374536
0 23 0.30473903
1 23 0.30463624
2 23 0.3041719
3 23 0.30490163
4 23 0.3050535
5 23 0.3052266
6 23 0.30523586
7 23 0.30523854
8 23 0.3052405
9 23 0.30527568
10 23 0.3053472
11 23 0.30539408
12 23 0.30532524
13 23 0.30552712
14 23 0.3055762
15 23 0.30573246
16 23 0.3057576
17 23 0.3059317
18 23 0.30606425
19 23 0.3063941
20 23 0.30633232
21 23 0.30642143
22 23 0.30650958
23 23 0.30671808
24 23 0.3067967
25 23 0.30697832
26 23 0.3072332
27 23 0.3072791
28 23 0.30747712
29 23 0.3076778
30 23 0.30775324
0 24 0.3087547
1 24 0.3086695
2 24 0.3081888
3 24 0.30893368
4 24 0.30906504
5 24 0.3092374
6 24 0.30924425
7 24 0.3092484
8 24 0.3092506
9 24 0.3092872
10 24 0.3094393
11 24 0.30938485
12 24 0.30948228
13 24 0.30942708
14 24 0.3094481
15 24 0.30952257
16 24 0.30965245
17 24 0.30973715
18 24 0.30975083
19 24 0.30982357
20 24 0.30994517
21 24 0.31004038
22 24 0.31024718
23 24 0.3102733
24 24 0.3104105
25 24 0.3105067
26 24 0.3107191
27 24 0.31087828
28 24 0.31101647
29 24 0.31122229
30 24 0.31125844
0 25 0.3122438
1 25 0.31204116
2 25 0.3114613
3 25 0.31225282
4 25 0.31231654
5 25 0.3124081
6 25 0.31245717
7 25 0.3124811
8 25 0.31248087
9 25 0.3125033
10 25 0.31250477
11 25 0.31245816
12 25 0.31238392
13 25 0.31240565
14 25 0.31240907
15 25 0.31255898
16 25 0.31265712
17 25 0.31272012
18 25 0.31275162
19 25 0.3127836
20 25 0.31282118
21 25 0.3129086
22 25 0.31298697
23 25 0.31314272
24 25 0.313246
25 25 0.313289
26 25 0.3133544
27 25 0.31345427
28 25 0.31362858
29 25 0.31374675
30 25 0.31375822
0 26 0.3145053
1 26 0.31440055
2 26 0.3138566
3 26 0.3145529
4 26 0.31470695
5 26 0.31475604
6 26 0.31476018
7 26 0.31476605
8 26 0.31476384
9 26 0.3147785
10 26 0.3147636
11 26 0.3147565
12 26 0.31475043
13 26 0.31474993
14 26 0.31475824
15 26 0.31477433
16 26 0.31485224
17 26 0.31494793
18 26 0.3150163
19 26 0.3152519
20 26 0.31525776
21 26 0.31526873
22 26 0.31532952
23 26 0.3154626
24 26 0.3155185
25 26 0.31571797
26 26 0.3157607
27 26 0.3158271
28 26 0.315978
29 26 0.31621137
30 26 0.31625876
0 27 0.31712765
1 27 0.31700143
2 27 0.31647652
3 27 0.31726095
4 27 0.31727317
5 27 0.31732273
6 27 0.3173574
7 27 0.31741208
8 27 0.31748825
9 27 0.31750265
10 27 0.31747457
11 27 0.31749192
12 27 0.3174182
13 27 0.31743747
14 27 0.31750852
15 27 0.3175488
16 27 0.31761447
17 27 0.31772092
18 27 0.31775853
19 27 0.3177795
20 27 0.3178557
21 27 0.31793675
22 27 0.31799558
23 27 0.3181577
24 27 0.31826293
25 27 0.3183032
26 27 0.31841162
27 27 0.31851098
28 27 0.3186521
29 27 0.31876147
30 27 0.31880444
0 28 0.3197654
1 28 0.3197334
2 28 0.31914917
3 28 0.3199341
4 28 0.32007864
5 28 0.32017067
6 28 0.3201394
7 28 0.32016602
8 28 0.32022122
9 28 0.32026392
10 28 0.32025906
11 28 0.32025173
12 28 0.32006276
13 28 0.3201133
14 28 0.3201914
15 28 0.32026565
16 28 0.32026833
17 28 0.32027444
18 28 0.3203179
19 28 0.3204014
20 28 0.3204822
21 28 0.32052127
22 28 0.3206487
23 28 0.3207166
24 28 0.32076737
25 28 0.3208106
26 28 0.32089773
27 28 0.32099319
28 28 0.32114774
29 28 0.32126176
30 28 0.32127762
0 29 0.3220445
1 29 0.32186526
2 29 0.3214168
3 29 0.32291484
4 29 0.3232752
5 29 0.32327276
6 29 0.32327253
7 29 0.323273
8 29 0.323273
9 29 0.32327446
10 29 0.32327107
11 29 0.3231363
12 29 0.32296172
13 29 0.32298443
14 29 0.3229937
15 29 0.32300788
16 29 0.3230174
17 29 0.32307282
18 29 0.32313922
19 29 0.32320344
20 29 0.32325983
21 29 0.32327324
22 29 0.3232769
23 29 0.32328936
24 29 0.32343343
25 29 0.32350984
26 29 0.32355183
27 29 0.32367218
28 29 0.32376593
29 29 0.32378328
30 29 0.32383698
0 30 0.3244056
1 30 0.32448983
2 30 0.3237193
3 30 0.32481405
4 30 0.3249603
5 30 0.32501668
6 30 0.32502255
7 30 0.3250062
8 30 0.32497323
9 30 0.32493857
10 30 0.32479134
11 30 0.32480258
12 30 0.32476228
13 30 0.32477498
14 30 0.32479256
15 30 0.32480574
16 30 0.32481796
17 30 0.32486653
18 30 0.3249166
19 30 0.32494882
20 30 0.32500374
21 30 0.3250897
22 30 0.32518318
23 30 0.3252728
24 30 0.32527694
25 30 0.3252838
26 30 0.32532725
27 30 0.32540196
28 30 0.32549766
29 30 0.32554576
30 30 0.32565048
