0 0 0.3483664
1 0 0.34856197
2 0 0.34844038
3 0 0.34834665
4 0 0.34832126
5 0 0.34832197
6 0 0.348321
7 0 0.34833834
8 0 0.34833443
9 0 0.3483437
10 0 0.34832808
11 0 0.34834713
12 0 0.34833786
13 0 0.34832686
14 0 0.34833345
15 0 0.34851363
16 0 0.34832442
17 0 0.3483481
18 0 0.3483144
19 0 0.34824142
20 0 0.34816548
21 0 0.34820503
22 0 0.34820136
23 0 0.348238
24 0 0.3482868
25 0 0.34830514
26 0 0.34831855
27 0 0.34833786
28 0 0.34839547
29 0 0.34847653
30 0 0.3485261
0 1 0.34980345
1 1 0.34952733
2 1 0.3493425
3 1 0.34965158
4 1 0.34979343
5 1 0.3498254
6 1 0.34993017
7 1 0.34986156
8 1 0.34992674
9 1 0.3498508
10 1 0.34989548
11 1 0.34989598
12 1 0.35000437
13 1 0.35004807
14 1 0.35027832
15 1 0.3500378
16 1 0.34990573
17 1 0.34986913
18 1 0.34984446
19 1 0.34984177
20 1 0.3498325
21 1 0.34982738
22 1 0.34982786
23 1 0.34984055
24 1 0.34986472
25 1 0.35042724
26 1 0.35026172
27 1 0.3503276
28 1 0.35039306
29 1 0.350541
30 1 0.35056543
0 2 0.3518069
1 2 0.35155615
2 2 0.35134304
3 2 0.35166675
4 2 0.3517908
5 2 0.35181665
6 2 0.35191408
7 2 0.35195094
8 2 0.35199487
9 2 0.35191652
10 2 0.3518938
11 2 0.35195047
12 2 0.3519883
13 2 0.35185498
14 2 0.35178614
15 2 0.3516643
16 2 0.35162818
17 2 0.35165724
18 2 0.35171705
19 2 0.3517283
20 2 0.3518252
21 2 0.35181716
22 2 0.35180447
23 2 0.35183692
24 2 0.35183546
25 2 0.35193703
26 2 0.35203078
27 2 0.3521238
28 2 0.35221535
29 2 0.35229567
30 2 0.3523274
0 3 0.35331303
1 3 0.35301468
2 3 0.35278225
3 3 0.35306132
4 3 0.35312307
5 3 0.35315236
6 3 0.35319388
7 3 0.35315776
8 3 0.35309672
9 3 0.3530916
10 3 0.3531343
11 3 0.35304204
12 3 0.35307083
13 3 0.35310793
14 3 0.35288528
15 3 0.35280275
16 3 0.35272244
17 3 0.3526763
18 3 0.352626
19 3 0.35259816
20 3 0.35258108
21 3 0.3525635
22 3 0.35256886
23 3 0.35257083
24 3 0.35283694
25 3 0.35279787
26 3 0.35282743
27 3 0.35284498
28 3 0.35292727
29 3 0.35317898
30 3 0.35332108
0 4 0.35434696
1 4 0.35403568
2 4 0.353773
3 4 0.35400176
4 4 0.35405424
5 4 0.35409477
6 4 0.3541353
7 4 0.3541016
8 4 0.35402203
9 4 0.35397393
10 4 0.35401785
11 4 0.35393777
12 4 0.35392267
13 4 0.35381937
14 4 0.35361552
15 4 0.35352764
16 4 0.35350347
17 4 0.35345438
18 4 0.35347342
19 4 0.3534136
20 4 0.35332742
21 4 0.35329813
22 4 0.353272
23 4 0.3532349
24 4 0.35332304
25 4 0.3533301
26 4 0.35335183
27 4 0.35347098
28 4 0.35356253
29 4 0.3536624
30 4 0.3538069
0 5 0.3548111
1 5 0.35440606
2 5 0.35432452
3 5 0.35455182
4 5 0.35456964
5 5 0.3545999
6 5 0.35467973
7 5 0.3546436
8 5 0.35465068
9 5 0.35465166
10 5 0.35464922
11 5 0.35463116
12 5 0.3547757
13 5 0.3545789
14 5 0.35436407
15 5 0.3543333
16 5 0.35433453
17 5 0.35433257
18 5 0.35433304
19 5 0.35433158
20 5 0.35431817
21 5 0.35432208
22 5 0.35429254
23 5 0.35432744
24 5 0.3543543
25 5 0.3545396
26 5 0.35481256
27 5 0.35484502
28 5 0.35497296
29 5 0.35514116
30 5 0.35532722
0 6 0.3563221
1 6 0.3558741
2 6 0.3556778
3 6 0.35590118
4 6 0.35597613
5 6 0.3560357
6 6 0.3561502
7 6 0.3562037
8 6 0.35620907
9 6 0.35625985
10 6 0.3562867
11 6 0.356316
12 6 0.35633457
13 6 0.35629013
14 6 0.35614362
15 6 0.35605964
16 6 0.35623348
17 6 0.3561456
18 6 0.35606185
19 6 0.35599715
20 6 0.3556827
21 6 0.3557779
22 6 0.3557264
23 6 0.35601643
24 6 0.3560279
25 6 0.35621613
26 6 0.3563453
27 6 0.3564796
28 6 0.3568253
29 6 0.3569144
30 6 0.35724962
0 7 0.35803625
1 7 0.35767734
2 7 0.35732284
3 7 0.35761485
4 7 0.35778722
5 7 0.3578192
6 7 0.35784605
7 7 0.35783896
8 7 0.35785827
9 7 0.35789365
10 7 0.35791075
11 7 0.3579442
12 7 0.35802183
13 7 0.35828552
14 7 0.35807604
15 7 0.35786998
16 7 0.35811877
17 7 0.35859925
18 7 0.3583363
19 7 0.35809875
20 7 3.857481E-5
21 7 0.0238656
22 7 0.03861729
23 7 0.18611564
24 7 0.2320348
25 7 0.2528989
26 7 0.2657199
27 7 0.2744881
28 7 0.28108317
29 7 0.28620726
30 7 0.2905601
0 8 0.3058084
1 8 0.30769464
2 8 0.30862802
3 8 0.31007993
4 8 0.3114359
5 8 0.31254384
6 8 0.31370866
7 8 0.31472453
8 8 0.31568256
9 8 0.31650534
10 8 0.3174631
11 8 0.31829736
12 8 0.31923658
13 8 0.31968775
14 8 0.3202798
15 8 0.3208423
16 8 0.32163823
17 8 0.32231647
18 8 0.31873974
19 8 0.31835887
20 8 0.12745996
21 8 0.1626497
22 8 0.0075960634
23 8 0.17423826
24 8 0.22428223
25 8 0.24396881
26 8 0.25566065
27 8 0.26364368
28 8 0.2696516
29 8 0.27427617
30 8 0.27887046
0 9 0.29233602
1 9 0.29393613
2 9 0.2951964
3 9 0.29662344
4 9 0.29779607
5 9 0.29898822
6 9 0.30017573
7 9 0.30131614
8 9 0.30231443
9 9 0.3033015
10 9 0.30423683
11 9 0.30511943
12 9 0.30574393
13 9 0.30632988
14 9 0.3072469
15 9 0.3078846
16 9 0.30872324
17 9 0.30787727
18 9 0.30623394
19 9 0.3051514
20 9 0.30270725
21 9 0.28000796
22 9 0.06410596
23 9 0.010207187
24 9 0.15550897
25 9 0.21689321
26 9 0.2377529
27 9 0.24967887
28 9 0.25903618
29 9 0.26361537
30 9 0.26911154
0 10 0.26915646
1 10 0.2745186
2 10 0.27763805
3 10 0.28047842
4 10 0.2827536
5 10 0.2846003
6 10 0.2863347
7 10 0.28820264
8 10 0.28954032
9 10 0.2908333
10 10 0.29208088
11 10 0.29293808
12 10 0.29392588
13 10 0.29473057
14 10 0.29579726
15 10 0.29679018
16 10 0.2964447
17 10 0.2970038
18 10 0.29708803
19 10 0.296381
20 10 0.29491687
21 10 0.29343784
22 10 0.2775626
23 10 0.12476534
24 10 0.058896895
25 10 0.17357688
26 10 0.2252405
27 10 0.24301763
28 10 0.25468555
29 10 0.26096296
30 10 0.26574087
0 11 0.26654607
1 11 0.27132374
2 11 0.27390116
3 11 0.2765599
4 11 0.27857482
5 11 0.2802694
6 11 0.2818405
7 11 0.28361493
8 11 0.28494087
9 11 0.28619286
10 11 0.28720507
11 11 0.28820997
12 11 0.28937063
13 11 0.29010284
14 11 0.2912144
15 11 0.29226205
16 11 0.29043853
17 11 0.08171268
18 11 0.21409848
19 11 0.24606602
20 11 0.25680372
21 11 0.25879765
22 11 0.26289073
23 11 0.14848885
24 11 0.022176608
25 11 0.0121408105
26 11 0.1649322
27 11 0.2043625
28 11 0.22146653
29 11 0.23198304
30 11 0.2406465
0 12 0.24422249
1 12 0.25050506
2 12 0.25396287
3 12 0.25732693
4 12 0.26007038
5 12 0.26234263
6 12 0.26437098
7 12 0.26628044
8 12 0.2682541
9 12 0.26978466
10 12 0.27122486
11 12 0.2724353
12 12 0.2739644
13 12 0.27520147
14 12 0.2765013
15 12 0.21304598
16 12 0.23208632
17 12 0.2572598
18 12 0.26263145
19 12 0.26583707
20 12 0.26397377
21 12 0.26759663
22 12 0.26687664
23 12 0.18818842
24 12 0.0791599
25 12 0.031824216
26 12 0.16784412
27 12 0.20798683
28 12 0.22430201
29 12 0.23405705
30 12 0.24063307
0 13 0.2445074
1 13 0.25011685
2 13 0.25208712
3 13 0.25559765
4 13 0.25783452
5 13 0.25979888
6 13 0.2615045
7 13 0.26310802
8 13 0.26450697
9 13 0.26598382
10 13 0.26723284
11 13 0.26841816
12 13 0.26979977
13 13 0.27076197
14 13 0.23448771
15 13 0.26825753
16 13 0.26916623
17 13 0.2701057
18 13 0.2674328
19 13 0.26827633
20 13 0.2674931
21 13 0.26889646
22 13 0.27127343
23 13 0.21283041
24 13 0.10211289
25 13 0.02413367
26 13 0.16442537
27 13 0.20805274
28 13 0.22455397
29 13 0.2339904
30 13 0.24055275
0 14 0.24645299
1 14 0.25010294
2 14 0.25226068
3 14 0.25453392
4 14 0.25642142
5 14 0.25813872
6 14 0.24460237
7 14 0.16186698
8 14 0.19977942
9 14 0.10375598
10 14 0.016184574
11 14 0.0036711989
12 14 0.0029018999
13 14 0.0032610362
14 14 0.10285924
15 14 0.16003858
16 14 0.18045197
17 14 0.16804993
18 14 0.13149689
19 14 0.08005445
20 14 0.15057212
21 14 0.1770386
22 14 0.19034715
23 14 0.16054152
24 14 0.05166119
25 14 0.00682237
26 14 0.12588401
27 14 0.16461727
28 14 0.18073495
29 14 0.19088964
30 14 0.19814928
0 15 0.20768385
1 15 0.21239339
2 15 0.2154906
3 15 0.007595575
4 15 0.0033220723
5 15 0.116295725
6 15 0.1565356
7 15 0.17531738
8 15 0.19028611
9 15 0.19842711
10 15 0.120060675
11 15 0.15394254
12 15 0.17393821
13 15 0.14107785
14 15 0.081048116
15 15 0.13391416
16 15 0.16942643
17 15 0.18522964
18 15 0.19792539
19 15 0.20015052
20 15 0.2077715
21 15 0.07159045
22 15 0.12935013
23 15 0.124382764
24 15 0.04929397
25 15 0.036550853
26 15 0.12592892
27 15 0.16227275
28 15 0.17927179
29 15 0.18807831
30 15 0.19456865
0 16 0.194127
1 16 0.20076968
2 16 0.17295308
3 16 -0.0011389335
4 16 -4.892653E-4
5 16 0.012521188
6 16 0.02937911
7 16 0.10201377
8 16 0.14145431
9 16 0.11148144
10 16 0.06043525
11 16 0.04836036
12 16 0.02787323
13 16 0.064605236
14 16 0.04856837
15 16 0.10000812
16 16 0.11800913
17 16 0.14745441
18 16 0.16354352
19 16 0.17177069
20 16 0.17784256
21 16 0.18298937
22 16 0.097676545
23 16 0.03259376
24 16 0.063880615
25 16 0.12623216
26 16 0.15863109
27 16 0.17080852
28 16 0.17861357
29 16 0.1855082
30 16 0.19007859
0 17 0.1891794
1 17 0.19470292
2 17 0.19770566
3 17 0.06085225
4 17 -3.300832E-4
5 17 0.021563562
6 17 0.09819364
7 17 0.09604126
8 17 0.14940804
9 17 0.13973993
10 17 0.03508623
11 17 0.016318364
12 17 0.0067928284
13 17 0.001336202
14 17 0.04473335
15 17 0.099847965
16 17 0.13492589
17 17 0.13616395
18 17 0.15668331
19 17 0.16419758
20 17 0.1681144
21 17 0.17485814
22 17 0.09256196
23 17 0.090330236
24 17 0.12861256
25 17 0.15956567
26 17 0.17040226
27 17 0.17723294
28 17 0.182286
29 17 0.18652703
30 17 0.19002366
0 18 0.19335842
1 18 0.19736385
2 18 0.19999965
3 18 0.029428428
4 18 -4.1651027E-4
5 18 -1.0131991E-4
6 18 0.11801377
7 18 0.14846663
8 18 0.12601756
9 18 0.14195359
10 18 0.008227909
11 18 0.04774243
12 18 0.07486735
13 18 0.06496754
14 18 0.038102146
15 18 0.11681526
16 18 0.13465758
17 18 0.15423112
18 18 0.16302715
19 18 0.16930582
20 18 0.17467919
21 18 0.17905474
22 18 0.17713553
23 18 0.17676125
24 18 0.1854269
25 18 0.18973972
26 18 0.1929368
27 18 0.19569732
28 18 0.19832554
29 18 0.2005597
30 18 0.2027304
0 19 0.20287225
1 19 0.20536178
2 19 0.20739307
3 19 0.20922756
4 19 0.21086212
5 19 0.21224397
6 19 0.21356894
7 19 0.21473278
8 19 0.21596278
9 19 0.2170209
10 19 0.21807756
11 19 0.21932
12 19 0.22043501
13 19 0.22134885
14 19 0.22232226
15 19 0.22372022
16 19 0.20192057
17 19 0.21263412
18 19 0.22387208
19 19 0.22444192
20 19 0.2269522
21 19 0.22807625
22 19 0.22974107
23 19 0.23101233
24 19 0.23211122
25 19 0.23363297
26 19 0.23455949
27 19 0.23549946
28 19 0.23648678
29 19 0.23736814
30 19 0.23828147
0 20 0.23597871
1 20 0.23743185
2 20 0.23819213
3 20 0.23920482
4 20 0.24007715
5 20 0.24065115
6 20 0.24133158
7 20 0.24205033
8 20 0.24261065
9 20 0.2431585
10 20 0.2436927
11 20 0.24436311
12 20 0.24491732
13 20 0.24538462
14 20 0.24586484
15 20 0.24644445
16 20 0.24699377
17 20 0.24753772
18 20 0.2481459
19 20 0.24864028
20 20 0.25013053
21 20 0.25049213
22 20 0.25115642
23 20 0.25169674
24 20 0.25232294
25 20 0.25316623
26 20 0.2536848
27 20 0.254312
28 20 0.25497094
29 20 0.2554817
30 20 0.2561299
0 21 0.25499657
1 21 0.25583205
2 21 0.25630274
3 21 0.25708693
4 21 0.2575547
5 21 0.25795904
6 21 0.25837553
7 21 0.2586829
8 21 0.2591446
9 21 0.25939876
10 21 0.2597474
11 21 0.26022372
12 21 0.26064095
13 21 0.26089168
14 21 0.26115513
15 21 0.2624625
16 21 0.2626732
17 21 0.26312438
18 21 0.26344106
19 21 0.26383874
20 21 0.26423794
21 21 0.26489395
22 21 0.2654086
23 21 0.2658505
24 21 0.2665534
25 21 0.26687297
26 21 0.26729852
27 21 0.2677116
28 21 0.26818892
29 21 0.26866865
30 21 0.2690842
0 22 0.2713496
1 22 0.2713655
2 22 0.27073193
3 22 0.27089477
4 22 0.27105662
5 22 0.2711736
6 22 0.2712556
7 22 0.27142358
8 22 0.27162573
9 22 0.27174854
10 22 0.27196315
11 22 0.27219605
12 22 0.27239406
13 22 0.27252394
14 22 0.2726106
15 22 0.27281082
16 22 0.27445292
17 22 0.2745142
18 22 0.27474418
19 22 0.27499175
20 22 0.2755594
21 22 0.27630404
22 22 0.27635774
23 22 0.27667463
24 22 0.27720225
25 22 0.2774205
26 22 0.27770054
27 22 0.27814218
28 22 0.27840173
29 22 0.27870348
30 22 0.27910167
0 23 0.27970448
1 23 0.27962318
2 23 0.27960753
3 23 0.2798451
4 23 0.2800397
5 23 0.28019008
6 23 0.2802455
7 23 0.28039077
8 23 0.28049403
9 23 0.28162077
10 23 0.2817033
11 23 0.28183854
12 23 0.2819379
13 23 0.2816913
14 23 0.28280511
15 23 0.28297064
16 23 0.28343573
17 23 0.28365105
18 23 0.28370845
19 23 0.2848281
20 23 0.28466353
21 23 0.284822
22 23 0.28516746
23 23 0.28531832
24 23 0.28564402
25 23 0.28658518
26 23 0.28715333
27 23 0.28723097
28 23 0.28744996
29 23 0.28769532
30 23 0.2882073
0 24 0.2882554
1 24 0.2882056
2 24 0.28815797
3 24 0.28841066
4 24 0.28861085
5 24 0.28872415
6 24 0.28890163
7 24 0.28906596
8 24 0.2892056
9 24 0.28924003
10 24 0.28939262
11 24 0.2895408
12 24 0.2902156
13 24 0.2905301
14 24 0.29033768
15 24 0.29043755
16 24 0.2905108
17 24 0.29071268
18 24 0.29082915
19 24 0.29124615
20 24 0.29125592
21 24 0.29144073
22 24 0.29154328
23 24 0.2928194
24 24 0.29284286
25 24 0.29298347
26 24 0.2932093
27 24 0.29333335
28 24 0.2957113
29 24 0.29571766
30 24 0.29585072
0 25 0.2949193
1 25 0.2947074
2 25 0.2944425
3 25 0.29473668
4 25 0.29491907
5 25 0.2951278
6 25 0.29520544
7 25 0.2952218
8 25 0.29528576
9 25 0.2953197
10 25 0.2954391
11 25 0.29553065
12 25 0.29546204
13 25 0.29541638
14 25 0.29545128
15 25 0.29550037
16 25 0.29562733
17 25 0.29583216
18 25 0.29591542
19 25 0.29617837
20 25 0.296276
21 25 0.29636684
22 25 0.2964933
23 25 0.29670888
24 25 0.29679897
25 25 0.29699552
26 25 0.29721695
27 25 0.29729167
28 25 0.29757267
29 25 0.29772672
30 25 0.29792595
0 26 0.29866937
1 26 0.29841593
2 26 0.29830265
3 26 0.29866716
4 26 0.2987868
5 26 0.2989572
6 26 0.2991037
7 26 0.29921845
8 26 0.2992358
9 26 0.29930022
10 26 0.2993803
11 26 0.29948506
12 26 0.29945794
13 26 0.29936883
14 26 0.29930633
15 26 0.2996589
16 26 0.29970795
17 26 0.29974726
18 26 0.2998542
19 26 0.30016842
20 26 0.30023652
21 26 0.30033198
22 26 0.3005517
23 26 0.30119163
24 26 0.3012341
25 26 0.3013791
26 26 0.3015063
27 26 0.3017285
28 26 0.30188474
29 26 0.3021047
30 26 0.3022473
0 27 0.3025012
1 27 0.30226097
2 27 0.30215868
3 27 0.30244797
4 27 0.3025857
5 27 0.30272996
6 27 0.3027522
7 27 0.30280152
8 27 0.30281714
9 27 0.3028855
10 27 0.3029221
11 27 0.3030088
12 27 0.30292407
13 27 0.3027793
14 27 0.30275732
15 27 0.3055408
16 27 0.30623662
17 27 0.3062415
18 27 0.30647686
19 27 0.3067464
20 27 0.306992
21 27 0.30704424
22 27 0.30747393
23 27 0.308284
24 27 0.30796614
25 27 0.30795833
26 27 0.3079891
27 27 0.30814046
28 27 0.30843562
29 27 0.30845127
30 27 0.30854306
0 28 0.30764437
1 28 0.30744416
2 28 0.30728057
3 28 0.3075445
4 28 0.30771565
5 28 0.30774593
6 28 0.30785358
7 28 0.30792463
8 28 0.30796736
9 28 0.30797908
10 28 0.3080677
11 28 0.30814192
12 28 0.30803987
13 28 0.30788752
14 28 0.30824178
15 28 0.3083409
16 28 0.30832136
17 28 0.30936167
18 28 0.3092435
19 28 0.3092501
20 28 0.30934092
21 28 0.30946568
22 28 0.3095167
23 28 0.30971298
24 28 0.309774
25 28 0.31031677
26 28 0.31074157
27 28 0.3107616
28 28 0.31092054
29 28 0.3110951
30 28 0.31392252
0 29 0.3117335
1 29 0.3114657
2 29 0.31128407
3 29 0.31154773
4 29 0.3117123
5 29 0.31177405
6 29 0.3118197
7 29 0.31190297
8 29 0.3119623
9 29 0.31201306
10 29 0.31204578
11 29 0.31223378
12 29 0.31201845
13 29 0.3118866
14 29 0.31199306
15 29 0.31225696
16 29 0.3122538
17 29 0.31229922
18 29 0.31241053
19 29 0.3125121
20 29 0.3126791
21 29 0.31290153
22 29 0.31300846
23 29 0.3132533
24 29 0.3132787
25 29 0.3134042
26 29 0.31352872
27 29 0.31438908
28 29 0.31429973
29 29 0.31448942
30 29 0.31464836
0 30 0.31514007
1 30 0.3147714
2 30 0.31444377
3 30 0.31474432
4 30 0.31477216
5 30 0.3148305
6 30 0.31490397
7 30 0.31496087
8 30 0.31498334
9 30 0.31497502
10 30 0.31501067
11 30 0.31507733
12 30 0.31489155
13 30 0.31479657
14 30 0.31481218
15 30 0.314966
16 30 0.3151601
17 30 0.3152204
18 30 0.31525287
19 30 0.3152597
20 30 0.3152863
21 30 0.3153642
22 30 0.31546602
23 30 0.31553707
24 30 0.31560713
25 30 0.3157209
26 30 0.3157607
27 30 0.31582025
28 30 0.31596652
29 30 0.31608638
30 30 0.3166174
