0 0 -0.33692873
1 0 -0.33686674
2 0 -0.33684793
3 0 -0.33679494
4 0 -0.33689407
5 0 -0.33689994
6 0 -0.33690116
7 0 -0.3369927
8 0 -0.33701736
9 0 -0.3370735
10 0 -0.3371365
11 0 -0.33738798
12 0 -0.33748636
13 0 -0.33750224
14 0 -0.33757964
15 0 -0.33764848
16 0 -0.33769292
17 0 -0.33774468
18 0 -0.33776543
19 0 -0.33783084
20 0 -0.33790508
21 0 -0.33790848
22 0 -0.33794096
23 0 -0.33794022
24 0 -0.33789578
25 0 -0.33786333
26 0 -0.33779252
27 0 -0.33773223
28 0 -0.33779204
29 0 -0.33780718
30 0 -0.33776957
0 1 -0.33924422
1 1 -0.33927935
2 1 -0.33933428
3 1 -0.33941853
4 1 -0.33939898
5 1 -0.33929595
6 1 -0.339075
7 1 -0.3387913
8 1 -0.3386143
9 1 -0.3386226
10 1 -0.33910918
11 1 -0.33927178
12 1 -0.33943
13 1 -0.33944416
14 1 -0.33942804
15 1 -0.33937994
16 1 -0.33933625
17 1 -0.3389012
18 1 -0.33870295
19 1 -0.33896294
20 1 -0.33888727
21 1 -0.33886114
22 1 -0.33878765
23 1 -0.33876202
24 1 -0.33873785
25 1 -0.3386109
26 1 -0.3384361
27 1 -0.33829767
28 1 -0.33821538
29 1 -0.33803374
30 1 -0.3381663
0 2 -0.3387061
1 2 -0.33895954
2 2 -0.3392469
3 2 -0.33944976
4 2 -0.339555
5 2 -0.33958626
6 2 -0.33957747
7 2 -0.3394466
8 2 -0.3393089
9 2 -0.33920708
10 2 -0.33905473
11 2 -0.33888164
12 2 -0.33891582
13 2 -0.33883697
14 2 -0.33878154
15 2 -0.33879182
16 2 -0.33887872
17 2 -0.33882892
18 2 -0.3387364
19 2 -0.33877668
20 2 -0.338773
21 2 -0.33873028
22 2 -0.33873004
23 2 -0.33867705
24 2 -0.33863285
25 2 -0.33860332
26 2 -0.33855644
27 2 -0.33847514
28 2 -0.3383692
29 2 -0.3382515
30 2 -0.33809477
0 3 -0.3392176
1 3 -0.33960432
2 3 -0.3400843
3 3 -0.3403453
4 3 -0.34049106
5 3 -0.34052914
6 3 -0.34052157
7 3 -0.3404354
8 3 -0.34031162
9 3 -0.3402596
10 3 -0.34020418
11 3 -0.34002498
12 3 -0.3399566
13 3 -0.33993098
14 3 -0.3415382
15 3 -0.34210876
16 3 -0.3423126
17 3 -0.34236094
18 3 -0.34233457
19 3 -0.34225303
20 3 -0.34215733
21 3 -0.34200475
22 3 -0.34181628
23 3 -0.3416456
24 3 -0.34140953
25 3 -0.34154943
26 3 -0.34120956
27 3 -0.34090146
28 3 -0.34069782
29 3 -0.3404852
30 3 -0.34026375
0 4 -0.34171373
1 4 -0.34171373
2 4 -0.34176084
3 4 -0.3416986
4 4 -0.34108773
5 4 -0.3408338
6 4 -0.3405992
7 4 -0.34035432
8 4 -0.3401424
9 4 -0.3399671
10 4 -0.33984503
11 4 -0.3396534
12 4 -0.33953375
13 4 -0.33950323
14 4 -0.33948493
15 4 -0.3394681
16 4 -0.33946687
17 4 -0.33950078
18 4 -0.3394886
19 4 -0.339513
20 4 -0.3395323
21 4 -0.33948663
22 4 -0.3394007
23 4 -0.33939508
24 4 -0.33935332
25 4 -0.33932793
26 4 -0.3392808
27 4 -0.3389405
28 4 -0.33878595
29 4 -0.33870023
30 4 -0.3385767
0 5 -0.33965582
1 5 -0.33996102
2 5 -0.34031892
3 5 -0.340514
4 5 -0.3406097
5 5 -0.34070027
6 5 -0.34069833
7 5 -0.34063584
8 5 -0.34048104
9 5 -0.34035408
10 5 -0.340316
11 5 -0.3403182
12 5 -0.34034604
13 5 -0.34030697
14 5 -0.34028083
15 5 -0.34025887
16 5 -0.34018514
17 5 -0.3400987
18 5 -0.3400694
19 5 -0.33995858
20 5 -0.33978644
21 5 -0.33972955
22 5 -0.33964312
23 5 -0.33949494
24 5 -0.339367
25 5 -0.33926642
26 5 -0.33918342
27 5 -0.33914924
28 5 -0.33902618
29 5 -0.338939
30 5 -0.3388499
0 6 -0.34078354
1 6 -0.34079477
2 6 -0.3406334
3 6 -0.3406861
4 6 -0.34045076
5 6 -0.34031868
6 6 -0.34026107
7 6 -0.3401495
8 6 -0.33994806
9 6 -0.3397762
10 6 -0.3404012
11 6 -0.3404769
12 6 -0.34351355
13 6 -0.3446757
14 6 -0.34517568
15 6 -0.34544644
16 6 -0.34554556
17 6 -0.34559807
18 6 -0.34561467
19 6 -0.3455009
20 6 -0.34538296
21 6 -0.3452731
22 6 -0.34519815
23 6 -0.34510073
24 6 -0.3449789
25 6 -0.34491763
26 6 -0.34486026
27 6 -0.34478092
28 6 -0.3447128
29 6 -0.34492153
30 6 -0.34466812
0 7 -0.34493446
1 7 -0.34499747
2 7 -0.3450922
3 7 -0.34518325
4 7 -0.34520498
5 7 -0.34512687
6 7 -0.34497744
7 7 -0.34470326
8 7 -0.34455457
9 7 -0.34489444
10 7 -0.3448234
11 7 -0.3447216
12 7 -0.3447128
13 7 -0.34468082
14 7 -0.3445414
15 7 -0.3443019
16 7 -0.34415808
17 7 -0.3439115
18 7 -0.34361097
19 7 -0.34331775
20 7 -0.34310243
21 7 -0.34282628
22 7 -0.3426498
23 7 -0.34243006
24 7 -0.34209165
25 7 -0.3412103
26 7 -0.34086192
27 7 -0.34031308
28 7 -0.34007674
29 7 -0.33982307
30 7 -0.3397
0 8 -0.34022638
1 8 -0.34020856
2 8 -0.3404764
3 8 -0.34065145
4 8 -0.34067294
5 8 -0.34070125
6 8 -0.34063655
7 8 -0.34050155
8 8 -0.34041634
9 8 -0.34026474
10 8 -0.34017023
11 8 -0.34025326
12 8 -0.34023127
13 8 -0.3402337
14 8 -0.34022787
15 8 -0.3401983
16 8 -0.34017953
17 8 -0.34017804
18 8 -0.3401761
19 8 -0.3401954
20 8 -0.34018612
21 8 -0.34022713
22 8 -0.3402652
23 8 -0.3403182
24 8 -0.34038997
25 8 -0.34047127
26 8 -0.3405179
27 8 -0.3406141
28 8 -0.34067562
29 8 -0.34074202
30 8 -0.3407767
0 9 -0.34105185
1 9 -0.34127718
2 9 -0.3415853
3 9 -0.3417479
4 9 -0.34178233
5 9 -0.34181285
6 9 -0.34180552
7 9 -0.34175572
8 9 -0.34169126
9 9 -0.34289855
10 9 -0.34265515
11 9 -0.34217173
12 9 -0.3420062
13 9 -0.34197888
14 9 -0.34199888
15 9 -0.3420814
16 9 -0.34205896
17 9 -0.34205502
18 9 -0.34207457
19 9 -0.34217077
20 9 -0.34214807
21 9 -0.34218493
22 9 -0.34221447
23 9 -0.34219322
24 9 -0.34220397
25 9 -0.34221324
26 9 -0.34222886
27 9 -0.34227988
28 9 -0.34231237
29 9 -0.34234825
30 9 -0.34243542
0 10 -0.3423341
1 10 -0.34265417
2 10 -0.34293005
3 10 -0.343151
4 10 -0.34316224
5 10 -0.34321547
6 10 -0.34314367
7 10 -0.34302747
8 10 -0.3427589
9 10 -0.3426268
10 10 -0.342567
11 10 -0.34256163
12 10 -0.34256873
13 10 -0.34265465
14 10 -0.3426915
15 10 -0.3427445
16 10 -0.3427611
17 10 -0.34275573
18 10 -0.34285533
19 10 -0.34289563
20 10 -0.34291956
21 10 -0.34295887
22 10 -0.3428976
23 10 -0.3429315
24 10 -0.34298426
25 10 -0.34302282
26 10 -0.34306312
27 10 -0.3431095
28 10 -0.3431383
29 10 -0.3431366
30 10 -0.34317687
0 11 -0.34370473
1 11 -0.3435697
2 11 -0.34372473
3 11 -0.34382972
4 11 -0.34392664
5 11 -0.34386146
6 11 -0.34382534
7 11 -0.34377724
8 11 -0.34364977
9 11 -0.34387124
10 11 -0.34352797
11 11 -0.34363368
12 11 -0.34374526
13 11 -0.34380874
14 11 -0.34381044
15 11 -0.34378552
16 11 -0.3368975
17 11 -0.3446652
18 11 -0.34596696
19 11 -0.33144477
20 11 -0.338137
21 11 -0.34032917
22 11 -0.34138778
23 11 -0.34183872
24 11 -0.3418856
25 11 -0.34195834
26 11 -0.3420072
27 11 -0.34185287
28 11 -0.3413331
29 11 -0.34117782
30 11 -0.3411119
0 12 -0.34079158
1 12 -0.34091195
2 12 -0.34124082
3 12 -0.34145322
4 12 -0.34153086
5 12 -0.3415355
6 12 -0.34157872
7 12 -0.34145054
8 12 -0.34131747
9 12 -0.34131554
10 12 -0.34134483
11 12 -0.34142074
12 12 -0.3415023
13 12 -0.34153476
14 12 -0.3401058
15 12 -0.33467528
16 12 -0.3342351
17 12 -0.33649904
18 12 -0.33961335
19 12 -0.33757964
20 12 -0.33089593
21 12 -0.3390501
22 12 -0.33968318
23 12 -0.34006697
24 12 -0.3403912
25 12 -0.34099862
26 12 -0.34095198
27 12 -0.3409278
28 12 -0.34101474
29 12 -0.3411085
30 12 -0.34118906
0 13 -0.34133336
1 13 -0.3415565
2 13 -0.34190318
3 13 -0.34216613
4 13 -0.3422423
5 13 -0.34290174
6 13 -0.34276965
7 13 -0.34270447
8 13 -0.34248498
9 13 -0.3424381
10 13 -0.34247154
11 13 -0.34246838
12 13 -0.3425636
13 13 -0.34203428
14 13 -0.33901495
15 13 -0.33580348
16 13 -0.3398011
17 13 -0.34032258
18 13 -0.33240157
19 13 -0.3346189
20 13 -0.33793536
21 13 -0.33838433
22 13 -0.33947298
23 13 -0.33996102
24 13 -0.34036386
25 13 -0.34066096
26 13 -0.34092146
27 13 -0.34120542
28 13 -0.34146714
29 13 -0.34165463
30 13 -0.34180942
0 14 -0.34177598
1 14 -0.34199548
2 14 -0.34237143
3 14 -0.34267297
4 14 -0.34275696
5 14 -0.3427716
6 14 -0.34276477
7 14 -0.342683
8 14 -0.34259337
9 14 -0.3427257
10 14 -0.34282848
11 14 -0.34296545
12 14 -0.33764458
13 14 -0.3358096
14 14 -0.34127083
15 14 -0.3348889
16 14 -0.34019148
17 14 -0.33886847
18 14 -0.33955255
19 14 -0.33207637
20 14 -0.3371619
21 14 -0.337011
22 14 -0.33866656
23 14 -0.33931646
24 14 -0.33977106
25 14 -0.34017903
26 14 -0.34052718
27 14 -0.34076205
28 14 -0.34099448
29 14 -0.34125352
30 14 -0.3414862
0 15 -0.3388675
1 15 -0.33984652
2 15 -0.34060067
3 15 -0.34104136
4 15 -0.341348
5 15 -0.34155846
6 15 -0.34148934
7 15 -0.34153697
8 15 -0.3415018
9 15 -0.34164855
10 15 -0.3417701
11 15 -0.34197104
12 15 -0.34209752
13 15 -0.3421886
14 15 -0.33778057
15 15 -0.3354346
16 15 -0.33598438
17 15 -0.33200166
18 15 -0.3372261
19 15 -0.33857575
20 15 -0.337282
21 15 -0.33622828
22 15 -0.32796523
23 15 -0.32782215
24 15 -0.33437988
25 15 -0.33618972
26 15 -0.3372178
27 15 -0.3379146
28 15 -0.33860722
29 15 -0.33903545
30 15 -0.33941266
0 16 -0.340357
1 16 -0.3407452
2 16 -0.34065145
3 16 -0.34088486
4 16 -0.34098738
5 16 -0.34112388
6 16 -0.34119442
7 16 -0.34107408
8 16 -0.34103647
9 16 -0.3412347
10 16 -0.34137753
11 16 -0.34143174
12 16 -0.3415162
13 16 -0.34125277
14 16 -0.34154525
15 16 -0.33533007
16 16 -0.33681718
17 16 -0.33714628
18 16 -0.33566114
19 16 -0.33802396
20 16 -0.33715042
21 16 -0.3304826
22 16 -0.3374959
23 16 -0.3387845
24 16 -0.33981085
25 16 -0.34057724
26 16 -0.34107164
27 16 -0.34148496
28 16 -0.3418856
29 16 -0.34217516
30 16 -0.34240317
0 17 -0.3414117
1 17 -0.3417899
2 17 -0.3422279
3 17 -0.3425426
4 17 -0.3426339
5 17 -0.34264
6 17 -0.34235215
7 17 -0.34172595
8 17 -0.34143004
9 17 -0.34144053
10 17 -0.3414354
11 17 -0.34012288
12 17 -0.34075227
13 17 -0.34040365
14 17 -0.33129144
15 17 -0.33546755
16 17 -0.3358479
17 17 -0.3368816
18 17 -0.33786967
19 17 -0.3385977
20 17 -0.33794317
21 17 -0.33610743
22 17 -0.33135346
23 17 -0.3363401
24 17 -0.3374507
25 17 -0.33805594
26 17 -0.3386424
27 17 -0.3389605
28 17 -0.33919147
29 17 -0.33937824
30 17 -0.33952767
0 18 -0.33867607
1 18 -0.3390274
2 18 -0.33940923
3 18 -0.33977398
4 18 -0.33992708
5 18 -0.3400992
6 18 -0.34011456
7 18 -0.3400367
8 18 -0.33994612
9 18 -0.3399686
10 18 -0.3399466
11 18 -0.33162835
12 18 -0.3385938
13 18 -0.33711064
14 18 -0.33486572
15 18 -0.33118013
16 18 -0.3336433
17 18 -0.33302438
18 18 -0.33536598
19 18 -0.336198
20 18 -0.33667776
21 18 -0.33705473
22 18 -0.33724418
23 18 -0.32985637
24 18 -0.33380514
25 18 -0.33494458
26 18 -0.33562207
27 18 -0.33598098
28 18 -0.33624148
29 18 -0.33648172
30 18 -0.3367134
0 19 -0.3353396
1 19 -0.3354629
2 19 -0.33586377
3 19 -0.33621705
4 19 -0.33636257
5 19 -0.3364966
6 19 -0.336554
7 19 -0.3366094
8 19 -0.3366924
9 19 -0.33676222
10 19 -0.3369153
11 19 -0.33685353
12 19 -0.33704227
13 19 -0.3277201
14 19 -0.3353352
15 19 -0.332998
16 19 -0.31756762
17 19 -0.33365038
18 19 -0.33043498
19 19 -0.3320085
20 19 -0.33339036
21 19 -0.3339614
22 19 -0.33452928
23 19 -0.33507055
24 19 -0.33545947
25 19 -0.33584133
26 19 -0.33605787
27 19 -0.33628225
28 19 -0.3365027
29 19 -0.33666408
30 19 -0.33681986
0 20 -0.3332048
1 20 -0.33421484
2 20 -0.33511278
3 20 -0.3357383
4 20 -0.3360662
5 20 -0.33624807
6 20 -0.33637062
7 20 -0.336396
8 20 -0.33653444
9 20 -0.33663285
10 20 -0.3367317
11 20 -0.33439597
12 20 -0.30956578
13 20 -0.33276218
14 20 -0.33452561
15 20 -0.33369845
16 20 -0.3312121
17 20 -0.3321013
18 20 -0.33379978
19 20 -0.33438084
20 20 -0.33124116
21 20 -0.33338058
22 20 -0.33428124
23 20 -0.3348894
24 20 -0.33533448
25 20 -0.3358135
26 20 -0.33610767
27 20 -0.33641165
28 20 -0.33661503
29 20 -0.33681154
30 20 -0.33701664
0 21 -0.3335388
1 21 -0.33455396
2 21 -0.33532912
3 21 -0.33598635
4 21 -0.33623293
5 21 -0.3364646
6 21 -0.33646315
7 21 -0.33661893
8 21 -0.33674857
9 21 -0.33691555
10 21 -0.33713698
11 21 -0.33723417
12 21 -0.33656424
13 21 -0.33262154
14 21 -0.3367283
15 21 -0.33556446
16 21 -0.33452415
17 21 -0.33473778
18 21 -0.33613575
19 21 -0.3367405
20 21 -0.3350747
21 21 -0.33627737
22 21 -0.33659962
23 21 -0.33677712
24 21 -0.33700857
25 21 -0.33725247
26 21 -0.337398
27 21 -0.33759257
28 21 -0.33771294
29 21 -0.33785844
30 21 -0.3379483
0 22 -0.33775443
1 22 -0.3377747
2 22 -0.33789873
3 22 -0.33797807
4 22 -0.3379788
5 22 -0.3379837
6 22 -0.33792606
7 22 -0.3379844
8 22 -0.3380911
9 22 -0.33820733
10 22 -0.3383006
11 22 -0.3383709
12 22 -0.33850297
13 22 -0.33859894
14 22 -0.3346582
15 22 -0.33728713
16 22 -0.33795196
17 22 -0.32207987
18 22 -0.33430004
19 22 -0.33569068
20 22 -0.33647317
21 22 -0.33695048
22 22 -0.3372703
23 22 -0.33759403
24 22 -0.337803
25 22 -0.3380374
26 22 -0.33818924
27 22 -0.338335
28 22 -0.3386436
29 22 -0.3386739
30 22 -0.33877984
0 23 -0.3410384
1 23 -0.34128892
2 23 -0.34132674
3 23 -0.34141782
4 23 -0.34137875
5 23 -0.3412269
6 23 -0.34116
7 23 -0.34107625
8 23 -0.34102255
9 23 -0.34091097
10 23 -0.34044248
11 23 -0.34014362
12 23 -0.34001425
13 23 -0.3399427
14 23 -0.3398746
15 23 -0.33987385
16 23 -0.3399029
17 23 -0.3398858
18 23 -0.3399039
19 23 -0.3400118
20 23 -0.3399764
21 23 -0.33996588
22 23 -0.3399576
23 23 -0.33996394
24 23 -0.3400174
25 23 -0.3400626
26 23 -0.34013388
27 23 -0.3401954
28 23 -0.34018368
29 23 -0.34021345
30 23 -0.34030062
0 24 -0.33933014
1 24 -0.33940533
2 24 -0.33954036
3 24 -0.33986604
4 24 -0.3401988
5 24 -0.34029207
6 24 -0.34027156
7 24 -0.3403702
8 24 -0.340472
9 24 -0.34064192
10 24 -0.34078425
11 24 -0.34199864
12 24 -0.34326452
13 24 -0.34395984
14 24 -0.34437832
15 24 -0.344662
16 24 -0.34482387
17 24 -0.34501162
18 24 -0.34510708
19 24 -0.34521306
20 24 -0.34526554
21 24 -0.34529898
22 24 -0.34532315
23 24 -0.34536636
24 24 -0.34543058
25 24 -0.34551823
26 24 -0.34556803
27 24 -0.34564495
28 24 -0.34569865
29 24 -0.34572208
30 24 -0.34576505
0 25 -0.3461691
1 25 -0.34618425
2 25 -0.34619573
3 25 -0.3462111
4 25 -0.34615007
5 25 -0.3460346
6 25 -0.34599847
7 25 -0.3459418
8 25 -0.34587955
9 25 -0.3458566
10 25 -0.34584635
11 25 -0.34579998
12 25 -0.345789
13 25 -0.34577018
14 25 -0.34572136
15 25 -0.34568986
16 25 -0.34568253
17 25 -0.34565032
18 25 -0.34563467
19 25 -0.3456144
20 25 -0.3456232
21 25 -0.3456166
22 25 -0.3456017
23 25 -0.3455861
24 25 -0.34554654
25 25 -0.34556144
26 25 -0.34551677
27 25 -0.34550723
28 25 -0.345507
29 25 -0.3454069
30 25 -0.34534732
0 26 -0.34496352
1 26 -0.34481314
2 26 -0.34474918
3 26 -0.3447743
4 26 -0.34471744
5 26 -0.3446459
6 26 -0.34461758
7 26 -0.3445934
8 26 -0.3445851
9 26 -0.34457803
10 26 -0.3445612
11 26 -0.34450868
12 26 -0.34448624
13 26 -0.34439272
14 26 -0.34433827
15 26 -0.34424087
16 26 -0.3437472
17 26 -0.34352943
18 26 -0.34339735
19 26 -0.34335753
20 26 -0.3433407
21 26 -0.34329677
22 26 -0.34332386
23 26 -0.34333777
24 26 -0.34335902
25 26 -0.34342712
26 26 -0.34347156
27 26 -0.3435121
28 26 -0.34352162
29 26 -0.34354872
30 26 -0.3435995
0 27 -0.34424648
1 27 -0.34428382
2 27 -0.34402698
3 27 -0.3441515
4 27 -0.3441166
5 27 -0.34411976
6 27 -0.3442194
7 27 -0.34428042
8 27 -0.34428188
9 27 -0.34432095
10 27 -0.34435242
11 27 -0.34439442
12 27 -0.3444701
13 27 -0.34453946
14 27 -0.34467396
15 27 -0.34470743
16 27 -0.34651238
17 27 -0.34713495
18 27 -0.34722334
19 27 -0.34749994
20 27 -0.34765765
21 27 -0.34778902
22 27 -0.34793037
23 27 -0.34794772
24 27 -0.34798554
25 27 -0.34804294
26 27 -0.34804365
27 27 -0.34827095
28 27 -0.34841794
29 27 -0.34856465
30 27 -0.34866524
0 28 -0.34952047
1 28 -0.34956175
2 28 -0.3494819
3 28 -0.34970823
4 28 -0.3497744
5 28 -0.3498933
6 28 -0.35004294
7 28 -0.35028857
8 28 -0.35022068
9 28 -0.3499692
10 28 -0.34977219
11 28 -0.34965965
12 28 -0.34953222
13 28 -0.34936544
14 28 -0.34927756
15 28 -0.34923092
16 28 -0.34917378
17 28 -0.3491323
18 28 -0.34933737
19 28 -0.349573
20 28 -0.34988034
21 28 -0.3500056
22 28 -0.35027292
23 28 -0.35031736
24 28 -0.3504287
25 28 -0.35052684
26 28 -0.35066578
27 28 -0.3507617
28 28 -0.3508447
29 28 -0.3508435
30 28 -0.35093603
0 29 -0.35181326
1 29 -0.351605
2 29 -0.35159743
3 29 -0.3513728
4 29 -0.35143337
5 29 -0.3545335
6 29 -0.35516974
7 29 -0.35554963
8 29 -0.35577887
9 29 -0.3558763
10 29 -0.35614023
11 29 -0.35623544
12 29 -0.35630354
13 29 -0.35639316
14 29 -0.3563099
15 29 -0.35631454
16 29 -0.3562789
17 29 -0.35629183
18 29 -0.35630623
19 29 -0.356409
20 29 -0.35642123
21 29 -0.3565206
22 29 -0.3564891
23 29 -0.3565328
24 29 -0.3565787
25 29 -0.35663435
26 29 -0.3566075
27 29 -0.35666317
28 29 -0.35673153
29 29 -0.3567833
30 29 -0.35683066
0 30 -0.35726327
1 30 -0.357348
2 30 -0.35738975
3 30 -0.35749742
4 30 -0.35762706
5 30 -0.35769394
6 30 -0.3578087
7 30 -0.35780063
8 30 -0.35781357
9 30 -0.3577877
10 30 -0.35781822
11 30 -0.35779673
12 30 -0.3577982
13 30 -0.35783336
14 30 -0.35792053
15 30 -0.35786608
16 30 -0.357827
17 30 -0.35788926
18 30 -0.35790098
19 30 -0.35789877
20 30 -0.3579691
21 30 -0.358068
22 30 -0.3580631
23 30 -0.3581317
24 30 -0.3581571
25 30 -0.3582318
26 30 -0.35817102
27 30 -0.35817492
28 30 -0.35823375
29 30 -0.35822788
30 30 -0.35807773
