0 0 -0.31805566
1 0 -0.3179863
2 0 -0.3179802
3 0 -0.3182524
4 0 -0.31845823
5 0 -0.3186355
6 0 -0.31880933
7 0 -0.31951833
8 0 -0.31967384
9 0 -0.31982473
10 0 -0.32006934
11 0 -0.32041726
12 0 -0.32063675
13 0 -0.3208997
14 0 -0.32117948
15 0 -0.32234892
16 0 -0.32262212
17 0 -0.32212994
18 0 -0.32174295
19 0 -0.32150638
20 0 -0.32148296
21 0 -0.32151127
22 0 -0.3222896
23 0 -0.32270098
24 0 -0.32286823
25 0 -0.3220557
26 0 -0.32191288
27 0 -0.32191923
28 0 -0.32191312
29 0 -0.3218311
30 0 -0.3218228
0 1 -0.3222542
1 1 -0.32235602
2 1 -0.32283428
3 1 -0.322711
4 1 -0.32273224
5 1 -0.32298517
6 1 -0.3232469
7 1 -0.3230987
8 1 -0.32348835
9 1 -0.323336
10 1 -0.32301226
11 1 -0.32313678
12 1 -0.32344806
13 1 -0.32312065
14 1 -0.32279864
15 1 -0.32294685
16 1 -0.32322174
17 1 -0.32306328
18 1 -0.32289532
19 1 -0.32289484
20 1 -0.3227818
21 1 -0.3227459
22 1 -0.32273442
23 1 -0.3227105
24 1 -0.32271832
25 1 -0.3227054
26 1 -0.32274565
27 1 -0.32349983
28 1 -0.32331038
29 1 -0.32321808
30 1 -0.3230733
0 2 -0.32355964
1 2 -0.3236175
2 2 -0.323857
3 2 -0.3239471
4 2 -0.32395077
5 2 -0.3239771
6 2 -0.32401007
7 2 -0.32381478
8 2 -0.32370856
9 2 -0.32353693
10 2 -0.32339996
11 2 -0.32403108
12 2 -0.3237989
13 2 -0.32387972
14 2 -0.32499814
15 2 -0.3250787
16 2 -0.32477793
17 2 -0.32482773
18 2 -0.3245921
19 2 -0.32451692
20 2 -0.3245062
21 2 -0.32446152
22 2 -0.32405013
23 2 -0.32370782
24 2 -0.3236385
25 2 -0.32354426
26 2 -0.32355475
27 2 -0.3235147
28 2 -0.3234908
29 2 -0.323513
30 2 -0.3235179
0 3 -0.32406282
1 3 -0.3237845
2 3 -0.32377374
3 3 -0.32368585
4 3 -0.32354718
5 3 -0.3234361
6 3 -0.32326812
7 3 -0.32309577
8 3 -0.32281354
9 3 -0.32259208
10 3 -0.32245293
11 3 -0.32239237
12 3 -0.3223941
13 3 -0.3223875
14 3 -0.3224085
15 3 -0.32242608
16 3 -0.32247442
17 3 -0.32261652
18 3 -0.32270026
19 3 -0.32275957
20 3 -0.32280156
21 3 -0.32281256
22 3 -0.32281744
23 3 -0.32289264
24 3 -0.3228001
25 3 -0.32329205
26 3 -0.32424006
27 3 -0.32380623
28 3 -0.3234422
29 3 -0.323284
30 3 -0.3231651
0 4 -0.3231197
1 4 -0.323273
2 4 -0.32375446
3 4 -0.3238304
4 4 -0.32387164
5 4 -0.32378522
6 4 -0.32372713
7 4 -0.3237579
8 4 -0.32340193
9 4 -0.3235318
10 4 -0.32347932
11 4 -0.32324544
12 4 -0.32322565
13 4 -0.3233216
14 4 -0.32334673
15 4 -0.32325616
16 4 -0.32324737
17 4 -0.32322052
18 4 -0.3231617
19 4 -0.32315117
20 4 -0.3232115
21 4 -0.32322344
22 4 -0.3235562
23 4 -0.32371053
24 4 -0.3237674
25 4 -0.32385114
26 4 -0.32394588
27 4 -0.32430744
28 4 -0.32446247
29 4 -0.32447544
30 4 -0.32460994
0 5 -0.32532236
1 5 -0.32540074
2 5 -0.3257435
3 5 -0.32593027
4 5 -0.32615465
5 5 -0.32609972
6 5 -0.32604307
7 5 -0.32591027
8 5 -0.3257196
9 5 -0.32559288
10 5 -0.32537752
11 5 -0.32550448
12 5 -0.32562143
13 5 -0.3256676
14 5 -0.32574376
15 5 -0.32589683
16 5 -0.32601133
17 5 -0.32610947
18 5 -0.3263258
19 5 -0.3263766
20 5 -0.32642493
21 5 -0.3264962
22 5 -0.32649353
23 5 -0.32651207
24 5 -0.32654527
25 5 -0.32660362
26 5 -0.32669935
27 5 -0.32681358
28 5 -0.32697693
29 5 -0.32706702
30 5 -0.32843032
0 6 -0.32769838
1 6 -0.32775941
2 6 -0.3273507
3 6 -0.32720277
4 6 -0.3271559
5 6 -0.32703137
6 6 -0.32670984
7 6 -0.32637537
8 6 -0.32640734
9 6 -0.32612634
10 6 -0.32593003
11 6 -0.32617173
12 6 -0.32671985
13 6 -0.32779482
14 6 -0.32808194
15 6 -0.3281466
16 6 -0.32801527
17 6 -0.32740784
18 6 -0.32682264
19 6 -0.3264159
20 6 -0.3261554
21 6 -0.32600644
22 6 -0.32598984
23 6 -0.32606626
24 6 -0.32616636
25 6 -0.32738295
26 6 -0.32771546
27 6 -0.3267196
28 6 -0.32656187
29 6 -0.32634068
30 6 -0.32668665
0 7 -0.32615808
1 7 -0.32645544
2 7 -0.32675743
3 7 -0.3270775
4 7 -0.32707605
5 7 -0.32713097
6 7 -0.326953
7 7 -0.32705384
8 7 -0.32703358
9 7 -0.32676256
10 7 -0.32674572
11 7 -0.32666785
12 7 -0.3264757
13 7 -0.32645568
14 7 -0.32645494
15 7 -0.32635802
16 7 -0.32636902
17 7 -0.3265255
18 7 -0.3265321
19 7 -0.3266261
20 7 -0.32661387
21 7 -0.3267711
22 7 -0.32682508
23 7 -0.32684532
24 7 -0.32800698
25 7 -0.32763317
26 7 -0.32744178
27 7 -0.3272274
28 7 -0.32706824
29 7 -0.32685754
30 7 -0.32664317
0 8 -0.3266488
1 8 -0.32676354
2 8 -0.32691222
3 8 -0.3270138
4 8 -0.3270089
5 8 -0.326995
6 8 -0.32683825
7 8 -0.32682678
8 8 -0.3267477
9 8 -0.32662684
10 8 -0.32646763
11 8 -0.32646495
12 8 -0.3264928
13 8 -0.32659265
14 8 -0.32662022
15 8 -0.32696202
16 8 -0.32725304
17 8 -0.32739857
18 8 -0.32748646
19 8 -0.3275487
20 8 -0.3276112
21 8 -0.3276742
22 8 -0.32778603
23 8 -0.32785022
24 8 -0.32787317
25 8 -0.32785365
26 8 -0.3278976
27 8 -0.32801405
28 8 -0.32785708
29 8 -0.32779065
30 8 -0.3278207
0 9 -0.32686803
1 9 -0.32704553
2 9 -0.3275387
3 9 -0.32771668
4 9 -0.32780847
5 9 -0.32788563
6 9 -0.3277882
7 9 -0.32780164
8 9 -0.3276764
9 9 -0.32744884
10 9 -0.32741982
11 9 -0.327515
12 9 -0.32769617
13 9 -0.32772815
14 9 -0.32779774
15 9 -0.328047
16 9 -0.32814002
17 9 -0.32815516
18 9 -0.32815883
19 9 -0.3281608
20 9 -0.3282035
21 9 -0.32823086
22 9 -0.32828578
23 9 -0.32834095
24 9 -0.32933828
25 9 -0.33016056
26 9 -0.33100286
27 9 -0.33109125
28 9 -0.32979727
29 9 -0.32916838
30 9 -0.3288383
0 10 -0.32827652
1 10 -0.3282887
2 10 -0.32828042
3 10 -0.32808167
4 10 -0.32787025
5 10 -0.32899746
6 10 -0.32924917
7 10 -0.32921427
8 10 -0.32886636
9 10 -0.32824844
10 10 -0.32803577
11 10 -0.32777333
12 10 -0.3269481
13 10 -0.326494
14 10 -0.3262413
15 10 -0.32617614
16 10 -0.32612902
17 10 -0.32614806
18 10 -0.32616147
19 10 -0.32619688
20 10 -0.3261383
21 10 -0.3261383
22 10 -0.3261864
23 10 -0.32622105
24 10 -0.326213
25 10 -0.32620886
26 10 -0.32621032
27 10 -0.3263568
28 10 -0.32639536
29 10 -0.32646862
30 10 -0.32638952
0 11 -0.32694444
1 11 -0.32676744
2 11 -0.32680845
3 11 -0.3268109
4 11 -0.32681724
5 11 -0.3267184
6 11 -0.3266427
7 11 -0.32654554
8 11 -0.32646716
9 11 -0.32630163
10 11 -0.32643297
11 11 -0.32662684
12 11 -0.3266776
13 11 -0.32671472
14 11 -0.32670325
15 11 -0.3280463
16 11 -0.32890445
17 11 -0.32811782
18 11 -0.32878262
19 11 -0.3180747
20 11 -0.32449397
21 11 -0.3256832
22 11 -0.32646936
23 11 -0.32680553
24 11 -0.32694837
25 11 -0.3268402
26 11 -0.3269386
27 11 -0.32683557
28 11 -0.32681262
29 11 -0.32676256
30 11 -0.32657555
0 12 -0.32422957
1 12 -0.32434604
2 12 -0.32454866
3 12 -0.32460776
4 12 -0.32464948
5 12 -0.3245704
6 12 -0.32445613
7 12 -0.32433456
8 12 -0.3242269
9 12 -0.3243758
10 12 -0.32446882
11 12 -0.32436532
12 12 -0.32444465
13 12 -0.32456428
14 12 -0.32469
15 12 -0.3246815
16 12 -0.324566
17 12 -0.3183071
18 12 -0.31960255
19 12 -0.31577975
20 12 -0.32098246
21 12 -0.3217271
22 12 -0.32258844
23 12 -0.3229461
24 12 -0.3231673
25 12 -0.323231
26 12 -0.32327643
27 12 -0.32333258
28 12 -0.323483
29 12 -0.32328302
30 12 -0.32386214
0 13 -0.32615122
1 13 -0.32614025
2 13 -0.3260592
3 13 -0.3260123
4 13 -0.32598838
5 13 -0.32583946
6 13 -0.32570934
7 13 -0.32565904
8 13 -0.32534263
9 13 -0.3251986
10 13 -0.3253077
11 13 -0.32536826
12 13 -0.32547787
13 13 -0.32556307
14 13 -0.32562828
15 13 -0.32070145
16 13 -0.28676856
17 13 -0.31680906
18 13 -0.3053306
19 13 -0.30402687
20 13 -0.31481463
21 13 -0.31809202
22 13 -0.31918627
23 13 -0.31986085
24 13 -0.32022756
25 13 -0.32058936
26 13 -0.32075906
27 13 -0.32084426
28 13 -0.32068264
29 13 -0.32055643
30 13 -0.32043582
0 14 -0.32148075
1 14 -0.3218289
2 14 -0.32190165
3 14 -0.322158
4 14 -0.32222638
5 14 -0.3222747
6 14 -0.3224102
7 14 -0.32227325
8 14 -0.32197562
9 14 -0.32182693
10 14 -0.32200834
11 14 -0.32218072
12 14 -0.32231572
13 14 -0.29034576
14 14 -0.31757444
15 14 -0.31702486
16 14 -0.31488055
17 14 -0.31918067
18 14 -0.31986964
19 14 -0.3198269
20 14 -0.31573555
21 14 -0.3160632
22 14 -0.31877685
23 14 -0.32022414
24 14 -0.320876
25 14 -0.3212405
26 14 -0.32104617
27 14 -0.3204324
28 14 -0.32019532
29 14 -0.32003126
30 14 -0.31997854
0 15 -0.31833836
1 15 -0.3190896
2 15 -0.3197654
3 15 -0.32015967
4 15 -0.32035768
5 15 -0.32059303
6 15 -0.32061353
7 15 -0.32070658
8 15 -0.32055545
9 15 -0.3207205
10 15 -0.32083204
11 15 -0.32105446
12 15 -0.32120168
13 15 -0.32132375
14 15 -0.3204922
15 15 -0.32116142
16 15 -0.32135794
17 15 -0.31998855
18 15 -0.3178115
19 15 -0.30186692
20 15 -0.30432278
21 15 -0.31429583
22 15 -0.3123373
23 15 -0.31602657
24 15 -0.3171418
25 15 -0.31781933
26 15 -0.31875122
27 15 -0.31917188
28 15 -0.31946632
29 15 -0.3196797
30 15 -0.31986672
0 16 -0.31963453
1 16 -0.32002637
2 16 -0.320626
3 16 -0.32094413
4 16 -0.32115945
5 16 -0.3213096
6 16 -0.32136723
7 16 -0.32137796
8 16 -0.3211775
9 16 -0.32097366
10 16 -0.3209329
11 16 -0.32092214
12 16 -0.313653
13 16 -0.316363
14 16 -0.31793553
15 16 -0.31775633
16 16 -0.31825927
17 16 -0.31761596
18 16 -0.3157712
19 16 -0.31722188
20 16 -0.3127377
21 16 -0.31514227
22 16 -0.31461516
23 16 -0.31673238
24 16 -0.31757542
25 16 -0.31807956
26 16 -0.31837597
27 16 -0.31866968
28 16 -0.31891918
29 16 -0.31911963
30 16 -0.31916115
0 17 -0.3198838
1 17 -0.3203572
2 17 -0.32162967
3 17 -0.3226463
4 17 -0.3230677
5 17 -0.3232376
6 17 -0.3225252
7 17 -0.32213238
8 17 -0.32136357
9 17 -0.32125735
10 17 -0.32161307
11 17 -0.32165995
12 17 -0.32171685
13 17 -0.31489277
14 17 -0.31665158
15 17 -0.31949243
16 17 -0.3193916
17 17 -0.32042313
18 17 -0.3194563
19 17 -0.308796
20 17 -0.306304
21 17 -0.31628487
22 17 -0.31524384
23 17 -0.31502265
24 17 -0.31682026
25 17 -0.31751633
26 17 -0.31800023
27 17 -0.31830588
28 17 -0.31850073
29 17 -0.3186079
30 17 -0.31857422
0 18 -0.32008132
1 18 -0.32104227
2 18 -0.3216978
3 18 -0.32200247
4 18 -0.32214752
5 18 -0.3221336
6 18 -0.32189727
7 18 -0.32171902
8 18 -0.32121733
9 18 -0.3210994
10 18 -0.32113698
11 18 -0.3206492
12 18 -0.32031032
13 18 -0.31825536
14 18 -0.3180085
15 18 -0.31694895
16 18 -0.318781
17 18 -0.31465033
18 18 -0.31693235
19 18 -0.31474164
20 18 -0.31594184
21 18 -0.31517816
22 18 -0.3088541
23 18 -0.31351286
24 18 -0.31480634
25 18 -0.315498
26 18 -0.31594673
27 18 -0.31622824
28 18 -0.31644332
29 18 -0.31652707
30 18 -0.31660274
0 19 -0.31731346
1 19 -0.31799096
2 19 -0.31850487
3 19 -0.31888184
4 19 -0.3191333
5 19 -0.31935498
6 19 -0.3193474
7 19 -0.3192593
8 19 -0.31931934
9 19 -0.3194148
10 19 -0.31953686
11 19 -0.31370598
12 19 -0.31954664
13 19 -0.31505707
14 19 -0.3132509
15 19 -0.3162043
16 19 -0.3161755
17 19 -0.28824708
18 19 -0.30051875
19 19 -0.30499783
20 19 -0.30670294
21 19 -0.309306
22 19 -0.30115598
23 19 -0.30992368
24 19 -0.31079063
25 19 -0.3113136
26 19 -0.31171912
27 19 -0.31202847
28 19 -0.3122831
29 19 -0.31247914
30 19 -0.31265467
0 20 -0.31183803
1 20 -0.3131254
2 20 -0.31378433
3 20 -0.3143515
4 20 -0.31474164
5 20 -0.3150971
6 20 -0.31519818
7 20 -0.31527045
8 20 -0.3154609
9 20 -0.31564325
10 20 -0.31588715
11 20 -0.31411272
12 20 -0.31502363
13 20 -0.31312245
14 20 -0.31368497
15 20 -0.31420842
16 20 -0.30985215
17 20 -0.31390715
18 20 -0.29683682
19 20 -0.30590945
20 20 -0.3121349
21 20 -0.31299186
22 20 -0.31345353
23 20 -0.31373575
24 20 -0.31384268
25 20 -0.31406778
26 20 -0.31409147
27 20 -0.31421697
28 20 -0.31541792
29 20 -0.3159233
30 20 -0.31621554
0 21 -0.31507927
1 21 -0.3156347
2 21 -0.31607613
3 21 -0.31641892
4 21 -0.31662545
5 21 -0.31676924
6 21 -0.31679097
7 21 -0.3169736
8 21 -0.31715328
9 21 -0.3172458
10 21 -0.3173518
11 21 -0.31749338
12 21 -0.31754708
13 21 -0.31400236
14 21 -0.31581488
15 21 -0.31626144
16 21 -0.3162092
17 21 -0.30935702
18 21 -0.31423673
19 21 -0.3110868
20 21 -0.31029746
21 21 -0.3139633
22 21 -0.31459686
23 21 -0.31501216
24 21 -0.3153764
25 21 -0.31568208
26 21 -0.3159741
27 21 -0.31612667
28 21 -0.3162717
29 21 -0.31645212
30 21 -0.3166003
0 22 -0.32023048
1 22 -0.32092923
2 22 -0.32142827
3 22 -0.32171586
4 22 -0.321814
5 22 -0.32148612
6 22 -0.32130325
7 22 -0.32118532
8 22 -0.32110208
9 22 -0.32096562
10 22 -0.3208516
11 22 -0.32076174
12 22 -0.32063943
13 22 -0.32022414
14 22 -0.32039064
15 22 -0.3202073
16 22 -0.31812963
17 22 -0.29280892
18 22 -0.31244105
19 22 -0.31502655
20 22 -0.3154599
21 22 -0.31652388
22 22 -0.3169001
23 22 -0.3171821
24 22 -0.31739768
25 22 -0.31753147
26 22 -0.31761765
27 22 -0.31767258
28 22 -0.31767088
29 22 -0.31767136
30 22 -0.3176604
0 23 -0.31768698
1 23 -0.3180825
2 23 -0.31834006
3 23 -0.31860352
4 23 -0.31865746
5 23 -0.3186677
6 23 -0.31866014
7 23 -0.31869432
8 23 -0.31869188
9 23 -0.31869042
10 23 -0.3187561
11 23 -0.31881055
12 23 -0.3188264
13 23 -0.31887084
14 23 -0.31948853
15 23 -0.31970143
16 23 -0.31982106
17 23 -0.31990698
18 23 -0.31992507
19 23 -0.31990725
20 23 -0.31993777
21 23 -0.31994215
22 23 -0.31997755
23 23 -0.31999636
24 23 -0.32005566
25 23 -0.3201338
26 23 -0.3201875
27 23 -0.32025295
28 23 -0.3203345
29 23 -0.32042482
30 23 -0.32049417
0 24 -0.31866527
1 24 -0.3193152
2 24 -0.31987184
3 24 -0.3201482
4 24 -0.32015896
5 24 -0.31954712
6 24 -0.31936547
7 24 -0.31934375
8 24 -0.31930175
9 24 -0.31931567
10 24 -0.31939745
11 24 -0.3194707
12 24 -0.3195513
13 24 -0.31962258
14 24 -0.3196824
15 24 -0.31975245
16 24 -0.31983155
17 24 -0.31992602
18 24 -0.3199761
19 24 -0.32004908
20 24 -0.32012305
21 24 -0.3201924
22 24 -0.32026833
23 24 -0.32028395
24 24 -0.3203494
25 24 -0.3204131
26 24 -0.32045412
27 24 -0.32049513
28 24 -0.32073098
29 24 -0.3209434
30 24 -0.32099882
0 25 -0.32121146
1 25 -0.3214285
2 25 -0.32159477
3 25 -0.3217537
4 25 -0.32189384
5 25 -0.32192996
6 25 -0.32196245
7 25 -0.32210675
8 25 -0.32216534
9 25 -0.32222247
10 25 -0.32233575
11 25 -0.32248345
12 25 -0.32261088
13 25 -0.3227276
14 25 -0.32273492
15 25 -0.3227586
16 25 -0.32280254
17 25 -0.32286114
18 25 -0.32282868
19 25 -0.3225274
20 25 -0.32242242
21 25 -0.32233793
22 25 -0.32236895
23 25 -0.32222977
24 25 -0.32224637
25 25 -0.3222049
26 25 -0.3222088
27 25 -0.32220146
28 25 -0.32217315
29 25 -0.3221895
30 25 -0.32244682
0 26 -0.3224417
1 26 -0.32250687
2 26 -0.3226192
3 26 -0.32274053
4 26 -0.3226966
5 26 -0.32265216
6 26 -0.3227486
7 26 -0.32287627
8 26 -0.32297003
9 26 -0.32310212
10 26 -0.3231595
11 26 -0.3232249
12 26 -0.3233172
13 26 -0.3234261
14 26 -0.32349104
15 26 -0.32350886
16 26 -0.32353374
17 26 -0.32357234
18 26 -0.32359967
19 26 -0.3236148
20 26 -0.32366535
21 26 -0.32370245
22 26 -0.3235992
23 26 -0.3237093
24 26 -0.32373762
25 26 -0.32380208
26 26 -0.3238885
27 26 -0.32394758
28 26 -0.32399446
29 26 -0.3240699
30 26 -0.32415387
0 27 -0.32564098
1 27 -0.32551426
2 27 -0.32557333
3 27 -0.3255687
4 27 -0.32548717
5 27 -0.32552892
6 27 -0.32567662
7 27 -0.3257645
8 27 -0.32589853
9 27 -0.32602403
10 27 -0.32617393
11 27 -0.3266205
12 27 -0.32871768
13 27 -0.329266
14 27 -0.329476
15 27 -0.32949576
16 27 -0.3293964
17 27 -0.32912418
18 27 -0.3294982
19 27 -0.32878163
20 27 -0.3287228
21 27 -0.32869643
22 27 -0.3283693
23 27 -0.3274662
24 27 -0.3269088
25 27 -0.32670617
26 27 -0.326578
27 27 -0.32651305
28 27 -0.3265045
29 27 -0.32651743
30 27 -0.3265243
0 28 -0.32741833
1 28 -0.32765004
2 28 -0.32763124
3 28 -0.3278197
4 28 -0.32773596
5 28 -0.32759658
6 28 -0.32767224
7 28 -0.3277184
8 28 -0.32772082
9 28 -0.3277604
10 28 -0.32784778
11 28 -0.32788685
12 28 -0.32795376
13 28 -0.32793716
14 28 -0.3279955
15 28 -0.32797375
16 28 -0.32800454
17 28 -0.32806727
18 28 -0.32806313
19 28 -0.32802895
20 28 -0.32804018
21 28 -0.32804602
22 28 -0.32816663
23 28 -0.32818618
24 28 -0.3281969
25 28 -0.32820693
26 28 -0.3287577
27 28 -0.3297609
28 28 -0.3300009
29 28 -0.33011004
30 28 -0.3300888
0 29 -0.3301635
1 29 -0.33010808
2 29 -0.3300175
3 29 -0.3299499
4 29 -0.3299135
5 29 -0.3299047
6 29 -0.32991228
7 29 -0.3298969
8 29 -0.3299252
9 29 -0.329924
10 29 -0.32991984
11 29 -0.32992572
12 29 -0.32989788
13 29 -0.32981485
14 29 -0.32971427
15 29 -0.32918057
16 29 -0.32899967
17 29 -0.32893446
18 29 -0.3288871
19 29 -0.32881117
20 29 -0.32886124
21 29 -0.32890004
22 29 -0.32893717
23 29 -0.32896963
24 29 -0.32902873
25 29 -0.32911393
26 29 -0.32912832
27 29 -0.32912394
28 29 -0.32916227
29 29 -0.3291901
30 29 -0.32922745
0 30 -0.32985538
1 30 -0.32991716
2 30 -0.32995108
3 30 -0.33000675
4 30 -0.33009392
5 30 -0.33021256
6 30 -0.33037516
7 30 -0.3304865
8 30 -0.33056903
9 30 -0.33065593
10 30 -0.3307338
11 30 -0.3308752
12 30 -0.33096746
13 30 -0.33110395
14 30 -0.33119598
15 30 -0.33130512
16 30 -0.33137932
17 30 -0.331487
18 30 -0.33151972
19 30 -0.33150727
20 30 -0.33156708
21 30 -0.33165914
22 30 -0.33168402
23 30 -0.33171797
24 30 -0.33170208
25 30 -0.33171967
26 30 -0.33175093
27 30 -0.33176875
28 30 -0.3317773
29 30 -0.3318178
30 30 -0.3318532
