0 0 -0.35823816
1 0 -0.35826427
2 0 -0.3582013
3 0 -0.35811657
4 0 -0.3581246
5 0 -0.35810655
6 0 -0.3581737
7 0 -0.35816857
8 0 -0.35817516
9 0 -0.35814244
10 0 -0.3581776
11 0 -0.35822886
12 0 -0.3582506
13 0 -0.35822424
14 0 -0.3582433
15 0 -0.35830015
16 0 -0.3582938
17 0 -0.35842222
18 0 -0.3584264
19 0 -0.35845178
20 0 -0.3583331
21 0 -0.3583397
22 0 -0.3582904
23 0 -0.35821885
24 0 -0.35803452
25 0 -0.35802305
26 0 -0.35799548
27 0 -0.35834825
28 0 -0.35835022
29 0 -0.35843542
30 0 -0.35844788
0 1 -0.35866272
1 1 -0.35875353
2 1 -0.35887244
3 1 -0.35901037
4 1 -0.35898426
5 1 -0.3591605
6 1 -0.35903355
7 1 -0.3593673
8 1 -0.35932556
9 1 -0.35930872
10 1 -0.35924622
11 1 -0.35926843
12 1 -0.35940224
13 1 -0.35954285
14 1 -0.35938734
15 1 -0.35935852
16 1 -0.35944983
17 1 -0.3592577
18 1 -0.35926038
19 1 -0.3592538
20 1 -0.35895374
21 1 -0.35908216
22 1 -0.35911608
23 1 -0.3590265
24 1 -0.35884875
25 1 -0.35877624
26 1 -0.35890514
27 1 -0.35893494
28 1 -0.35878307
29 1 -0.35878015
30 1 -0.35877746
0 2 -0.3587816
1 2 -0.35908192
2 2 -0.35931215
3 2 -0.3594916
4 2 -0.3595878
5 2 -0.35949624
6 2 -0.3595934
7 2 -0.3596427
8 2 -0.35950452
9 2 -0.3595011
10 2 -0.35934022
11 2 -0.3593397
12 2 -0.3593456
13 2 -0.35943127
14 2 -0.35939223
15 2 -0.35953823
16 2 -0.35955507
17 2 -0.35968325
18 2 -0.35955605
19 2 -0.3594779
20 2 -0.35951796
21 2 -0.35953382
22 2 -0.3595492
23 2 -0.3595785
24 2 -0.35952625
25 2 -0.3594613
26 2 -0.35932922
27 2 -0.3593888
28 2 -0.3594252
29 2 -0.35933533
30 2 -0.3594779
0 3 -0.3596266
1 3 -0.35981825
2 3 -0.3600829
3 3 -0.36022085
4 3 -0.3602101
5 3 -0.36036074
6 3 -0.3603434
7 3 -0.36022937
8 3 -0.3601681
9 3 -0.36006314
10 3 -0.3600016
11 3 -0.36000088
12 3 -0.3600956
13 3 -0.3602057
14 3 -0.36020008
15 3 -0.36028725
16 3 -0.3603439
17 3 -0.36037147
18 3 -0.36045083
19 3 -0.36053067
20 3 -0.36045182
21 3 -0.36045277
22 3 -0.36064857
23 3 -0.3606559
24 3 -0.36045742
25 3 -0.36044276
26 3 -0.36047328
27 3 -0.3604706
28 3 -0.36050478
29 3 -0.36047646
30 3 -0.36059463
0 4 -0.36065176
1 4 -0.3608722
2 4 -0.36113933
3 4 -0.36130044
4 4 -0.3613134
5 4 -0.36151043
6 4 -0.3615805
7 4 -0.36175334
8 4 -0.3617399
9 4 -0.36171257
10 4 -0.36155826
11 4 -0.36145574
12 4 -0.36141714
13 4 -0.36137468
14 4 -0.36153582
15 4 -0.36149234
16 4 -0.36159
17 4 -0.36154556
18 4 -0.36154923
19 4 -0.36166105
20 4 -0.36169815
21 4 -0.36176628
22 4 -0.36180192
23 4 -0.36171502
24 4 -0.36181656
25 4 -0.3617946
26 4 -0.3618239
27 4 -0.362018
28 4 -0.3619728
29 4 -0.36201677
30 4 -0.36192912
0 5 -0.363164
1 5 -0.36306
2 5 -0.36299652
3 5 -0.36309785
4 5 -0.3630568
5 5 -0.36322138
6 5 -0.3631596
7 5 -0.36310932
8 5 -0.3630363
9 5 -0.36275703
10 5 -0.36259416
11 5 -0.36239713
12 5 -0.3623786
13 5 -0.36237174
14 5 -0.36238006
15 5 -0.36237004
16 5 -0.36236736
17 5 -0.36223575
18 5 -0.36227238
19 5 -0.36225677
20 5 -0.36225846
21 5 -0.3623012
22 5 -0.36230046
23 5 -0.36231488
24 5 -0.36233172
25 5 -0.36242083
26 5 -0.36233392
27 5 -0.36230585
28 5 -0.36235148
29 5 -0.36231926
30 5 -0.36239567
0 6 -0.36243132
1 6 -0.36262956
2 6 -0.3628642
3 6 -0.3630915
4 6 -0.36314252
5 6 -0.36323822
6 6 -0.363289
7 6 -0.36344403
8 6 -0.36330268
9 6 -0.36314228
10 6 -0.36312324
11 6 -0.3630822
12 6 -0.36294207
13 6 -0.36310858
14 6 -0.36308002
15 6 -0.36316472
16 6 -0.36319965
17 6 -0.36321065
18 6 -0.36324653
19 6 -0.36326385
20 6 -0.36337373
21 6 -0.36366522
22 6 -0.36367255
23 6 -0.36352485
24 6 -0.36362666
25 6 -0.3636352
26 6 -0.36370382
27 6 -0.36363715
28 6 -0.3636135
29 6 -0.36358392
30 6 -0.36367133
0 7 -0.36348677
1 7 -0.36366475
2 7 -0.36391085
3 7 -0.36406928
4 7 -0.36408907
5 7 -0.36428756
6 7 -0.3642353
7 7 -0.3642502
8 7 -0.36426118
9 7 -0.36421308
10 7 -0.3642524
11 7 -0.36420822
12 7 -0.36428145
13 7 -0.36425215
14 7 -0.36430293
15 7 -0.36439034
16 7 -0.36473116
17 7 -0.36455685
18 7 -0.3645837
19 7 -0.36446822
20 7 -0.36436448
21 7 -0.3643017
22 7 -0.36428
23 7 -0.3643144
24 7 -0.36427683
25 7 -0.364301
26 7 -0.36432612
27 7 -0.36425948
28 7 -0.36439645
29 7 -0.3643901
30 7 -0.36431172
0 8 -0.36530247
1 8 -0.3651838
2 8 -0.36518013
3 8 -0.36521482
4 8 -0.36529392
5 8 -0.3654465
6 8 -0.3654277
7 8 -0.3654592
8 8 -0.36531833
9 8 -0.36523166
10 8 -0.36523336
11 8 -0.3651638
12 8 -0.36524436
13 8 -0.36531296
14 8 -0.36538815
15 8 -0.3654658
16 8 -0.36552098
17 8 -0.36547825
18 8 -0.36541745
19 8 -0.36531734
20 8 -0.36537474
21 8 -0.3652871
22 8 -0.365249
23 8 -0.36526194
24 8 -0.365197
25 8 -0.36520237
26 8 -0.3651606
27 8 -0.3650422
28 8 -0.36518723
29 8 -0.36531028
30 8 -0.36523703
0 9 -0.3649255
1 9 -0.3652585
2 9 -0.36538035
3 9 -0.36573678
4 9 -0.36561424
5 9 -0.3657561
6 9 -0.3657688
7 9 -0.36574462
8 9 -0.36557737
9 9 -0.36554807
10 9 -0.36566868
11 9 -0.36565012
12 9 -0.36572483
13 9 -0.36575976
14 9 -0.36581615
15 9 -0.36586523
16 9 -0.36589453
17 9 -0.3659282
18 9 -0.36588597
19 9 -0.3658557
20 9 -0.36587963
21 9 -0.3659177
22 9 -0.3659094
23 9 -0.3658137
24 9 -0.36579442
25 9 -0.365802
26 9 -0.36587498
27 9 -0.36581445
28 9 -0.36582175
29 9 -0.3658303
30 9 -0.36580124
0 10 -0.36606932
1 10 -0.36631688
2 10 -0.36637205
3 10 -0.36644018
4 10 -0.36651903
5 10 -0.3665166
6 10 -0.36643773
7 10 -0.36643115
8 10 -0.3664177
9 10 -0.3661753
10 10 -0.36631176
11 10 -0.3663972
12 10 -0.36636057
13 10 -0.36629346
14 10 -0.3663164
15 10 -0.36631957
16 10 -0.3663071
17 10 -0.36626878
18 10 -0.36622092
19 10 -0.3661084
20 10 -0.36606175
21 10 -0.3660891
22 10 -0.3660471
23 10 -0.36587352
24 10 -0.36578196
25 10 -0.3654836
26 10 -0.36552122
27 10 -0.36551464
28 10 -0.36552122
29 10 -0.365603
30 10 -0.36558348
0 11 -0.3649592
1 11 -0.36496797
2 11 -0.36513475
3 11 -0.36516574
4 11 -0.36514303
5 11 -0.36507052
6 11 -0.36500534
7 11 -0.3649746
8 11 -0.3647265
9 11 -0.36473826
10 11 -0.36456028
11 11 -0.36477757
12 11 -0.3647414
13 11 -0.36465743
14 11 -0.3647873
15 11 -0.36480564
16 11 -0.3568426
17 11 -0.3610546
18 11 -0.3620358
19 11 -0.36254656
20 11 -0.36289105
21 11 -0.36318573
22 11 -0.3633725
23 11 -0.36348847
24 11 -0.36363935
25 11 -0.36366034
26 11 -0.3637531
27 11 -0.36375043
28 11 -0.36375216
29 11 -0.36372358
30 11 -0.36379048
0 12 -0.36382514
1 12 -0.3639985
2 12 -0.36501852
3 12 -0.3652856
4 12 -0.3653923
5 12 -0.36561862
6 12 -0.36566672
7 12 -0.36572996
8 12 -0.3655151
9 12 -0.3652729
10 12 -0.36542478
11 12 -0.3655476
12 12 -0.3656721
13 12 -0.36554074
14 12 -0.36502048
15 12 -0.36517674
16 12 -0.35716856
17 12 -0.36227924
18 12 -0.36303216
19 12 -0.35891688
20 12 -0.36001918
21 12 -0.36184904
22 12 -0.36230364
23 12 -0.3625119
24 12 -0.36261615
25 12 -0.3627143
26 12 -0.36288324
27 12 -0.36298895
28 12 -0.36302558
29 12 -0.36306927
30 12 -0.36316228
0 13 -0.3634814
1 13 -0.3637475
2 13 -0.36401728
3 13 -0.36416864
4 13 -0.36415035
5 13 -0.36417428
6 13 -0.36421773
7 13 -0.3640217
8 13 -0.36385053
9 13 -0.3638227
10 13 -0.36385345
11 13 -0.36395088
12 13 -0.36415377
13 13 -0.3640168
14 13 -0.36367476
15 13 -0.36388937
16 13 -0.34440225
17 13 -0.3599313
18 13 -0.36158708
19 13 -0.3605824
20 13 -0.3613483
21 13 -0.36192766
22 13 -0.36227873
23 13 -0.36254215
24 13 -0.36266816
25 13 -0.36283562
26 13 -0.36294183
27 13 -0.36300287
28 13 -0.36305708
29 13 -0.36301556
30 13 -0.36314422
0 14 -0.36316913
1 14 -0.36311933
2 14 -0.3632741
3 14 -0.36331928
4 14 -0.36326826
5 14 -0.3632707
6 14 -0.36332977
7 14 -0.36333856
8 14 -0.36304927
9 14 -0.36306587
10 14 -0.36316937
11 14 -0.36324993
12 14 -0.35712436
13 14 -0.36106315
14 14 -0.3605021
15 14 -0.35799426
16 14 -0.35880286
17 14 -0.35984853
18 14 -0.3585194
19 14 -0.36037076
20 14 -0.36099502
21 14 -0.36122012
22 14 -0.36123306
23 14 -0.3614621
24 14 -0.36157095
25 14 -0.36168277
26 14 -0.36172575
27 14 -0.36170477
28 14 -0.3617526
29 14 -0.3617692
30 14 -0.3618024
0 15 -0.3589293
1 15 -0.35981655
2 15 -0.36051846
3 15 -0.36101872
4 15 -0.36121354
5 15 -0.36143595
6 15 -0.36149016
7 15 -0.36143252
8 15 -0.36126554
9 15 -0.36124942
10 15 -0.36130095
11 15 -0.3615292
12 15 -0.36062393
13 15 -0.3604672
14 15 -0.33510596
15 15 -0.288231
16 15 -0.25430882
17 15 -0.31822044
18 15 -0.32794055
19 15 -0.329955
20 15 -0.3332048
21 15 -0.3384053
22 15 -0.3412364
23 15 -0.34319103
24 15 -0.34475526
25 15 -0.34573942
26 15 -0.34657148
27 15 -0.3473149
28 15 -0.3479631
29 15 -0.34851095
30 15 -0.34888864
0 16 -0.34930807
1 16 -0.35006297
2 16 -0.35072362
3 16 -0.35107276
4 16 -0.35138917
5 16 -0.3516824
6 16 -0.35191798
7 16 -0.3520276
8 16 -0.352104
9 16 -0.3525259
10 16 -0.3529441
11 16 -0.35303226
12 16 -0.35194874
13 16 -0.34522942
14 16 -0.34654853
15 16 -0.34951243
16 16 -0.34856564
17 16 -0.34645647
18 16 -0.34919944
19 16 -0.35014892
20 16 -0.349519
21 16 -0.34792158
22 16 -0.34684467
23 16 -0.35058275
24 16 -0.35106444
25 16 -0.3515032
26 16 -0.35180837
27 16 -0.35204983
28 16 -0.35225296
29 16 -0.3524126
30 16 -0.35255104
0 17 -0.35083714
1 17 -0.3515664
2 17 -0.35220975
3 17 -0.35260648
4 17 -0.35281155
5 17 -0.35302103
6 17 -0.35340384
7 17 -0.35343167
8 17 -0.3533096
9 17 -0.35343337
10 17 -0.347237
11 17 -0.35141432
12 17 -0.35235012
13 17 -0.35215846
14 17 -0.35254592
15 17 -0.35258377
16 17 -0.35041746
17 17 -0.3525833
18 17 -0.35177198
19 17 -0.35213965
20 17 -0.35219705
21 17 -0.35265067
22 17 -0.3529783
23 17 -0.35296097
24 17 -0.35325393
25 17 -0.3533853
26 17 -0.35359427
27 17 -0.35367826
28 17 -0.35376322
29 17 -0.35393927
30 17 -0.35397562
0 18 -0.35347
1 18 -0.35377005
2 18 -0.35428813
3 18 -0.3546353
4 18 -0.3547088
5 18 -0.35476056
6 18 -0.35483867
7 18 -0.3549058
8 18 -0.3548836
9 18 -0.35497272
10 18 -0.3549871
11 18 -0.35441583
12 18 -0.3541077
13 18 -0.35457256
14 18 -0.35237527
15 18 -0.3539356
16 18 -0.35324466
17 18 -0.34601212
18 18 -0.34689325
19 18 -0.34136656
20 18 -0.31314468
21 18 -0.34622455
22 18 -0.34873873
23 18 -0.35004002
24 18 -0.35090625
25 18 -0.35140553
26 18 -0.351875
27 18 -0.35222122
28 18 -0.35245582
29 18 -0.35266972
30 18 -0.35292727
0 19 -0.35182253
1 19 -0.3523909
2 19 -0.35301054
3 19 -0.35331327
4 19 -0.3536238
5 19 -0.35372734
6 19 -0.35378715
7 19 -0.35382745
8 19 -0.35395855
9 19 -0.35467535
10 19 -0.35506648
11 19 -0.3551888
12 19 -0.35303298
13 19 -0.35497516
14 19 -0.35505962
15 19 -0.3496716
16 19 -0.3535811
17 19 -0.3535093
18 19 -0.35133472
19 19 -0.34271055
20 19 -0.3511228
21 19 -0.35317168
22 19 -0.35390288
23 19 -0.35429424
24 19 -0.35452545
25 19 -0.35469633
26 19 -0.35484624
27 19 -0.35493463
28 19 -0.35507256
29 19 -0.35514435
30 19 -0.35518536
0 20 -0.35344878
1 20 -0.35347146
2 20 -0.35378227
3 20 -0.3539627
4 20 -0.35402325
5 20 -0.3542049
6 20 -0.3542095
7 20 -0.35423273
8 20 -0.3542227
9 20 -0.35435063
10 20 -0.35442388
11 20 -0.35447735
12 20 -0.35444367
13 20 -0.35450128
14 20 -0.35514265
15 20 -0.35265702
16 20 -0.34600213
17 20 -0.29504552
18 20 -0.3171489
19 20 -0.33175287
20 20 -0.3374771
21 20 -0.33872685
22 20 -0.34194347
23 20 -0.34373742
24 20 -0.34495693
25 20 -0.3458361
26 20 -0.34639958
27 20 -0.3467773
28 20 -0.34714568
29 20 -0.34745967
30 20 -0.3477719
0 21 -0.34536123
1 21 -0.3463073
2 21 -0.3469455
3 21 -0.34756172
4 21 -0.34788546
5 21 -0.34818769
6 21 -0.34843844
7 21 -0.3485732
8 21 -0.3487314
9 21 -0.34909737
10 21 -0.3492534
11 21 -0.34940085
12 21 -0.34947777
13 21 -0.3493818
14 21 -0.3494482
15 21 -0.34755585
16 21 -0.34893674
17 21 -0.3492524
18 21 -0.34943846
19 21 -0.33209932
20 21 -0.32869497
21 21 -0.34196153
22 21 -0.34417006
23 21 -0.34521306
24 21 -0.34597722
25 21 -0.3465673
26 21 -0.3470739
27 21 -0.34734076
28 21 -0.34766498
29 21 -0.34788814
30 21 -0.34811127
0 22 -0.34811884
1 22 -0.34872702
2 22 -0.34885398
3 22 -0.34915426
4 22 -0.34923998
5 22 -0.34948924
6 22 -0.34958372
7 22 -0.3498403
8 22 -0.34987694
9 22 -0.34997582
10 22 -0.3500088
11 22 -0.3501565
12 22 -0.35023168
13 22 -0.35025632
14 22 -0.35002148
15 22 -0.34238464
16 22 -0.34836006
17 22 -0.3315129
18 22 -0.33858845
19 22 -0.34207016
20 22 -0.34367323
21 22 -0.3447538
22 22 -0.34553653
23 22 -0.3462199
24 22 -0.34665912
25 22 -0.34707806
26 22 -0.34738055
27 22 -0.34763032
28 22 -0.34775972
29 22 -0.3480532
30 22 -0.34819967
0 23 -0.34861788
1 23 -0.34899485
2 23 -0.34926656
3 23 -0.34956273
4 23 -0.34973776
5 23 -0.34974584
6 23 -0.34972313
7 23 -0.3498264
8 23 -0.34991795
9 23 -0.35010448
10 23 -0.3502258
11 23 -0.35030004
12 23 -0.3504011
13 23 -0.35046703
14 23 -0.35044286
15 23 -0.3505415
16 23 -0.3506797
17 23 -0.35075903
18 23 -0.35076904
19 23 -0.35080248
20 23 -0.35082763
21 23 -0.35091698
22 23 -0.35091722
23 23 -0.35100365
24 23 -0.3510537
25 23 -0.35110596
26 23 -0.351126
27 23 -0.3512251
28 23 -0.35123804
29 23 -0.35127833
30 23 -0.35133937
0 24 -0.3494697
1 24 -0.35050046
2 24 -0.35073072
3 24 -0.35104808
4 24 -0.35115698
5 24 -0.35193092
6 24 -0.35184205
7 24 -0.351969
8 24 -0.35212332
9 24 -0.35219827
10 24 -0.35228005
11 24 -0.35237503
12 24 -0.35248807
13 24 -0.35263065
14 24 -0.3526907
15 24 -0.35273367
16 24 -0.35274392
17 24 -0.35279813
18 24 -0.35290334
19 24 -0.35291752
20 24 -0.3529695
21 24 -0.35297585
22 24 -0.35304886
23 24 -0.35308743
24 24 -0.35303983
25 24 -0.35299125
26 24 -0.35306644
27 24 -0.35314384
28 24 -0.3531719
29 24 -0.35321146
30 24 -0.3532803
0 25 -0.35429594
1 25 -0.3539776
2 25 -0.35383743
3 25 -0.35398027
4 25 -0.3538338
5 25 -0.35383353
6 25 -0.35393804
7 25 -0.35398296
8 25 -0.35405937
9 25 -0.35418144
10 25 -0.35421586
11 25 -0.35434112
12 25 -0.35451764
13 25 -0.3544876
14 25 -0.35449958
15 25 -0.35460478
16 25 -0.35467803
17 25 -0.35471514
18 25 -0.35473737
19 25 -0.35476837
20 25 -0.35485432
21 25 -0.35485846
22 25 -0.3548206
23 25 -0.35490656
24 25 -0.35497734
25 25 -0.3548963
26 25 -0.35487628
27 25 -0.35479572
28 25 -0.35483038
29 25 -0.35484016
30 25 -0.35483795
0 26 -0.35479277
1 26 -0.35494757
2 26 -0.35520026
3 26 -0.35520563
4 26 -0.35514802
5 26 -0.35521588
6 26 -0.35516632
7 26 -0.35519758
8 26 -0.35524055
9 26 -0.355305
10 26 -0.3552923
11 26 -0.35535675
12 26 -0.35541657
13 26 -0.3553482
14 26 -0.35569635
15 26 -0.35591632
16 26 -0.35593
17 26 -0.35589728
18 26 -0.3560135
19 26 -0.35602742
20 26 -0.35610238
21 26 -0.3561346
22 26 -0.3560074
23 26 -0.35597542
24 26 -0.3559732
25 26 -0.3559305
26 26 -0.35592073
27 26 -0.3559742
28 26 -0.3559671
29 26 -0.35592023
30 26 -0.35588557
0 27 -0.35649398
1 27 -0.3565694
2 27 -0.35634115
3 27 -0.35625473
4 27 -0.35616657
5 27 -0.35627133
6 27 -0.35611776
7 27 -0.35632038
8 27 -0.3565814
9 27 -0.35656282
10 27 -0.35641828
11 27 -0.35630134
12 27 -0.3560721
13 27 -0.35605353
14 27 -0.35602814
15 27 -0.35601717
16 27 -0.35602278
17 27 -0.35596126
18 27 -0.35585213
19 27 -0.35580793
20 27 -0.35562727
21 27 -0.35588434
22 27 -0.35574737
23 27 -0.3557381
24 27 -0.35567147
25 27 -0.3557696
26 27 -0.35633552
27 27 -0.35615876
28 27 -0.35605988
29 27 -0.35600862
30 27 -0.3558116
0 28 -0.35574007
1 28 -0.35806432
2 28 -0.35793248
3 28 -0.35813147
4 28 -0.3580433
5 28 -0.35742906
6 28 -0.35649446
7 28 -0.35670882
8 28 -0.35680452
9 28 -0.3567125
10 28 -0.35745835
11 28 -0.35749668
12 28 -0.3573663
13 28 -0.35721493
14 28 -0.35679427
15 28 -0.3573236
16 28 -0.35753965
17 28 -0.3577362
18 28 -0.35765514
19 28 -0.35723153
20 28 -0.3570692
21 28 -0.35706943
22 28 -0.35701376
23 28 -0.3570091
24 28 -0.35699886
25 28 -0.3569437
26 28 -0.3567313
27 28 -0.356754
28 28 -0.35690537
29 28 -0.35697958
30 28 -0.3568353
0 29 -0.356503
1 29 -0.35681576
2 29 -0.35695443
3 29 -0.3571583
4 29 -0.35862145
5 29 -0.3586395
6 29 -0.3585316
7 29 -0.3584596
8 29 -0.35822496
9 29 -0.35799986
10 29 -0.35782945
11 29 -0.35750377
12 29 -0.35858947
13 29 -0.35845715
14 29 -0.35801622
15 29 -0.35769248
16 29 -0.3575123
17 29 -0.35760385
18 29 -0.35787705
19 29 -0.35814658
20 29 -0.35811925
21 29 -0.35813317
22 29 -0.3582811
23 29 -0.35862634
24 29 -0.3585978
25 29 -0.3582445
26 29 -0.35821617
27 29 -0.3582186
28 29 -0.35815075
29 29 -0.3582164
30 29 -0.3582982
0 30 -0.3579591
1 30 -0.35806382
2 30 -0.35810095
3 30 -0.35828772
4 30 -0.35833898
5 30 -0.35827598
6 30 -0.35819054
7 30 -0.35823596
8 30 -0.35822082
9 30 -0.35809654
10 30 -0.35820177
11 30 -0.3583451
12 30 -0.35830796
13 30 -0.35822228
14 30 -0.35819787
15 30 -0.35822275
16 30 -0.35815927
17 30 -0.359944
18 30 -0.3592472
19 30 -0.3590636
20 30 -0.35963514
21 30 -0.35949403
22 30 -0.35911414
23 30 -0.35935438
24 30 -0.3595746
25 30 -0.3598444
26 30 -0.35995498
27 30 -0.36084902
28 30 -0.35994887
29 30 -0.3603993
30 30 -0.36120036
