0 0 -0.30740437
1 0 -0.30744195
2 0 -0.30746296
3 0 -0.30739045
4 0 -0.30753985
5 0 -0.30753914
6 0 -0.3077
7 0 -0.30775568
8 0 -0.30742902
9 0 -0.3080572
10 0 -0.30799836
11 0 -0.30773324
12 0 -0.3078375
13 0 -0.30782625
14 0 -0.30795026
15 0 -0.30817074
16 0 -0.30829304
17 0 -0.30838117
18 0 -0.30846247
19 0 -0.30855745
20 0 -0.3088133
21 0 -0.30910972
22 0 -0.3091732
23 0 -0.30916658
24 0 -0.30913755
25 0 -0.30909702
26 0 -0.30900985
27 0 -0.3088187
28 0 -0.30875203
29 0 -0.30865487
30 0 -0.30859798
0 1 -0.30794442
1 1 -0.30765265
2 1 -0.3078514
3 1 -0.3077823
4 1 -0.30784285
5 1 -0.30791146
6 1 -0.30790704
7 1 -0.308263
8 1 -0.30898568
9 1 -0.3094166
10 1 -0.31029528
11 1 -0.3104508
12 1 -0.3103673
13 1 -0.31137195
14 1 -0.31084436
15 1 -0.31083506
16 1 -0.30988243
17 1 -0.30963364
18 1 -0.30954355
19 1 -0.30980894
20 1 -0.30973887
21 1 -0.30963317
22 1 -0.30955234
23 1 -0.30959898
24 1 -0.30966341
25 1 -0.30959702
26 1 -0.30950597
27 1 -0.30950522
28 1 -0.30947936
29 1 -0.3097108
30 1 -0.30950692
0 2 -0.30738238
1 2 -0.30796808
2 2 -0.3078973
3 2 -0.30785164
4 2 -0.30765313
5 2 -0.3075484
6 2 -0.3075262
7 2 -0.3072144
8 2 -0.30889878
9 2 -0.3090223
10 2 -0.31070325
11 2 -0.31076574
12 2 -0.3128949
13 2 -0.3139672
14 2 -0.3137421
15 2 -0.31367034
16 2 -0.31368986
17 2 -0.31352994
18 2 -0.3134035
19 2 -0.31330287
20 2 -0.31334707
21 2 -0.3132316
22 2 -0.31336758
23 2 -0.31265053
24 2 -0.31223547
25 2 -0.3119828
26 2 -0.31178212
27 2 -0.31161976
28 2 -0.31141347
29 2 -0.31118885
30 2 -0.31060925
0 3 -0.31191787
1 3 -0.31172448
2 3 -0.3108949
3 3 -0.3105011
4 3 -0.31017223
5 3 -0.3098348
6 3 -0.30934677
7 3 -0.30896005
8 3 -0.3086334
9 3 -0.30824617
10 3 -0.30772126
11 3 -0.31054163
12 3 -0.31145984
13 3 -0.30993077
14 3 -0.3093707
15 3 -0.30883723
16 3 -0.30845663
17 3 -0.30819148
18 3 -0.3084283
19 3 -0.3079676
20 3 -0.30771297
21 3 -0.30749616
22 3 -0.30717438
23 3 -0.30697784
24 3 -0.3066773
25 3 -0.3064378
26 3 -0.30620465
27 3 -0.30610478
28 3 -0.30587456
29 3 -0.30580303
30 3 -0.30552495
0 4 -0.3031548
1 4 -0.30451173
2 4 -0.30424365
3 4 -0.30430177
4 4 -0.30424732
5 4 -0.30399904
6 4 -0.30390456
7 4 -0.30361623
8 4 -0.3031333
9 4 -0.30318066
10 4 -0.30526736
11 4 -0.30494168
12 4 -0.30567825
13 4 -0.30460355
14 4 -0.30414063
15 4 -0.30385157
16 4 -0.3036509
17 4 -0.3035559
18 4 -0.30338356
19 4 -0.303084
20 4 -0.30283886
21 4 -0.30268407
22 4 -0.30250022
23 4 -0.30223998
24 4 -0.30206296
25 4 -0.3017451
26 4 -0.30147043
27 4 -0.30120358
28 4 -0.30101925
29 4 -0.30076975
30 4 -0.30055735
0 5 -0.29898286
1 5 -0.2988183
2 5 -0.29852313
3 5 -0.29825407
4 5 -0.29787442
5 5 -0.29787615
6 5 -0.29754874
7 5 -0.2966393
8 5 -0.29560828
9 5 -0.29719937
10 5 -0.29647645
11 5 -0.29634732
12 5 -0.29552966
13 5 -0.29527992
14 5 -0.29509142
15 5 -0.2947997
16 5 -0.29459825
17 5 -0.29444373
18 5 -0.29426426
19 5 -0.29427868
20 5 -0.2943773
21 5 -0.29431823
22 5 -0.29386705
23 5 -0.29359752
24 5 -0.29343295
25 5 -0.2934244
26 5 -0.29330918
27 5 -0.29312557
28 5 -0.2931063
29 5 -0.29319346
30 5 -0.29299423
0 6 -0.29096565
1 6 -0.2922552
2 6 -0.2930626
3 6 -0.29349056
4 6 -0.29347178
5 6 -0.29370713
6 6 -0.2936217
7 6 -0.29311484
8 6 -0.29258576
9 6 -0.29173324
10 6 -0.2927364
11 6 -0.29242098
12 6 -0.2922945
13 6 -0.2918895
14 6 -0.2914649
15 6 -0.29109943
16 6 -0.2908006
17 6 -0.29064238
18 6 -0.2905999
19 6 -0.2905938
20 6 -0.29051787
21 6 -0.29035917
22 6 -0.29021978
23 6 -0.29008013
24 6 -0.28997
25 6 -0.2898399
26 6 -0.28971538
27 6 -0.28953227
28 6 -0.28951445
29 6 -0.28943875
30 6 -0.2892725
0 7 -0.28822827
1 7 -0.2885625
2 7 -0.28835306
3 7 -0.28816506
4 7 -0.2880276
5 7 -0.28787526
6 7 -0.28764623
7 7 -0.28715724
8 7 -0.28920707
9 7 -0.2903316
10 7 -0.29137945
11 7 -0.29238874
12 7 -0.29247153
13 7 -0.2925765
14 7 -0.29268515
15 7 -0.2930787
16 7 -0.29363927
17 7 -0.2940992
18 7 -0.2943712
19 7 -0.2945912
20 7 -0.29469395
21 7 -0.29473057
22 7 -0.29464927
23 7 -0.29429185
24 7 -0.29430163
25 7 -0.29407382
26 7 -0.2939945
27 7 -0.29394567
28 7 -0.2938917
29 7 -0.29380968
30 7 -0.29390195
0 8 -0.29329476
1 8 -0.29329404
2 8 -0.29418296
3 8 -0.29397666
4 8 -0.29369736
5 8 -0.2938563
6 8 -0.29304722
7 8 -0.29257235
8 8 -0.29218808
9 8 -0.29367733
10 8 -0.29300523
11 8 -0.29451817
12 8 -0.29368076
13 8 -0.29343686
14 8 -0.29317442
15 8 -0.29305673
16 8 -0.29276058
17 8 -0.29146734
18 8 -0.2908267
19 8 -0.29057768
20 8 -0.2912996
21 8 -0.2917806
22 8 -0.2921446
23 8 -0.2925794
24 8 -0.29301915
25 8 -0.29354134
26 8 -0.29389292
27 8 -0.2943724
28 8 -0.29449815
29 8 -0.29458484
30 8 -0.29455528
0 9 -0.2944244
1 9 -0.2947257
2 9 -0.29453015
3 9 -0.2945675
4 9 -0.2942269
5 9 -0.29385996
6 9 -0.29356968
7 9 -0.29322445
8 9 -0.29459265
9 9 -0.29577798
10 9 -0.29498327
11 9 -0.29358798
12 9 -0.29320103
13 9 -0.29299593
14 9 -0.2928221
15 9 -0.29275277
16 9 -0.29265952
17 9 -0.29264316
18 9 -0.29282016
19 9 -0.2926109
20 9 -0.29254207
21 9 -0.29250008
22 9 -0.292473
23 9 -0.2924825
24 9 -0.29255378
25 9 -0.29255867
26 9 -0.29266292
27 9 -0.2927901
28 9 -0.29304746
29 9 -0.29275766
30 9 -0.2925489
0 10 -0.29131916
1 10 -0.29200178
2 10 -0.29167733
3 10 -0.29181477
4 10 -0.29174617
5 10 -0.29147518
6 10 -0.29130718
7 10 -0.29118145
8 10 -0.29107988
9 10 -0.29070684
10 10 -0.29264316
11 10 -0.29205182
12 10 -0.29212973
13 10 -0.29208234
14 10 -0.29192364
15 10 -0.29178157
16 10 -0.29184747
17 10 -0.29188654
18 10 -0.29193196
19 10 -0.2926356
20 10 -0.29329503
21 10 -0.29443297
22 10 -0.2952765
23 10 -0.29587194
24 10 -0.29629627
25 10 -0.29662782
26 10 -0.29699868
27 10 -0.2974142
28 10 -0.2975021
29 10 -0.297704
30 10 -0.29810247
0 11 -0.298508
1 11 -0.2992392
2 11 -0.30014205
3 11 -0.30040744
4 11 -0.3006181
5 11 -0.30080074
6 11 -0.30107614
7 11 -0.3014006
8 11 -0.30139378
9 11 -0.30370313
10 11 -0.30385572
11 11 -0.30414283
12 11 -0.30467898
13 11 -0.30509475
14 11 -0.3050669
15 11 -0.30527958
16 11 -0.30552956
17 11 -0.30565652
18 11 -0.3057869
19 11 -0.14616263
20 11 -0.20494331
21 11 -0.23928003
22 11 -0.25509253
23 11 -0.2648324
24 11 -0.27139112
25 11 -0.27602816
26 11 -0.2796007
27 11 -0.28268108
28 11 -0.28469968
29 11 -0.2861997
30 11 -0.28659275
0 12 -0.28870362
1 12 -0.28908622
2 12 -0.2897974
3 12 -0.2901021
4 12 -0.29029423
5 12 -0.2903262
6 12 -0.29083502
7 12 -0.29065752
8 12 -0.29114458
9 12 -0.2914876
10 12 -0.2913809
11 12 -0.29118976
12 12 -0.2914388
13 12 -0.2916722
14 12 -0.2918265
15 12 -0.29184943
16 12 -0.29216218
17 12 -0.29187506
18 12 -0.2923597
19 12 -0.29204768
20 12 -0.29045025
21 12 -0.29159504
22 12 -0.29208332
23 12 -0.29247713
24 12 -0.29347447
25 12 -0.29316318
26 12 -0.29331943
27 12 -0.29369786
28 12 -0.2937667
29 12 -0.29389292
30 12 -0.29402012
0 13 -0.2949735
1 13 -0.29508168
2 13 -0.29510143
3 13 -0.2955016
4 13 -0.295766
5 13 -0.29612342
6 13 -0.296433
7 13 -0.29657632
8 13 -0.29662588
9 13 -0.29620546
10 13 -0.29928046
11 13 -0.29832023
12 13 -0.29705068
13 13 -0.2968285
14 13 -0.29679385
15 13 -0.29611585
16 13 -0.28372332
17 13 -0.27831626
18 13 -0.27551007
19 13 -0.283726
20 13 -0.2883169
21 13 -0.29075617
22 13 -0.29118195
23 13 -0.2931749
24 13 -0.29432407
25 13 -0.29504603
26 13 -0.2956476
27 13 -0.29650527
28 13 -0.29674697
29 13 -0.2970441
30 13 -0.29726604
0 14 -0.2967394
1 14 -0.29761857
2 14 -0.29829264
3 14 -0.29862174
4 14 -0.2987265
5 14 -0.29884806
6 14 -0.2987973
7 14 -0.2987326
8 14 -0.2987724
9 14 -0.29849455
10 14 -0.29840106
11 14 -0.29832122
12 14 -0.29820305
13 14 -0.29829973
14 14 -0.29825407
15 14 -0.29086846
16 14 -0.2972753
17 14 -0.29640883
18 14 -0.29014066
19 14 -0.2939508
20 14 -0.29523987
21 14 -0.28397188
22 14 -0.2933121
23 14 -0.2946566
24 14 -0.2903223
25 14 -0.29364708
26 14 -0.2947567
27 14 -0.29561877
28 14 -0.2962887
29 14 -0.29668227
30 14 -0.29695448
0 15 -0.29579407
1 15 -0.29647598
2 15 -0.2974213
3 15 -0.29789764
4 15 -0.29816544
5 15 -0.29857194
6 15 -0.29877192
7 15 -0.2988029
8 15 -0.29870158
9 15 -0.29902655
10 15 -0.29902312
11 15 -0.29916033
12 15 -0.29930902
13 15 -0.2975534
14 15 -0.29699746
15 15 -0.29796672
16 15 -0.29833806
17 15 -0.29652798
18 15 -0.2960746
19 15 -0.29601187
20 15 -0.2978527
21 15 -0.29773185
22 15 -0.29833585
23 15 -0.29825285
24 15 -0.29842106
25 15 -0.29882783
26 15 -0.29908076
27 15 -0.2992912
28 15 -0.2995688
29 15 -0.2997426
30 15 -0.299832
0 16 -0.2995158
1 16 -0.30015936
2 16 -0.3004304
3 16 -0.30049166
4 16 -0.30055124
5 16 -0.30064228
6 16 -0.30173582
7 16 -0.30164915
8 16 -0.30156517
9 16 -0.30146483
10 16 -0.301405
11 16 -0.30151048
12 16 -0.30165353
13 16 -0.30065915
14 16 -0.30137497
15 16 -0.30129537
16 16 -0.30226097
17 16 -0.29925507
18 16 -0.30131346
19 16 -0.27959388
20 16 -0.29471543
21 16 -0.29389122
22 16 -0.29688028
23 16 -0.29451892
24 16 -0.29851776
25 16 -0.30034566
26 16 -0.302521
27 16 -0.3036797
28 16 -0.3048489
29 16 -0.30547515
30 16 -0.30582425
0 17 -0.30433205
1 17 -0.30436525
2 17 -0.30423537
3 17 -0.30389282
4 17 -0.30348903
5 17 -0.30278027
6 17 -0.30294603
7 17 -0.3024497
8 17 -0.30192307
9 17 -0.30195212
10 17 -0.30170017
11 17 -0.30153367
12 17 -0.29775992
13 17 -0.29657045
14 17 -0.2937379
15 17 -0.29970357
16 17 -0.29418468
17 17 -0.29361996
18 17 -0.29618788
19 17 -0.29705656
20 17 -0.29638076
21 17 -0.28862527
22 17 -0.28444502
23 17 -0.23197986
24 17 -0.27700645
25 17 -0.28554636
26 17 -0.2877178
27 17 -0.28958818
28 17 -0.29065996
29 17 -0.29148638
30 17 -0.29212922
0 18 -0.29212093
1 18 -0.29287362
2 18 -0.29406384
3 18 -0.29371908
4 18 -0.2936832
5 18 -0.29373032
6 18 -0.2937596
7 18 -0.29354647
8 18 -0.2931876
9 18 -0.29336458
10 18 -0.29307356
11 18 -0.29307088
12 18 -0.29309458
13 18 -0.28985673
14 18 -0.29303232
15 18 -0.28673193
16 18 -0.29329085
17 18 -0.293066
18 18 -0.29093975
19 18 -0.2808024
20 18 -0.2763126
21 18 -0.28797975
22 18 -0.2893843
23 18 -0.28966972
24 18 -0.28394404
25 18 -0.28732887
26 18 -0.28816408
27 18 -0.2887178
28 18 -0.28933817
29 18 -0.28953788
30 18 -0.2897554
0 19 -0.29077348
1 19 -0.29078814
2 19 -0.2910052
3 19 -0.2910511
4 19 -0.2910235
5 19 -0.29100835
6 19 -0.29089263
7 19 -0.290857
8 19 -0.29138118
9 19 -0.29113555
10 19 -0.29100347
11 19 -0.29104987
12 19 -0.29098052
13 19 -0.28707322
14 19 -0.28675267
15 19 -0.28853518
16 19 -0.28873146
17 19 -0.23226771
18 19 -0.27256715
19 19 -0.27786094
20 19 -0.2772374
21 19 -0.28132096
22 19 -0.268154
23 19 -0.26385462
24 19 -0.2786124
25 19 -0.28085172
26 19 -0.2822338
27 19 -0.28321528
28 19 -0.28395626
29 19 -0.284539
30 19 -0.28532198
0 20 -0.28268158
1 20 -0.2836684
2 20 -0.2847888
3 20 -0.2851772
4 20 -0.28547823
5 20 -0.28563595
6 20 -0.2861074
7 20 -0.2861472
8 20 -0.2870625
9 20 -0.28731227
10 20 -0.28740576
11 20 -0.28798977
12 20 -0.28854933
13 20 -0.28905177
14 20 -0.28804713
15 20 -0.28373456
16 20 -0.2879231
17 20 -0.28846216
18 20 -0.28858742
19 20 -0.2883257
20 20 -0.28855568
21 20 -0.28612718
22 20 -0.28716722
23 20 -0.2865332
24 20 -0.2874756
25 20 -0.28789625
26 20 -0.2883013
27 20 -0.28837013
28 20 -0.28836697
29 20 -0.28837305
30 20 -0.28845975
0 21 -0.28667602
1 21 -0.28717506
2 21 -0.28776416
3 21 -0.28783596
4 21 -0.2878694
5 21 -0.28791627
6 21 -0.28782544
7 21 -0.28786084
8 21 -0.28837648
9 21 -0.2886216
10 21 -0.28873122
11 21 -0.2888777
12 21 -0.28913602
13 21 -0.28870484
14 21 -0.24392536
15 21 -0.2478446
16 21 -0.26368397
17 21 -0.26326087
18 21 -0.26451162
19 21 -0.2712954
20 21 -0.27330154
21 21 -0.2759061
22 21 -0.27623665
23 21 -0.27786875
24 21 -0.27925646
25 21 -0.27978554
26 21 -0.28030238
27 21 -0.28073233
28 21 -0.28113273
29 21 -0.28151897
30 21 -0.28190202
0 22 -0.28397748
1 22 -0.2843022
2 22 -0.28426728
3 22 -0.2843691
4 22 -0.284581
5 22 -0.2848752
6 22 -0.28518894
7 22 -0.28490523
8 22 -0.28586203
9 22 -0.2858591
10 22 -0.28595775
11 22 -0.28626463
12 22 -0.28692603
13 22 -0.28689915
14 22 -0.286677
15 22 -0.2865398
16 22 -0.2866328
17 22 -0.28667137
18 22 -0.28644213
19 22 -0.2856064
20 22 -0.28617528
21 22 -0.28553075
22 22 -0.2861694
23 22 -0.2865593
24 22 -0.2868667
25 22 -0.28717628
26 22 -0.28725561
27 22 -0.28737843
28 22 -0.2874463
29 22 -0.2875061
30 22 -0.28767458
0 23 -0.28825563
1 23 -0.2885193
2 23 -0.2883738
3 23 -0.28871486
4 23 -0.28885427
5 23 -0.2896094
6 23 -0.2911922
7 23 -0.2912137
8 23 -0.29154402
9 23 -0.29177448
10 23 -0.2920743
11 23 -0.2922137
12 23 -0.29219124
13 23 -0.29136214
14 23 -0.29051837
15 23 -0.28951982
16 23 -0.28888944
17 23 -0.2884812
18 23 -0.28766918
19 23 -0.28846243
20 23 -0.2885586
21 23 -0.2886973
22 23 -0.2885027
23 23 -0.28829592
24 23 -0.28812233
25 23 -0.28802127
26 23 -0.28796315
27 23 -0.2879363
28 23 -0.28790456
29 23 -0.28790283
30 23 -0.28798902
0 24 -0.28660667
1 24 -0.28716993
2 24 -0.28756055
3 24 -0.28764918
4 24 -0.2878069
5 24 -0.2880154
6 24 -0.2880857
7 24 -0.28801733
8 24 -0.28807595
9 24 -0.28824806
10 24 -0.28847268
11 24 -0.2885945
12 24 -0.28851077
13 24 -0.28855225
14 24 -0.288584
15 24 -0.28865188
16 24 -0.28870973
17 24 -0.288928
18 24 -0.2889429
19 24 -0.2889258
20 24 -0.2890076
21 24 -0.28906986
22 24 -0.28943974
23 24 -0.28920853
24 24 -0.2890806
25 24 -0.2890584
26 24 -0.28911012
27 24 -0.2891807
28 24 -0.2895125
29 24 -0.2896458
30 24 -0.28976005
0 25 -0.29177523
1 25 -0.2922889
2 25 -0.2927689
3 25 -0.29299912
4 25 -0.2929608
5 25 -0.2929144
6 25 -0.29388535
7 25 -0.29318905
8 25 -0.29296592
9 25 -0.29296565
10 25 -0.29301596
11 25 -0.29306236
12 25 -0.29314095
13 25 -0.29443052
14 25 -0.29491588
15 25 -0.2952694
16 25 -0.29563123
17 25 -0.29581288
18 25 -0.29601747
19 25 -0.29619935
20 25 -0.29640493
21 25 -0.29648012
22 25 -0.29614174
23 25 -0.29572842
24 25 -0.29544887
25 25 -0.29525745
26 25 -0.294932
27 25 -0.29456702
28 25 -0.29441443
29 25 -0.29434067
30 25 -0.2943385
0 26 -0.29538855
1 26 -0.29545203
2 26 -0.29545033
3 26 -0.29524353
4 26 -0.295151
5 26 -0.29500085
6 26 -0.2948009
7 26 -0.29478624
8 26 -0.29483777
9 26 -0.29490075
10 26 -0.29502478
11 26 -0.29512146
12 26 -0.2952733
13 26 -0.29531482
14 26 -0.29517078
15 26 -0.29511243
16 26 -0.29517493
17 26 -0.2952489
18 26 -0.29529968
19 26 -0.29536
20 26 -0.29541272
21 26 -0.29541126
22 26 -0.29545546
23 26 -0.29543054
24 26 -0.29539025
25 26 -0.2954386
26 26 -0.2954508
27 26 -0.2954469
28 26 -0.2954635
29 26 -0.29543713
30 26 -0.29541785
0 27 -0.29771745
1 27 -0.29767984
2 27 -0.29690713
3 27 -0.2966393
4 27 -0.29645035
5 27 -0.29613075
6 27 -0.29615223
7 27 -0.2961693
8 27 -0.296204
9 27 -0.29621962
10 27 -0.29627478
11 27 -0.29636124
12 27 -0.2964447
13 27 -0.2965475
14 27 -0.2966149
15 27 -0.2966542
16 27 -0.29670718
17 27 -0.29680213
18 27 -0.29679996
19 27 -0.2970702
20 27 -0.29746744
21 27 -0.29739714
22 27 -0.2973649
23 27 -0.29814178
24 27 -0.29847455
25 27 -0.29868963
26 27 -0.29886103
27 27 -0.29898602
28 27 -0.29908904
29 27 -0.30101755
30 27 -0.3007668
0 28 -0.29824308
1 28 -0.29793254
2 28 -0.29783487
3 28 -0.2975717
4 28 -0.29749942
5 28 -0.29719645
6 28 -0.2971122
7 28 -0.29709902
8 28 -0.29708534
9 28 -0.2970253
10 28 -0.29706728
11 28 -0.297048
12 28 -0.29702944
13 28 -0.29703823
14 28 -0.29712906
15 28 -0.29702848
16 28 -0.29691836
17 28 -0.29685953
18 28 -0.2968295
19 28 -0.29678285
20 28 -0.29678825
21 28 -0.29691666
22 28 -0.29711196
23 28 -0.29696205
24 28 -0.29692838
25 28 -0.29693693
26 28 -0.29693204
27 28 -0.29690665
28 28 -0.29686123
29 28 -0.29676235
30 28 -0.29670936
0 29 -0.29885322
1 29 -0.2988305
2 29 -0.29813078
3 29 -0.29804534
4 29 -0.29782364
5 29 -0.29748747
6 29 -0.29719546
7 29 -0.29710343
8 29 -0.2970048
9 29 -0.29693496
10 29 -0.29705337
11 29 -0.29719302
12 29 -0.29724526
13 29 -0.29721206
14 29 -0.29713443
15 29 -0.296965
16 29 -0.29681242
17 29 -0.29645374
18 29 -0.29594934
19 29 -0.2956166
20 29 -0.29540613
21 29 -0.29522765
22 29 -0.29513952
23 29 -0.295027
24 29 -0.29488194
25 29 -0.29483873
26 29 -0.29473352
27 29 -0.29461828
28 29 -0.29521227
29 29 -0.29516712
30 29 -0.29490197
0 30 -0.2947467
1 30 -0.29446423
2 30 -0.29357994
3 30 -0.29335922
4 30 -0.29290584
5 30 -0.29266292
6 30 -0.29255307
7 30 -0.29244784
8 30 -0.29236555
9 30 -0.29222077
10 30 -0.29212338
11 30 -0.29203254
12 30 -0.29319516
13 30 -0.2936644
14 30 -0.29389682
15 30 -0.29414758
16 30 -0.29416758
17 30 -0.29415512
18 30 -0.2938126
19 30 -0.29355404
20 30 -0.29322982
21 30 -0.29269516
22 30 -0.29296982
23 30 -0.2929869
24 30 -0.29299447
25 30 -0.29295224
26 30 -0.29289582
27 30 -0.292785
28 30 -0.29268125
29 30 -0.2926229
30 30 -0.29253474
