0 0 0.29086846
1 0 0.29107574
2 0 0.2912105
3 0 0.29127204
4 0 0.29146785
5 0 0.2916153
6 0 0.2917132
7 0 0.2918421
8 0 0.29195222
9 0 0.29214215
10 0 0.2922137
11 0 0.29224762
12 0 0.2923697
13 0 0.29247224
14 0 0.29259577
15 0 0.29277402
16 0 0.2928675
17 0 0.292993
18 0 0.29320174
19 0 0.29324642
20 0 0.29333434
21 0 0.29343393
22 0 0.2935814
23 0 0.29372984
24 0 0.29382896
25 0 0.29397398
26 0 0.29417393
27 0 0.29422766
28 0 0.29433164
29 0 0.29445958
30 0 0.2945997
0 1 0.29591882
1 1 0.29621646
2 1 0.29612318
3 1 0.29645938
4 1 0.29661465
5 1 0.2967084
6 1 0.29672134
7 1 0.29672036
8 1 0.29671842
9 1 0.29668128
10 1 0.29649478
11 1 0.2962255
12 1 0.29621083
13 1 0.29603627
14 1 0.2959374
15 1 0.29589638
16 1 0.2959264
17 1 0.2959562
18 1 0.29596838
19 1 0.29591566
20 1 0.29605532
21 1 0.29616615
22 1 0.29621303
23 1 0.29622108
24 1 0.2962245
25 1 0.29626504
26 1 0.29633167
27 1 0.29643056
28 1 0.29648793
29 1 0.2966271
30 1 0.29671523
0 2 0.2977316
1 2 0.29799113
2 2 0.29785636
3 2 0.29824212
4 2 0.29837543
5 2 0.29845476
6 2 0.2983981
7 2 0.2984069
8 2 0.29835442
9 2 0.2982426
10 2 0.29821843
11 2 0.29780486
12 2 0.29783267
13 2 0.29759905
14 2 0.29762125
15 2 0.29761222
16 2 0.29765618
17 2 0.29771087
18 2 0.2977277
19 2 0.29785368
20 2 0.29784098
21 2 0.29789835
22 2 0.29796085
23 2 0.29799578
24 2 0.29809514
25 2 0.298195
26 2 0.29822916
27 2 0.2983017
28 2 0.29837346
29 2 0.29842058
30 2 0.29852533
0 3 0.2997341
1 3 0.30002168
2 3 0.29995942
3 3 0.30029023
4 3 0.3004421
5 3 0.30045137
6 3 0.300425
7 3 0.30042794
8 3 0.3003337
9 3 0.30022675
10 3 0.30011398
11 3 0.29974627
12 3 0.2997133
13 3 0.2994821
14 3 0.29949555
15 3 0.29946846
16 3 0.2994616
17 3 0.29947284
18 3 0.29947063
19 3 0.2994665
20 3 0.2994643
21 3 0.29942012
22 3 0.2994709
23 3 0.29967254
24 3 0.2996086
25 3 0.2997121
26 3 0.29972357
27 3 0.29974923
28 3 0.29982635
29 3 0.29990083
30 3 0.29996675
0 4 0.30075386
1 4 0.3009902
2 4 0.300759
3 4 0.30116233
4 4 0.30119088
5 4 0.30112985
6 4 0.30095407
7 4 0.300832
8 4 0.3007358
9 4 0.3005036
10 4 0.30031636
11 4 0.3001833
12 4 0.30016962
13 4 0.30015814
14 4 0.3000993
15 4 0.30011567
16 4 0.30013448
17 4 0.30021772
18 4 0.30023238
19 4 0.30027926
20 4 0.30037397
21 4 0.30041403
22 4 0.30047506
23 4 0.3006196
24 4 0.30073166
25 4 0.30083662
26 4 0.30099997
27 4 0.30119187
28 4 0.30126902
29 4 0.30145237
30 4 0.3015947
0 5 0.30306348
1 5 0.30326733
2 5 0.30331054
3 5 0.303604
4 5 0.30372658
5 5 0.30379614
6 5 0.30379468
7 5 0.30377978
8 5 0.30373952
9 5 0.30359888
10 5 0.30337304
11 5 0.3032385
12 5 0.3033032
13 5 0.3032351
14 5 0.3032456
15 5 0.30331787
16 5 0.3033706
17 5 0.30343896
18 5 0.3035198
19 5 0.303667
20 5 0.30371657
21 5 0.30374926
22 5 0.3037952
23 5 0.30387184
24 5 0.3039978
25 5 0.3042246
26 5 0.30425513
27 5 0.30434695
28 5 0.30447316
29 5 0.3046172
30 5 0.30474368
0 6 0.3061314
1 6 0.30631596
2 6 0.30615923
3 6 0.3066663
4 6 0.30674103
5 6 0.30675617
6 6 0.3067757
7 6 0.30678302
8 6 0.3067442
9 6 0.30666485
10 6 0.3064954
11 6 0.30636212
12 6 0.30633184
13 6 0.30632353
14 6 0.3064322
15 6 0.3065186
16 6 0.30665436
17 6 0.30674738
18 6 0.30683747
19 6 0.30694416
20 6 0.30705157
21 6 0.30720952
22 6 0.307243
23 6 0.30729204
24 6 0.30743048
25 6 0.307555
26 6 0.30774105
27 6 0.3078199
28 6 0.3080284
29 6 0.30822614
30 6 0.30829746
0 7 0.3095096
1 7 0.30979112
2 7 0.30975962
3 7 0.31013438
4 7 0.31022814
5 7 0.3102462
6 7 0.31024864
7 7 0.31024766
8 7 0.31024033
9 7 0.31005016
10 7 0.30983457
11 7 0.30972716
12 7 0.30962682
13 7 0.30958873
14 7 0.3096732
15 7 0.3097213
16 7 0.309744
17 7 0.30975157
18 7 0.3097872
19 7 0.30984604
20 7 0.30994958
21 7 0.31001914
22 7 0.3101539
23 7 0.3102406
24 7 0.3102838
25 7 0.31040075
26 7 0.3104996
27 7 0.31066418
28 7 0.31075817
29 7 0.31089732
30 7 0.31110486
0 8 0.31235147
1 8 0.31255043
2 8 0.3124711
3 8 0.31275845
4 8 0.31284755
5 8 0.31292665
6 8 0.31298378
7 8 0.31297573
8 8 0.3129042
9 8 0.31280363
10 8 0.31270814
11 8 0.31252018
12 8 0.3124767
13 8 0.3124828
14 8 0.3125287
15 8 0.31256852
16 8 0.31262
17 8 0.31269667
18 8 0.31274453
19 8 0.31274575
20 8 0.31275284
21 8 0.31276578
22 8 0.3128312
23 8 0.31291738
24 8 0.31304777
25 8 0.31318936
26 8 0.31325284
27 8 0.31329337
28 8 0.31342813
29 8 0.31352773
30 8 0.31369182
0 9 0.31478387
1 9 0.3149523
2 9 0.3148432
3 9 0.31524214
4 9 0.31526092
5 9 0.31528386
6 9 0.3153012
7 9 0.31529877
8 9 0.31526265
9 9 0.31524408
10 9 0.31492424
11 9 0.31478631
12 9 0.3147592
13 9 0.31474137
14 9 0.31475237
15 9 0.31479728
16 9 0.3148393
17 9 0.31486028
18 9 0.3148505
19 9 0.31493327
20 9 0.31494793
21 9 0.31495038
22 9 0.314977
23 9 0.31504875
24 9 0.31521943
25 9 0.31525725
26 9 0.31528535
27 9 0.31543475
28 9 0.31552827
29 9 0.31567132
30 9 0.3157592
0 10 0.31683272
1 10 0.31702805
2 10 0.31687716
3 10 0.3172275
4 10 0.31726146
5 10 0.31726462
6 10 0.31727096
7 10 0.3172634
8 10 0.31723118
9 10 0.31707492
10 10 0.31717405
11 10 0.31704512
12 10 0.31685397
13 10 0.31693795
14 10 0.31697556
15 10 0.3169753
16 10 0.31695285
17 10 0.31696287
18 10 0.31696188
19 10 0.31698117
20 10 0.3169946
21 10 0.31698287
22 10 0.31700486
23 10 0.31704587
24 10 0.31719285
25 10 0.31725755
26 10 0.31729782
27 10 0.31737962
28 10 0.31749386
29 10 0.31763107
30 10 0.31775633
0 11 0.31881982
1 11 0.3190332
2 11 0.3185818
3 11 0.31924805
4 11 0.31926587
5 11 0.3192688
6 11 0.31926635
7 11 0.31925783
8 11 0.31919995
9 11 0.31899902
10 11 0.31875733
11 11 0.31875
12 11 0.31855687
13 11 0.3185747
14 11 0.31868652
15 11 0.3187151
16 11 0.3187517
17 11 0.31876025
18 11 0.31876
19 11 0.318761
20 11 0.31876585
21 11 0.31877586
22 11 0.3188115
23 11 0.31894067
24 11 0.31902784
25 11 0.3191919
26 11 0.31926563
27 11 0.31931055
28 11 0.31946167
29 11 0.3195542
30 11 0.3197007
0 12 0.32076272
1 12 0.32125857
2 12 0.32124272
3 12 0.32165408
4 12 0.32176322
5 12 0.32176322
6 12 0.32174468
7 12 0.32167777
8 12 0.32153958
9 12 0.32143852
10 12 0.32117826
11 12 0.32114017
12 12 0.3209385
13 12 0.3209949
14 12 0.32100955
15 12 0.32103395
16 12 0.3210457
17 12 0.321033
18 12 0.32102054
19 12 0.3210049
20 12 0.32100418
21 12 0.3210496
22 12 0.32113454
23 12 0.32123366
24 12 0.32126614
25 12 0.3213428
26 12 0.3215259
27 12 0.3217593
28 12 0.3217925
29 12 0.3220142
30 12 0.32225615
0 13 0.32326326
1 13 0.3234056
2 13 0.3234278
3 13 0.32387042
4 13 0.32394856
5 13 0.3239576
6 13 0.32387313
7 13 0.32377887
8 13 0.32356793
9 13 0.323513
10 13 0.32327056
11 13 0.32325372
12 13 0.32312945
13 13 0.3231971
14 13 0.32325885
15 13 0.32325983
16 13 0.32326275
17 13 0.32327154
18 13 0.32325274
19 13 0.32323736
20 13 0.3232603
21 13 0.32327276
22 13 0.32331184
23 13 0.32344586
24 13 0.32354036
25 13 0.32375276
26 13 0.32383966
27 13 0.32402083
28 13 0.3242486
29 13 0.32429743
30 13 0.32446542
0 14 0.32543248
1 14 0.32562143
2 14 0.32558042
3 14 0.32603648
4 14 0.32614756
5 14 0.32607993
6 14 0.32600036
7 14 0.32589
8 14 0.3257684
9 14 0.32555455
10 14 0.32527962
11 14 0.32522762
12 14 0.3252042
13 14 0.32524666
14 14 0.32527256
15 14 0.32526475
16 14 0.3251788
17 14 0.32498738
18 14 0.32479843
19 14 0.3247667
20 14 0.32474765
21 14 0.32475594
22 14 0.32479867
23 14 0.32495615
24 14 0.3251993
25 14 0.32528427
26 14 0.32546395
27 14 0.32558846
28 14 0.32577768
29 14 0.32591417
30 14 0.32609507
0 15 0.32705992
1 15 0.32727504
2 15 0.32705846
3 15 0.32746154
4 15 0.32743642
5 15 0.3273407
6 15 0.3272826
7 15 0.32722425
8 15 0.3269779
9 15 0.32679138
10 15 0.3265133
11 15 0.3263978
12 15 0.32633188
13 15 0.3263639
14 15 0.3264486
15 15 0.32645154
16 15 0.3262943
17 15 0.32603014
18 15 0.32570958
19 15 0.32535118
20 15 0.3252767
21 15 0.3252784
22 15 0.32542464
23 15 0.32573375
24 15 0.32595053
25 15 0.3262787
26 15 0.32648277
27 15 0.32676256
28 15 0.32693174
29 15 0.3272284
30 15 0.32734144
0 16 0.32837734
1 16 0.32851577
2 16 0.32835463
3 16 0.32881045
4 16 0.32884145
5 16 0.3289811
6 16 0.32888222
7 16 0.32878873
8 16 0.3286642
9 16 0.32847425
10 16 0.32828626
11 16 0.32824695
12 16 0.32828212
13 16 0.32834926
14 16 0.32853162
15 16 0.32877553
16 16 0.32857144
17 16 0.06668315
18 16 0.085870944
19 16 0.020013735
20 16 0.0019629207
21 16 0.12150845
22 16 0.18010554
23 16 0.20325848
24 16 0.21748893
25 16 0.22763996
26 16 0.23535052
27 16 0.2414368
28 16 0.24647544
29 16 0.25073528
30 16 0.25439134
0 17 0.2698513
1 17 0.27152467
2 17 0.27243116
3 17 0.2739805
4 17 0.27513996
5 17 0.27619147
6 17 0.27719834
7 17 0.27820152
8 17 0.27917346
9 17 0.28023842
10 17 0.28115517
11 17 0.2816962
12 17 0.28250873
13 17 0.2834384
14 17 0.28449678
15 17 0.2811569
16 17 0.280526
17 17 0.2666054
18 17 0.18890792
19 17 0.081057884
20 17 0.026983323
21 17 0.07510125
22 17 0.12830104
23 17 0.17936774
24 17 0.19822398
25 17 0.20986454
26 17 0.21825017
27 17 0.22470364
28 17 0.2299205
29 17 0.23425016
30 17 0.23793186
0 18 0.2368879
1 18 0.24245854
2 18 0.24557236
3 18 0.24845375
4 18 0.25061247
5 18 0.25247872
6 18 0.25418994
7 18 0.2557366
8 18 0.25718606
9 18 0.25883088
10 18 0.26013753
11 18 0.26095906
12 18 0.26215637
13 18 0.26342785
14 18 0.26121885
15 18 0.260118
16 18 0.20447798
17 18 0.24705139
18 18 0.25199434
19 18 0.14992613
20 18 0.1813519
21 18 0.12991019
22 18 0.040445197
23 18 0.14162497
24 18 0.1839286
25 18 0.20059144
26 18 0.21083428
27 18 0.21813396
28 18 0.22373658
29 18 0.22823982
30 18 0.23193617
0 19 0.23061486
1 19 0.23595747
2 19 0.23901977
3 19 0.24174589
4 19 0.24376447
5 19 0.24551791
6 19 0.24713805
7 19 0.24856947
8 19 0.25003093
9 19 0.25160736
10 19 0.25278658
11 19 0.25368893
12 19 0.2549077
13 19 0.25616995
14 19 0.25720048
15 19 0.25287423
16 19 0.25156075
17 19 0.25088567
18 19 0.25343186
19 19 0.24435505
20 19 0.16991788
21 19 0.1395324
22 19 0.089149065
23 19 0.0153478915
24 19 0.16588534
25 19 0.19182764
26 19 0.20464912
27 19 0.2130079
28 19 0.21915936
29 19 0.22396168
30 19 0.22790387
0 20 0.23006406
1 20 0.23465374
2 20 0.2374387
3 20 0.2400691
4 20 0.2418599
5 20 0.24341534
6 20 0.2448182
7 20 0.24620713
8 20 0.24754773
9 20 0.24905117
10 20 0.25016204
11 20 0.25112176
12 20 0.25216743
13 20 0.25318086
14 20 0.25390232
15 20 0.25514892
16 20 0.25473362
17 20 0.2543181
18 20 0.25443286
19 20 0.24578671
20 20 0.25419286
21 20 0.16593833
22 20 0.059852965
23 20 0.020107973
24 20 0.14756818
25 20 0.18482119
26 20 0.20041445
27 20 0.20997074
28 20 0.21675771
29 20 0.22191282
30 20 0.22605962
0 21 0.22921494
1 21 0.23328604
2 21 0.23573652
3 21 0.23811986
4 21 0.23979908
5 21 0.24125028
6 21 0.24264751
7 21 0.24401985
8 21 0.24522324
9 21 0.24664514
10 21 0.24768397
11 21 0.24854359
12 21 0.24944888
13 21 0.24515073
14 21 0.24984708
15 21 0.20609422
16 21 0.2392998
17 21 0.18686418
18 21 0.18654168
19 21 0.22418067
20 21 0.23299575
21 21 0.12631297
22 21 0.05177423
23 21 0.012359076
24 21 0.13063651
25 21 0.17079143
26 21 0.1876269
27 21 0.19786924
28 21 0.20516208
29 21 0.21075103
30 21 0.21526477
0 22 0.22161253
1 22 0.22520633
2 22 0.22737652
3 22 0.229598
4 22 0.23124182
5 22 0.23273306
6 22 0.23418058
7 22 0.2355473
8 22 0.23686202
9 22 0.23853001
10 22 0.23977174
11 22 0.24070607
12 22 0.24164383
13 22 0.23742722
14 22 0.2407073
15 22 0.24187602
16 22 0.19847399
17 22 0.21593812
18 22 0.21158795
19 22 0.16593443
20 22 0.07749508
21 22 0.06320287
22 22 0.100346506
23 22 0.016857924
24 22 0.12857325
25 22 0.16426106
26 22 0.18003839
27 22 0.19005124
28 22 0.19719467
29 22 0.20279363
30 22 0.20730396
0 23 0.20553415
1 23 0.21168366
2 23 0.21451133
3 23 0.21720499
4 23 0.2193847
5 23 0.22127633
6 23 0.2230681
7 23 0.22468166
8 23 0.2262742
9 23 0.22778302
10 23 0.22912607
11 23 0.23014903
12 23 0.23144226
13 23 0.23242372
14 23 0.23268202
15 23 0.2321449
16 23 0.23293105
17 23 0.23503289
18 23 0.23635079
19 23 0.18070248
20 23 0.11649592
21 23 0.12909158
22 23 0.05684047
23 23 0.08624912
24 23 0.14673223
25 23 0.17281441
26 23 0.18543497
27 23 0.19364579
28 23 0.19972229
29 23 0.20447676
30 23 0.20838918
0 24 0.20625852
1 24 0.21196955
2 24 0.21473083
3 24 0.21725039
4 24 0.21927118
5 24 0.22106491
6 24 0.22268066
7 24 0.22422536
8 24 0.22570072
9 24 0.22709991
10 24 0.22829622
11 24 0.22923031
12 24 0.23041344
13 24 0.23091394
14 24 0.23158728
15 24 0.23197278
16 24 0.23102745
17 24 0.23200892
18 24 0.23452483
19 24 0.22438185
20 24 0.14384547
21 24 0.11137475
22 24 0.0941616
23 24 0.1223925
24 24 0.19014671
25 24 0.20140737
26 24 0.20825832
27 24 0.21317929
28 24 0.21698476
29 24 0.2200981
30 24 0.22270824
0 25 0.21790764
1 25 0.22283494
2 25 0.22522025
3 25 0.22742535
4 25 0.22903475
5 25 0.23042662
6 25 0.23170544
7 25 0.23294179
8 25 0.2341132
9 25 0.23514324
10 25 0.2361103
11 25 0.23697701
12 25 0.23760374
13 25 0.2385659
14 25 0.2390432
15 25 0.23987818
16 25 0.24055398
17 25 0.24133939
18 25 0.239875
19 25 0.23862353
20 25 0.1906721
21 25 0.095358394
22 25 0.08546371
23 25 0.14780036
24 25 0.18199961
25 25 0.19586726
26 25 0.20550363
27 25 0.20998466
28 25 0.21519054
29 25 0.21859123
30 25 0.22143063
0 26 0.22025703
1 26 0.22398731
2 26 0.22614872
3 26 0.22855256
4 26 0.23014708
5 26 0.23153552
6 26 0.23303433
7 26 0.23419744
8 26 0.23533197
9 26 0.2363017
10 26 0.2371091
11 26 0.23802781
12 26 0.23883398
13 26 0.23964551
14 26 0.24045876
15 26 0.24092752
16 26 0.23976758
17 26 0.24139506
18 26 0.2428504
19 26 0.23784226
20 26 0.24233745
21 26 0.14674321
22 26 0.1908374
23 26 0.21803653
24 26 0.2261414
25 26 0.23068908
26 26 0.23380704
27 26 0.23623067
28 26 0.23849413
29 26 0.24010792
30 26 0.24143778
0 27 0.23845726
1 27 0.24103689
2 27 0.24244194
3 27 0.24432404
4 27 0.24531357
5 27 0.24617076
6 27 0.24715197
7 27 0.24793056
8 27 0.2485768
9 27 0.24914712
10 27 0.24962027
11 27 0.25013298
12 27 0.2506513
13 27 0.25117597
14 27 0.25168207
15 27 0.2517851
16 27 0.252269
17 27 0.25312373
18 27 0.2524128
19 27 0.24013259
20 27 0.24749841
21 27 0.2504477
22 27 0.25198457
23 27 0.25307712
24 27 0.25398898
25 27 0.25470263
26 27 0.25546044
27 27 0.2562395
28 27 0.25688162
29 27 0.25747025
30 27 0.25809917
0 28 0.25600806
1 28 0.25734818
2 28 0.25807476
3 28 0.25942293
4 28 0.2600069
5 28 0.26037288
6 28 0.26081404
7 28 0.2611627
8 28 0.26143125
9 28 0.26169005
10 28 0.2619681
11 28 0.26228112
12 28 0.26263928
13 28 0.26294714
14 28 0.2632384
15 28 0.26364392
16 28 0.26398084
17 28 0.26423404
18 28 0.26459217
19 28 0.26488075
20 28 0.26517373
21 28 0.2655895
22 28 0.2659672
23 28 0.26632342
24 28 0.26667717
25 28 0.2671337
26 28 0.2674123
27 28 0.26786348
28 28 0.26818526
29 28 0.2685085
30 28 0.26884592
0 29 0.26917747
1 29 0.26983225
2 29 0.27000022
3 29 0.27117017
4 29 0.27138844
5 29 0.2716089
6 29 0.2717229
7 29 0.27191308
8 29 0.27201197
9 29 0.27216676
10 29 0.27217603
11 29 0.2722322
12 29 0.2723694
13 29 0.27261794
14 29 0.2727825
15 29 0.27305764
16 29 0.2732376
17 29 0.27347097
18 29 0.27386016
19 29 0.27414042
20 29 0.2742432
21 29 0.27448002
22 29 0.27475297
23 29 0.27512506
24 29 0.2753526
25 29 0.27567413
26 29 0.27591878
27 29 0.27624226
28 29 0.27654916
29 29 0.27682993
30 29 0.27718222
0 30 0.27666757
1 30 0.2774498
2 30 0.27757847
3 30 0.2787135
4 30 0.2790973
5 30 0.27919275
6 30 0.27928895
7 30 0.27944764
8 30 0.27946717
9 30 0.27960828
10 30 0.27969715
11 30 0.27984828
12 30 0.2801068
13 30 0.28021717
14 30 0.28037488
15 30 0.28052163
16 30 0.28070474
17 30 0.2809286
18 30 0.28117886
19 30 0.28129655
20 30 0.28154337
21 30 0.28172427
22 30 0.2820624
23 30 0.28227141
24 30 0.28257024
25 30 0.28281415
26 30 0.28313127
27 30 0.283393
28 30 0.2836921
29 30 0.28393695
30 30 0.2841965
