0 0 0.31828928
1 0 0.31830126
2 0 0.31835106
3 0 0.31842822
4 0 0.3184878
5 0 0.3186465
6 0 0.31877246
7 0 0.3189912
8 0 0.31926808
9 0 0.31946924
10 0 0.31964797
11 0 0.31976074
12 0 0.3197654
13 0 0.3197461
14 0 0.31954956
15 0 0.31940797
16 0 0.3192678
17 0 0.31915063
18 0 0.31892675
19 0 0.31877807
20 0 0.31876
21 0 0.31873778
22 0 0.31873095
23 0 0.31875634
24 0 0.31876293
25 0 0.31878248
26 0 0.31884497
27 0 0.318948
28 0 0.31905052
29 0 0.31920314
30 0 0.3192671
0 1 0.32036892
1 1 0.3202688
2 1 0.32025418
3 1 0.32051125
4 1 0.32066995
5 1 0.3207637
6 1 0.32078078
7 1 0.32079324
8 1 0.32080665
9 1 0.32081008
10 1 0.32078567
11 1 0.32081008
12 1 0.32076737
13 1 0.32076737
14 1 0.3206897
15 1 0.32064798
16 1 0.32070193
17 1 0.3207725
18 1 0.3206702
19 1 0.32069656
20 1 0.3207361
21 1 0.3208008
22 1 0.32084864
23 1 0.32091823
24 1 0.32096878
25 1 0.32105008
26 1 0.3211287
27 1 0.32127103
28 1 0.3215125
29 1 0.32154202
30 1 0.32171342
0 2 0.32288775
1 2 0.32280523
2 2 0.3227591
3 2 0.3230882
4 2 0.3232691
5 2 0.32329255
6 2 0.32329595
7 2 0.3233355
8 2 0.32331526
9 2 0.32329693
10 2 0.32327545
11 2 0.3232779
12 2 0.3231397
13 2 0.32307866
14 2 0.32293805
15 2 0.3227835
16 2 0.32278106
17 2 0.32287115
18 2 0.32277057
19 2 0.32281965
20 2 0.32282013
21 2 0.32280278
22 2 0.3228045
23 2 0.3228399
24 2 0.3229107
25 2 0.32299274
26 2 0.32310137
27 2 0.32323882
28 2 0.323284
29 2 0.32338166
30 2 0.3235123
0 3 0.32427987
1 3 0.3242132
2 3 0.32396126
3 3 0.32427815
4 3 0.3243099
5 3 0.32435212
6 3 0.32435384
7 3 0.32438022
8 3 0.32431307
9 3 0.32432356
10 3 0.32428914
11 3 0.32428035
12 3 0.32424664
13 3 0.32424372
14 3 0.3241097
15 3 0.32408845
16 3 0.32414997
17 3 0.32423127
18 3 0.32425496
19 3 0.3242662
20 3 0.3242723
21 3 0.32427523
22 3 0.32428083
23 3 0.32433528
24 3 0.3244847
25 3 0.32456747
26 3 0.32475913
27 3 0.32482845
28 3 0.32501888
29 3 0.32526302
30 3 0.32531798
0 4 0.3266549
1 4 0.326546
2 4 0.32649475
3 4 0.32686755
4 4 0.32702795
5 4 0.32719666
6 4 0.3272687
7 4 0.32727748
8 4 0.32728016
9 4 0.32728234
10 4 0.32727894
11 4 0.32727894
12 4 0.32724574
13 4 0.32726964
14 4 0.32709312
15 4 0.3271754
16 4 0.3272716
17 4 0.32728112
18 4 0.32728016
19 4 0.32727355
20 4 0.32724133
21 4 0.32719252
22 4 0.3271842
23 4 0.32727355
24 4 0.32731068
25 4 0.32750353
26 4 0.32769495
27 4 0.3278041
28 4 0.32800087
29 4 0.32826966
30 4 0.3283014
0 5 0.32948673
1 5 0.32931632
2 5 0.32925284
3 5 0.3295629
4 5 0.32966813
5 5 0.32977238
6 5 0.3297802
7 5 0.32978263
8 5 0.32978338
9 5 0.3297824
10 5 0.3297819
11 5 0.32977408
12 5 0.3296664
13 5 0.32975677
14 5 0.3295512
15 5 0.3295651
16 5 0.32965252
17 5 0.32964006
18 5 0.32949528
19 5 0.32928067
20 5 0.32893327
21 5 0.3287577
22 5 0.32857755
23 5 0.3286117
24 5 0.32877725
25 5 0.32891372
26 5 0.329226
27 5 0.32938027
28 5 0.32956192
29 5 0.3297819
30 5 0.32990617
0 6 0.33103436
1 6 0.3307985
2 6 0.3306271
3 6 0.33086884
4 6 0.3309411
5 6 0.33102605
6 6 0.33101824
7 6 0.33097357
8 6 0.33096257
9 6 0.3309665
10 6 0.33089128
11 6 0.33079168
12 6 0.3307658
13 6 0.33081684
14 6 0.33057562
15 6 0.3306586
16 6 0.33077067
17 6 0.33078486
18 6 0.33054584
19 6 0.02466444
20 6 0.005615076
21 6 0.0032332037
22 6 0.00745153
23 6 0.13072734
24 6 0.18568327
25 6 0.21144855
26 6 0.22427198
27 6 0.23341154
28 6 0.24049172
29 6 0.24611925
30 6 0.25079486
0 7 0.2681169
1 7 0.26989743
2 7 0.2708933
3 7 0.2729258
4 7 0.27433598
5 7 0.275711
6 7 0.27702817
7 7 0.27821887
8 7 0.2793893
9 7 0.2803888
10 7 0.28139004
11 7 0.28238446
12 7 0.28325164
13 7 0.28426167
14 7 0.2848381
15 7 0.28570968
16 7 0.28668702
17 7 0.28797463
18 7 0.28276482
19 7 0.18634172
20 7 0.09994831
21 7 0.05984735
22 7 0.085050374
23 7 0.013997773
24 7 0.1504918
25 7 0.19147485
26 7 0.20681079
27 7 0.2168832
28 7 0.2243428
29 7 0.23016368
30 7 0.23490007
0 8 0.25149897
1 8 0.25343576
2 8 0.25451708
3 8 0.25682276
4 8 0.2583577
5 8 0.2597874
6 8 0.26115194
7 8 0.26247716
8 8 0.26373598
9 8 0.26493275
10 8 0.2661115
11 8 0.2671767
12 8 0.26824093
13 8 0.26934958
14 8 0.2701621
15 8 0.27126732
16 8 0.27259988
17 8 0.2721299
18 8 0.27147436
19 8 0.2697556
20 8 0.26865742
21 8 0.1952984
22 8 0.074537516
23 8 0.04304021
24 8 0.12784864
25 8 0.18518423
26 8 0.20381269
27 8 0.21467175
28 8 0.22217186
29 8 0.2279134
30 8 0.23242739
0 9 0.2342929
1 9 0.23975587
2 9 0.24275298
3 9 0.2463214
4 9 0.24845204
5 9 0.2503361
6 9 0.2520434
7 9 0.2535283
8 9 0.2549929
9 9 0.25627175
10 9 0.2575689
11 9 0.2587293
12 9 0.2600726
13 9 0.2610948
14 9 0.26171908
15 9 0.26317933
16 9 0.26150423
17 9 0.12085756
18 9 0.18900289
19 9 0.22175705
20 9 0.2294205
21 9 0.22246996
22 9 0.18387806
23 9 0.059572443
24 9 0.07850413
25 9 0.14766705
26 9 0.18536416
27 9 0.2001493
28 9 0.20932156
29 9 0.21588905
30 9 0.22095992
0 10 0.22403492
1 10 0.22921957
2 10 0.23249647
3 10 0.23612812
4 10 0.23827
5 10 0.24019606
6 10 0.24191532
7 10 0.2435052
8 10 0.2449393
9 10 0.24631016
10 10 0.24762341
11 10 0.24885659
12 10 0.25018743
13 10 0.25137883
14 10 0.2521733
15 10 0.25165522
16 10 0.2516523
17 10 0.25272042
18 10 0.25133538
19 10 0.2511203
20 10 0.25047916
21 10 0.25038323
22 10 0.25177827
23 10 0.110160135
24 10 0.04479805
25 10 0.024117557
26 10 0.13865276
27 10 0.17709182
28 10 0.19347903
29 10 0.20540841
30 10 0.21186042
0 11 0.21330258
1 11 0.21968524
2 11 0.22366919
3 11 0.22716802
4 11 0.2297335
5 11 0.23197083
6 11 0.23416154
7 11 0.23588642
8 11 0.23744845
9 11 0.23905712
10 11 0.24040553
11 11 0.24172
12 11 0.2430982
13 11 0.24420954
14 11 0.24505208
15 11 0.24569955
16 11 0.24640954
17 11 0.24623424
18 11 0.24682312
19 11 0.24620445
20 11 0.24607041
21 11 0.24578135
22 11 0.246724
23 11 0.11673933
24 11 0.086454935
25 11 0.04867067
26 11 0.13595277
27 11 0.17965119
28 11 0.19797862
29 11 0.20675512
30 11 0.21297225
0 12 0.21979292
1 12 0.22401148
2 12 0.22671466
3 12 0.22929746
4 12 0.23122717
5 12 0.23290981
6 12 0.23470013
7 12 0.23614594
8 12 0.23741232
9 12 0.23866576
10 12 0.23999585
11 12 0.24110769
12 12 0.24225761
13 12 0.2433426
14 12 0.21365635
15 12 0.22101462
16 12 0.23259364
17 12 0.23506293
18 12 0.15944946
19 12 0.123596616
20 12 0.1652955
21 12 0.19741976
22 12 0.20935355
23 12 0.10568399
24 12 0.0748488
25 12 0.020238103
26 12 0.11621662
27 12 0.16715637
28 12 0.18206015
29 12 0.1914541
30 12 0.1981478
0 13 0.2040832
1 13 0.20884597
2 13 0.21179108
3 13 0.21466345
4 13 0.21697329
5 13 0.21935712
6 13 0.2211965
7 13 0.22293945
8 13 0.2244673
9 13 0.22595732
10 13 0.22741242
11 13 0.22872177
12 13 0.23009044
13 13 0.2312384
14 13 0.20480563
15 13 0.2303358
16 13 0.22254784
17 13 0.2234463
18 13 0.23044981
19 13 0.2326913
20 13 0.13681704
21 13 0.18619694
22 13 0.1382233
23 13 0.08451228
24 13 0.06286302
25 13 0.026568767
26 13 0.13141632
27 13 0.1719333
28 13 0.18457265
29 13 0.19264846
30 13 0.19859044
0 14 0.19944787
1 14 0.20491841
2 14 0.20816872
3 14 0.21137334
4 14 0.21384482
5 14 0.21630628
6 14 0.21815665
7 14 0.21992305
8 14 0.22146286
9 14 0.22300805
10 14 0.22442165
11 14 0.22574565
12 14 0.2270938
13 14 0.22809577
14 14 0.19820592
15 14 0.2218447
16 14 0.2267066
17 14 0.22791657
18 14 0.22807576
19 14 0.2251902
20 14 0.22995885
21 14 0.13979438
22 14 0.10151034
23 14 0.09520019
24 14 0.027913025
25 14 0.030555887
26 14 0.15796311
27 14 0.17723171
28 14 0.19137207
29 14 0.19816513
30 14 0.20324017
0 15 0.20315814
1 15 0.20809913
2 15 0.2110152
3 15 0.21386777
4 15 0.21608509
5 15 0.21804532
6 15 0.2200561
7 15 0.22159396
8 15 0.22307666
9 15 0.22443752
10 15 0.22568826
11 15 0.22697368
12 15 0.22810529
13 15 0.22884847
14 15 0.2269046
15 15 0.22740191
16 15 0.22797175
17 15 0.23039415
18 15 0.23103479
19 15 0.2325541
20 15 0.23357584
21 15 0.23439811
22 15 0.13964179
23 15 0.107108325
24 15 0.09318185
25 15 0.15621723
26 15 0.18542495
27 15 0.19688973
28 15 0.20501852
29 15 0.20967679
30 15 0.2133121
0 16 0.21159235
1 16 0.21578577
2 16 0.21835247
3 16 0.22080342
4 16 0.22263719
5 16 0.22422169
6 16 0.22585942
7 16 0.22710308
8 16 0.22824544
9 16 0.22941001
10 16 0.23049328
11 16 0.23150355
12 16 0.23244154
13 16 0.23309292
14 16 0.23363248
15 16 0.23439933
16 16 0.22284618
17 16 0.23356462
18 16 0.23514935
19 16 0.23612788
20 16 0.23481195
21 16 0.2370024
22 16 0.11632429
23 16 0.052759107
24 16 0.15267396
25 16 0.19049682
26 16 0.20303899
27 16 0.21002299
28 16 0.21474254
29 16 0.21882977
30 16 0.22145261
0 17 0.22104488
1 17 0.22387378
2 17 0.2257161
3 17 0.22757575
4 17 0.22892904
5 17 0.23011412
6 17 0.23112561
7 17 0.23224892
8 17 0.23318692
9 17 0.23412491
10 17 0.23505828
11 17 0.23580879
12 17 0.23661421
13 17 0.23709299
14 17 0.23760934
15 17 0.23820677
16 17 0.22293481
17 17 0.2365788
18 17 0.23849925
19 17 0.23730539
20 17 0.23105823
21 17 0.23240395
22 17 0.23665693
23 17 0.23846166
24 17 0.23970728
25 17 0.24077053
26 17 0.24171464
27 17 0.24274346
28 17 0.2435711
29 17 0.24429329
30 17 0.24492294
0 18 0.24042189
1 18 0.24208964
2 18 0.2431048
3 18 0.24431331
4 18 0.245098
5 18 0.2456517
6 18 0.24618101
7 18 0.24684094
8 18 0.24736072
9 18 0.24785072
10 18 0.24832338
11 18 0.248756
12 18 0.24926089
13 18 0.2493837
14 18 0.2497277
15 18 0.25014615
16 18 0.25062662
17 18 0.2509672
18 18 0.25141424
19 18 0.25182638
20 18 0.25221163
21 18 0.25263447
22 18 0.25305343
23 18 0.25340867
24 18 0.25389743
25 18 0.25434253
26 18 0.25477538
27 18 0.2552163
28 18 0.25573608
29 18 0.2561548
30 18 0.25657302
0 19 0.2571365
1 19 0.25738505
2 19 0.257689
3 19 0.25837457
4 19 0.25868267
5 19 0.25908574
6 19 0.2592276
7 19 0.2596436
8 19 0.2599239
9 19 0.26018366
10 19 0.26045808
11 19 0.26071638
12 19 0.26111093
13 19 0.2611114
14 19 0.26131698
15 19 0.2616478
16 19 0.26206332
17 19 0.26220322
18 19 0.2626471
19 19 0.26291955
20 19 0.26318568
21 19 0.26357043
22 19 0.26379505
23 19 0.26415882
24 19 0.26439077
25 19 0.26468325
26 19 0.26502797
27 19 0.26531827
28 19 0.2656442
29 19 0.26589933
30 19 0.26616374
0 20 0.2674516
1 20 0.2674235
2 20 0.26748577
3 20 0.2681601
4 20 0.26825094
5 20 0.2684199
6 20 0.26848263
7 20 0.2686672
8 20 0.26878512
9 20 0.26896507
10 20 0.26916477
11 20 0.26917404
12 20 0.269395
13 20 0.26925313
14 20 0.269447
15 20 0.26966307
16 20 0.2698757
17 20 0.27013794
18 20 0.2702307
19 20 0.27042967
20 20 0.27065796
21 20 0.2707661
22 20 0.27096778
23 20 0.2711687
24 20 0.27120337
25 20 0.27140063
26 20 0.27156177
27 20 0.27168432
28 20 0.27185377
29 20 0.27208376
30 20 0.27217507
0 21 0.27286428
1 21 0.27269703
2 21 0.2726128
3 21 0.27317923
4 21 0.27333182
5 21 0.27344462
6 21 0.27346706
7 21 0.2736331
8 21 0.27368486
9 21 0.27376443
10 21 0.2738692
11 21 0.27386868
12 21 0.27414873
13 21 0.2739285
14 21 0.27409697
15 21 0.27418143
16 21 0.27436772
17 21 0.27449444
18 21 0.27467924
19 21 0.27481255
20 21 0.27495563
21 21 0.27515337
22 21 0.27518243
23 21 0.27522737
24 21 0.27534944
25 21 0.27544805
26 21 0.27553865
27 21 0.27565363
28 21 0.2756834
29 21 0.27570686
30 21 0.27575642
0 22 0.27622956
1 22 0.27615827
2 22 0.27577814
3 22 0.27634212
4 22 0.27642682
5 22 0.27648446
6 22 0.27651498
7 22 0.27665144
8 22 0.2766837
9 22 0.27671713
10 22 0.27676448
11 22 0.27679795
12 22 0.27704427
13 22 0.27690122
14 22 0.27704233
15 22 0.27718416
16 22 0.2773265
17 22 0.27746615
18 22 0.27768442
19 22 0.2778856
20 22 0.2781388
21 22 0.27819714
22 22 0.27837047
23 22 0.2785184
24 22 0.2786952
25 22 0.27878723
26 22 0.2789203
27 22 0.27910388
28 22 0.27918884
29 22 0.27924085
30 22 0.27939588
0 23 0.28018984
1 23 0.28005725
2 23 0.27972156
3 23 0.28032827
4 23 0.28045374
5 23 0.28065884
6 23 0.28070107
7 23 0.28080997
8 23 0.28091788
9 23 0.28100526
10 23 0.2810856
11 23 0.2811537
12 23 0.28127164
13 23 0.28120083
14 23 0.28131852
15 23 0.28145376
16 23 0.28167984
17 23 0.28177872
18 23 0.28200772
19 23 0.28219792
20 23 0.28239787
21 23 0.28256512
22 23 0.28270477
23 23 0.282851
24 23 0.28300384
25 23 0.283185
26 23 0.28320476
27 23 0.28330708
28 23 0.28344208
29 23 0.28352925
30 23 0.28364643
0 24 0.28419867
1 24 0.28402656
2 24 0.2836684
3 24 0.28421286
4 24 0.28435835
5 24 0.2844333
6 24 0.28445578
7 24 0.2845803
8 24 0.28466427
9 24 0.28468746
10 24 0.28469917
11 24 0.2847092
12 24 0.28481075
13 24 0.28482687
14 24 0.28498337
15 24 0.28520113
16 24 0.28535032
17 24 0.2855239
18 24 0.28572237
19 24 0.28596336
20 24 0.28620213
21 24 0.28637183
22 24 0.28654003
23 24 0.2867141
24 24 0.2869165
25 24 0.2871211
26 24 0.28723487
27 24 0.28742456
28 24 0.28761914
29 24 0.2877246
30 24 0.28793067
0 25 0.28915554
1 25 0.28905275
2 25 0.288751
3 25 0.28945413
4 25 0.28968948
5 25 0.28976566
6 25 0.2899451
7 25 0.29014042
8 25 0.29021072
9 25 0.2902271
10 25 0.2902337
11 25 0.2902979
12 25 0.29036456
13 25 0.29041168
14 25 0.2905076
15 25 0.29072052
16 25 0.29083794
17 25 0.29103205
18 25 0.29120857
19 25 0.29122663
20 25 0.29136506
21 25 0.29146588
22 25 0.29156965
23 25 0.29169586
24 25 0.2917325
25 25 0.2917796
26 25 0.2918863
27 25 0.29196393
28 25 0.29205087
29 25 0.29212973
30 25 0.29220027
0 26 0.2930826
1 26 0.2929996
2 26 0.29270273
3 26 0.2934227
4 26 0.29358727
5 26 0.29371056
6 26 0.29374814
7 26 0.29388365
8 26 0.2939642
9 26 0.29409653
10 26 0.29408044
11 26 0.2941886
12 26 0.29421568
13 26 0.29427233
14 26 0.29436094
15 26 0.29453087
16 26 0.29470983
17 26 0.29478064
18 26 0.2949364
19 26 0.29511583
20 26 0.29522035
21 26 0.2953302
22 26 0.295484
23 26 0.29567397
24 26 0.29572523
25 26 0.2958092
26 26 0.29596034
27 26 0.2961354
28 26 0.29622108
29 26 0.29626504
30 26 0.29641834
0 27 0.29768008
1 27 0.29759634
2 27 0.29735097
3 27 0.2982194
4 27 0.29828385
5 27 0.2984489
6 27 0.2985529
7 27 0.29870573
8 27 0.29873627
9 27 0.29877484
10 27 0.29876435
11 27 0.2988852
12 27 0.2988554
13 27 0.29891497
14 27 0.29911345
15 27 0.29925653
16 27 0.2994875
17 27 0.29960224
18 27 0.29972675
19 27 0.29980245
20 27 0.29993477
21 27 0.30013302
22 27 0.3002219
23 27 0.30023384
24 27 0.30035177
25 27 0.30044648
26 27 0.30050996
27 27 0.3006799
28 27 0.30073872
29 27 0.30081856
30 27 0.30092305
0 28 0.3020781
1 28 0.30188107
2 28 0.30160838
3 28 0.3022634
4 28 0.30240405
5 28 0.3024712
6 28 0.3024812
7 28 0.30248582
8 28 0.3024839
9 28 0.30247068
10 28 0.30239257
11 28 0.30241576
12 28 0.30225122
13 28 0.3022739
14 28 0.30228904
15 28 0.3023474
16 28 0.30238843
17 28 0.30242968
18 28 0.30239183
19 28 0.30239502
20 28 0.30238962
21 28 0.30243847
22 28 0.30243725
23 28 0.30247727
24 28 0.30248606
25 28 0.30250487
26 28 0.30252245
27 28 0.3025144
28 28 0.3025034
29 28 0.30252343
30 28 0.30249095
0 29 0.30278733
1 29 0.3028003
2 29 0.30240673
3 29 0.30326784
4 29 0.30327
5 29 0.30326122
6 29 0.30324
7 29 0.30323413
8 29 0.30318236
9 29 0.30308887
10 29 0.30294824
11 29 0.30303028
12 29 0.30282593
13 29 0.30281982
14 29 0.30286524
15 29 0.3032312
16 29 0.30323267
17 29 0.3032307
18 29 0.30323315
19 29 0.3032361
20 29 0.30323705
21 29 0.30324
22 29 0.30323803
23 29 0.30324194
24 29 0.30325755
25 29 0.30327052
26 29 0.30328882
27 29 0.3033181
28 29 0.30337378
29 29 0.3034126
30 29 0.30345923
0 30 0.304208
1 30 0.30423146
2 30 0.30380055
3 30 0.30472562
4 30 0.3047686
5 30 0.3048428
6 30 0.30489528
7 30 0.30493265
8 30 0.30492118
9 30 0.30494657
10 30 0.30485526
11 30 0.30492458
12 30 0.30488405
13 30 0.30494022
14 30 0.30508742
15 30 0.3052388
16 30 0.30525246
17 30 0.3052991
18 30 0.30535063
19 30 0.30541116
20 30 0.30546707
21 30 0.3054981
22 30 0.30554032
23 30 0.30560672
24 30 0.30567852
25 30 0.305731
26 30 0.30574125
27 30 0.3057537
28 30 0.3057879
29 30 0.30583647
30 30 0.3058787
