0 0 0.3172512
1 0 0.31729245
2 0 0.31751317
3 0 0.31764305
4 0 0.3177385
5 0 0.3177622
6 0 0.31778148
7 0 0.31816575
8 0 0.31825998
9 0 0.31830493
10 0 0.3185034
11 0 0.31869164
12 0 0.31883177
13 0 0.3192014
14 0 0.3194573
15 0 0.31978518
16 0 0.32016945
17 0 0.32028714
18 0 0.32032546
19 0 0.32028615
20 0 0.3202627
21 0 0.32018167
22 0 0.32007766
23 0 0.3200503
24 0 0.32014138
25 0 0.32025978
26 0 0.3202727
27 0 0.32039088
28 0 0.3205071
29 0 0.32057276
30 0 0.32073513
0 1 0.32084695
1 1 0.320438
2 1 0.3204463
3 1 0.32065067
4 1 0.3207681
5 1 0.32084572
6 1 0.3209983
7 1 0.3213411
8 1 0.32139236
9 1 0.32137015
10 1 0.32130226
11 1 0.32132816
12 1 0.32140017
13 1 0.32136846
14 1 0.32124513
15 1 0.32123464
16 1 0.3211714
17 1 0.3212542
18 1 0.3212669
19 1 0.32132474
20 1 0.321398
21 1 0.32143387
22 1 0.32154423
23 1 0.3215889
24 1 0.32322174
25 1 0.3229659
26 1 0.3229698
27 1 0.32301274
28 1 0.32315508
29 1 0.32329035
30 1 0.32340804
0 2 0.32362092
1 2 0.32331038
2 2 0.32327008
3 2 0.32348663
4 2 0.32357258
5 2 0.3237071
6 2 0.3237823
7 2 0.323805
8 2 0.32387996
9 2 0.3238941
10 2 0.3239222
11 2 0.32391852
12 2 0.32398373
13 2 0.3239039
14 2 0.32376033
15 2 0.3235728
16 2 0.32359138
17 2 0.3236114
18 2 0.32377937
19 2 0.32377985
20 2 0.32380867
21 2 0.32380158
22 2 0.32379377
23 2 0.32379866
24 2 0.3238255
25 2 0.32387996
26 2 0.32403865
27 2 0.32412532
28 2 0.3242337
29 2 0.32427326
30 2 0.32442
0 3 0.32524398
1 3 0.32482553
2 3 0.32478866
3 3 0.32498348
4 3 0.3251605
5 3 0.3252728
6 3 0.3253131
7 3 0.3253768
8 3 0.32548764
9 3 0.3255228
10 3 0.32551792
11 3 0.32554185
12 3 0.32560045
13 3 0.3255909
14 3 0.32547665
15 3 0.32553256
16 3 0.32556796
17 3 0.32568002
18 3 0.32577476
19 3 0.3257789
20 3 0.32577965
21 3 0.32577866
22 3 0.32578892
23 3 0.32580137
24 3 0.3258878
25 3 0.32599694
26 3 0.32614097
27 3 0.32626745
28 3 0.3262899
29 3 0.32640466
30 3 0.32655457
0 4 0.32727113
1 4 0.32684827
2 4 0.32680896
3 4 0.3270167
4 4 0.32721618
5 4 0.3272821
6 4 0.32737416
7 4 0.32746986
8 4 0.3276957
9 4 0.32764858
10 4 0.3276327
11 4 0.32768324
12 4 0.32775697
13 4 0.327755
14 4 0.32752356
15 4 0.32756776
16 4 0.32768178
17 4 0.32771644
18 4 0.32775965
19 4 0.32779455
20 4 0.3277809
21 4 0.3277643
22 4 0.3277069
23 4 0.32767102
24 4 0.32777894
25 4 0.3278031
26 4 0.32796448
27 4 0.32811904
28 4 0.32828677
29 4 0.32837808
30 4 0.32849574
0 5 0.32954922
1 5 0.3292836
2 5 0.32928166
3 5 0.32941106
4 5 0.32954484
5 5 0.32966033
6 5 0.32978043
7 5 0.32979435
8 5 0.32990226
9 5 0.32992107
10 5 0.32991228
11 5 0.32997966
12 5 0.33007365
13 5 0.3300988
14 5 0.3298078
15 5 0.33026335
16 5 0.33056
17 5 0.33065766
18 5 0.33077532
19 5 0.33132073
20 5 0.33126482
21 5 0.3310246
22 5 0.33081365
23 5 0.33069086
24 5 0.3305722
25 5 0.330674
26 5 0.33078215
27 5 0.33090106
28 5 0.33116204
29 5 0.33132538
30 5 0.3324936
0 6 0.33229488
1 6 0.3320107
2 6 0.3319677
3 6 0.33219406
4 6 0.332289
5 6 0.33230928
6 6 0.33248603
7 6 0.33261007
8 6 0.33267844
9 6 0.33274385
10 6 0.3327966
11 6 0.33280855
12 6 0.33289865
13 6 0.3334553
14 6 0.332822
15 6 0.33354002
16 6 0.33368382
17 6 0.3337988
18 6 0.33435717
19 6 0.33488843
20 6 0.33481908
21 6 0.33544874
22 6 0.33525562
23 6 0.33475682
24 6 0.3343811
25 6 0.33461204
26 6 0.33478734
27 6 0.33540258
28 6 0.33535743
29 6 0.33579078
30 6 0.33658743
0 7 0.33581933
1 7 0.33548415
2 7 0.33529687
3 7 0.3353689
4 7 0.33546045
5 7 0.33552223
6 7 0.3355669
7 7 0.3356255
8 7 0.3355884
9 7 0.33557448
10 7 0.3355393
11 7 0.33552906
12 7 0.33568725
13 7 0.3356177
14 7 0.33552393
15 7 0.33576733
16 7 0.3364966
17 7 0.33686477
18 7 0.33730105
19 7 0.33739945
20 7 0.33729863
21 7 0.33679885
22 7 0.005048661
23 7 0.018189488
24 7 0.040813126
25 7 0.1822208
26 7 0.22308592
27 7 0.24162918
28 7 0.25311399
29 7 0.26117268
30 7 0.26834345
0 8 0.28524044
1 8 0.28672752
2 8 0.2880469
3 8 0.28970927
4 8 0.29107672
5 8 0.29229355
6 8 0.29349276
7 8 0.29462877
8 8 0.29566833
9 8 0.29674232
10 8 0.29761246
11 8 0.2984494
12 8 0.29928926
13 8 0.299831
14 8 0.30046162
15 8 0.30127782
16 8 0.30278075
17 8 0.30417505
18 8 0.30532548
19 8 0.30409595
20 8 0.30229563
21 8 0.29938298
22 8 0.26419595
23 8 0.06154025
24 8 0.05956219
25 8 0.16323198
26 8 0.22337475
27 8 0.24210478
28 8 0.25256345
29 8 0.25989607
30 8 0.26593667
0 9 0.27930164
1 9 0.2803422
2 9 0.28144646
3 9 0.28276604
4 9 0.2839819
5 9 0.28507173
6 9 0.28612402
7 9 0.28710034
8 9 0.2880791
9 9 0.2888672
10 9 0.2898113
11 9 0.29054546
12 9 0.2912442
13 9 0.29178402
14 9 0.292347
15 9 0.2929569
16 9 0.2938768
17 9 0.29493836
18 9 0.2938695
19 9 0.294318
20 9 0.29353282
21 9 0.2928275
22 9 0.29047734
23 9 0.26032868
24 9 0.13962518
25 9 0.14742853
26 9 0.17716506
27 9 0.23806639
28 9 0.2533806
29 9 0.26164976
30 9 0.2668654
0 10 0.26647088
1 10 0.27040306
2 10 0.27262306
3 10 0.27482453
4 10 0.2765926
5 10 0.27818102
6 10 0.27954504
7 10 0.28075722
8 10 0.2819457
9 10 0.28298163
10 10 0.28416693
11 10 0.28496236
12 10 0.28585958
13 10 0.2866023
14 10 0.28721532
15 10 0.28815114
16 10 0.28908938
17 10 0.28919607
18 10 0.28833035
19 10 0.09392868
20 10 0.26343787
21 10 0.22050728
22 10 0.26086947
23 10 0.26591617
24 10 0.22734039
25 10 0.0897399
26 10 0.031625483
27 10 0.16033986
28 10 0.21105719
29 10 0.22907552
30 10 0.23955542
0 11 0.2533386
1 11 0.25693458
2 11 0.2594024
3 11 0.2617374
4 11 0.26373425
5 11 0.2654728
6 11 0.26712397
7 11 0.26854536
8 11 0.26995212
9 11 0.27121532
10 11 0.2725137
11 11 0.27363798
12 11 0.27470878
13 11 0.2757061
14 11 0.27685678
15 11 0.2779442
16 11 0.27921104
17 11 0.27743515
18 11 0.28040078
19 11 0.2801913
20 11 0.27933386
21 11 0.2801029
22 11 0.2788297
23 11 0.2765423
24 11 0.28159514
25 11 0.228858
26 11 0.06498341
27 11 0.09273677
28 11 0.21744937
29 11 0.23781809
30 11 0.2487455
0 12 0.25019354
1 12 0.25511083
2 12 0.2580679
3 12 0.26074106
4 12 0.2629635
5 12 0.26478162
6 12 0.26647308
7 12 0.2680202
8 12 0.2695847
9 12 0.27126783
10 12 0.27307424
11 12 0.27378055
12 12 0.275993
13 12 0.27600032
14 12 0.2766014
15 12 0.2775289
16 12 0.27884778
17 12 0.281299
18 12 0.2808444
19 12 0.28154337
20 12 0.27995986
21 12 0.27752426
22 12 0.2775719
23 12 0.28068885
24 12 0.27987832
25 12 0.22140768
26 12 0.09881499
27 12 0.03355227
28 12 0.17613819
29 12 0.22186081
30 12 0.23928417
0 13 0.24472591
1 13 0.2494379
2 13 0.25239033
3 13 0.25513524
4 13 0.25733548
5 13 0.2592576
6 13 0.26101646
7 13 0.26279113
8 13 0.26419836
9 13 0.26550967
10 13 0.26668742
11 13 0.26787713
12 13 0.2690864
13 13 0.26986864
14 13 0.2707583
15 13 0.2720049
16 13 0.2744417
17 13 0.21956928
18 13 0.27167115
19 13 0.2735645
20 13 0.27329788
21 13 0.27351272
22 13 0.274262
23 13 0.27274686
24 13 0.27492315
25 13 0.12634617
26 13 0.09129461
27 13 0.016465828
28 13 0.16406623
29 13 0.21389903
30 13 0.22845492
0 14 0.24097708
1 14 0.24500033
2 14 0.24755335
3 14 0.2500795
4 14 0.25222236
5 14 0.25414184
6 14 0.25586012
7 14 0.25780886
8 14 0.25917926
9 14 0.26047397
10 14 0.26169077
11 14 0.26292688
12 14 0.2641598
13 14 0.26509732
14 14 0.26610246
15 14 0.26674432
16 14 0.2672702
17 14 0.2668471
18 14 0.26852438
19 14 0.25785014
20 14 0.21235237
21 14 0.15023349
22 14 0.20583542
23 14 0.22520462
24 14 0.21640491
25 14 0.08375958
26 14 0.019424614
27 14 0.011396903
28 14 0.14894515
29 14 0.19314358
30 14 0.2084778
0 15 0.22043306
1 15 0.22602788
2 15 0.22957309
3 15 0.23277505
4 15 0.23557441
5 15 0.23800486
6 15 0.24020314
7 15 0.2424461
8 15 0.24423836
9 15 0.24590708
10 15 0.24753235
11 15 0.2490629
12 15 0.25038177
13 15 0.25156024
14 15 0.25263742
15 15 0.25530493
16 15 0.2230415
17 15 0.24913687
18 15 0.24406184
19 15 0.24635997
20 15 0.2528879
21 15 0.2547632
22 15 0.25483227
23 15 0.23341104
24 15 0.109675504
25 15 0.07727584
26 15 0.064328134
27 15 0.07849461
28 15 0.19175807
29 15 0.21199323
30 15 0.22109298
0 16 0.222041
1 16 0.22805086
2 16 0.23178749
3 16 0.23492473
4 16 0.23745993
5 16 0.23973805
6 16 0.24174638
7 16 0.24345025
8 16 0.24528378
9 16 0.24672155
10 16 0.24814662
11 16 0.24939713
12 16 0.25062957
13 16 0.2516562
14 16 0.25275826
15 16 0.2536633
16 16 0.24331109
17 16 0.1510824
18 16 0.2315863
19 16 0.24825111
20 16 0.25205147
21 16 0.25425583
22 16 0.25719216
23 16 0.24344781
24 16 0.073084615
25 16 0.08564023
26 16 0.12353607
27 16 0.1559201
28 16 0.204008
29 16 0.21799454
30 16 0.22792439
0 17 0.22760016
1 17 0.23217396
2 17 0.23501702
3 17 0.23761985
4 17 0.23983277
5 17 0.24171317
6 17 0.24349006
7 17 0.24505307
8 17 0.2466881
9 17 0.2480514
10 17 0.24923258
11 17 0.25046477
12 17 0.25155902
13 17 0.25249922
14 17 0.25357664
15 17 0.2551997
16 17 0.21681581
17 17 0.24695934
18 17 0.24213286
19 17 0.25886163
20 17 0.2610438
21 17 0.26244372
22 17 0.26224765
23 17 0.26364565
24 17 0.017306661
25 17 0.11506817
26 17 0.1813492
27 17 0.21869987
28 17 0.23061217
29 17 0.23757517
30 17 0.24317414
0 18 0.24208769
1 18 0.24522616
2 18 0.2472633
3 18 0.2491564
4 18 0.2506928
5 18 0.25213495
6 18 0.25330368
7 18 0.25438645
8 18 0.25558302
9 18 0.25650588
10 18 0.2574229
11 18 0.25832427
12 18 0.25920293
13 18 0.25992584
14 18 0.260608
15 18 0.26138583
16 18 0.26216197
17 18 0.26274815
18 18 0.2488517
19 18 0.25606397
20 18 0.25954792
21 18 0.25592187
22 18 0.25874346
23 18 0.2622147
24 18 0.12592453
25 18 0.20165811
26 18 0.23149915
27 18 0.24131839
28 18 0.24668908
29 18 0.25087348
30 18 0.25337327
0 19 0.2532827
1 19 0.2553408
2 19 0.25691897
3 19 0.25831622
4 19 0.25944635
5 19 0.26039827
6 19 0.26123103
7 19 0.26211533
8 19 0.2628783
9 19 0.26361537
10 19 0.26426625
11 19 0.2649247
12 19 0.26556095
13 19 0.26608294
14 19 0.26637664
15 19 0.26685688
16 19 0.26768282
17 19 0.26873848
18 19 0.2694343
19 19 0.26996288
20 19 0.26506117
21 19 0.2533813
22 19 0.25424364
23 19 0.2638053
24 19 0.26656827
25 19 0.2682817
26 19 0.26960862
27 19 0.27076292
28 19 0.2717029
29 19 0.27260354
30 19 0.27333036
0 20 0.27194118
1 20 0.27253273
2 20 0.27328494
3 20 0.27404642
4 20 0.274533
5 20 0.27504668
6 20 0.27545148
7 20 0.27593243
8 20 0.27628547
9 20 0.27667
10 20 0.27711165
11 20 0.27745858
12 20 0.2778558
13 20 0.27814096
14 20 0.2782562
15 20 0.27879038
16 20 0.27923253
17 20 0.2796664
18 20 0.2801969
19 20 0.280526
20 20 0.2807963
21 20 0.28242815
22 20 0.28267962
23 20 0.28307268
24 20 0.28465596
25 20 0.28521115
26 20 0.28586644
27 20 0.28822756
28 20 0.28816944
29 20 0.2889163
30 20 0.28917092
0 21 0.2868501
1 21 0.28683472
2 21 0.28701025
3 21 0.28739452
4 21 0.28766066
5 21 0.28783935
6 21 0.28809255
7 21 0.28821632
8 21 0.28841287
9 21 0.28894803
10 21 0.2892295
11 21 0.28940287
12 21 0.28945902
13 21 0.2894695
14 21 0.28964847
15 21 0.29018655
16 21 0.29035747
17 21 0.29086894
18 21 0.29112336
19 21 0.2913155
20 21 0.29152253
21 21 0.2917315
22 21 0.2919747
23 21 0.2921556
24 21 0.2923011
25 21 0.29259652
26 21 0.2928304
27 21 0.29371396
28 21 0.29408628
29 21 0.2944005
30 21 0.29471764
0 22 0.29532436
1 22 0.29503724
2 22 0.2951769
3 22 0.2954469
4 22 0.29563683
5 22 0.2957306
6 22 0.29585317
7 22 0.29598305
8 22 0.29619887
9 22 0.2962294
10 22 0.29630458
11 22 0.29647306
12 22 0.296538
13 22 0.29650941
14 22 0.29757315
15 22 0.29772428
16 22 0.29922432
17 22 0.299883
18 22 0.30019623
19 22 0.30206418
20 22 0.3022224
21 22 0.30241868
22 22 0.30272803
23 22 0.3029802
24 22 0.3032505
25 22 0.30384743
26 22 0.3041409
27 22 0.30451345
28 22 0.30479127
29 22 0.3051648
30 22 0.3099127
0 23 0.30517265
1 23 0.30554715
2 23 0.30486086
3 23 0.3048367
4 23 0.30485353
5 23 0.30492604
6 23 0.30494973
7 23 0.30579764
8 23 0.30578008
9 23 0.30595928
10 23 0.30597806
11 23 0.30842414
12 23 0.30724445
13 23 0.30624124
14 23 0.3062432
15 23 0.30653447
16 23 0.30862412
17 23 0.3087518
18 23 0.30898714
19 23 0.31384537
20 23 0.31355974
21 23 0.31310073
22 23 0.31290713
23 23 0.31286222
24 23 0.31285512
25 23 0.3134135
26 23 0.31344914
27 23 0.31348038
28 23 0.31367838
29 23 0.3137167
30 23 0.31391665
0 24 0.31213245
1 24 0.31241348
2 24 0.31187636
3 24 0.31183827
4 24 0.31182948
5 24 0.31183118
6 24 0.3118905
7 24 0.31189883
8 24 0.31190297
9 24 0.31345865
10 24 0.31531075
11 24 0.31549433
12 24 0.31547773
13 24 0.31481707
14 24 0.3148488
15 24 0.3152563
16 24 0.31526068
17 24 0.315415
18 24 0.317061
19 24 0.3191184
20 24 0.31979224
21 24 0.31958643
22 24 0.31955102
23 24 0.31953052
24 24 0.3195513
25 24 0.3196731
26 24 0.31977248
27 24 0.31978077
28 24 0.32021168
29 24 0.32046804
30 24 0.3203323
0 25 0.31834227
1 25 0.31800437
2 25 0.31783983
3 25 0.31812572
4 25 0.31825927
5 25 0.31827953
6 25 0.31836718
7 25 0.31841233
8 25 0.31860352
9 25 0.3187019
10 25 0.31949684
11 25 0.3193833
12 25 0.31972265
13 25 0.3188667
14 25 0.31935546
15 25 0.31984472
16 25 0.32160842
17 25 0.32155815
18 25 0.32264826
19 25 0.32226664
20 25 0.32222953
21 25 0.32226738
22 25 0.32228056
23 25 0.32234403
24 25 0.32266778
25 25 0.32309163
26 25 0.3232049
27 25 0.3232774
28 25 0.32333356
29 25 0.3247645
30 25 0.32441023
0 26 0.32227153
1 26 0.32184574
2 26 0.3217371
3 26 0.32187235
4 26 0.32194778
5 26 0.32197562
6 26 0.32204327
7 26 0.32206595
8 26 0.32224223
9 26 0.3222747
10 26 0.3222835
11 26 0.3224212
12 26 0.32227862
13 26 0.32219535
14 26 0.32218924
15 26 0.32297295
16 26 0.32312799
17 26 0.32327205
18 26 0.3258939
19 26 0.3254271
20 26 0.32512632
21 26 0.3250914
22 26 0.32514608
23 26 0.3254449
24 26 0.32542613
25 26 0.32554623
26 26 0.3257323
27 26 0.3257994
28 26 0.3261754
29 26 0.3262716
30 26 0.3263009
0 27 0.3253331
1 27 0.32507578
2 27 0.32475838
3 27 0.32490462
4 27 0.3250113
5 27 0.32510582
6 27 0.32523128
7 27 0.32527304
8 27 0.32533115
9 27 0.3254857
10 27 0.32546103
11 27 0.32544222
12 27 0.32529598
13 27 0.3251893
14 27 0.32749328
15 27 0.32752454
16 27 0.3275631
17 27 0.32779506
18 27 0.3282128
19 27 0.32816324
20 27 0.32854897
21 27 0.32848746
22 27 0.32857606
23 27 0.32896525
24 27 0.32901552
25 27 0.32913443
26 27 0.3292858
27 27 0.32930386
28 27 0.32944304
29 27 0.3295502
30 27 0.32975504
0 28 0.32919815
1 28 0.3286132
2 28 0.32827652
3 28 0.32834536
4 28 0.32841054
5 28 0.32846743
6 28 0.3285309
7 28 0.32856214
8 28 0.32855824
9 28 0.3285297
10 28 0.32849112
11 28 0.32848793
12 28 0.32833022
13 28 0.32827628
14 28 0.32837513
15 28 0.32952702
16 28 0.32977432
17 28 0.33036223
18 28 0.33026114
19 28 0.33026555
20 28 0.3302814
21 28 0.33028752
22 28 0.33040154
23 28 0.3304455
24 28 0.33114374
25 28 0.33150482
26 28 0.3315634
27 28 0.33162397
28 28 0.33175898
29 28 0.33179903
30 28 0.33266866
0 29 0.3308134
1 29 0.33104852
2 29 0.3305002
3 29 0.33052215
4 29 0.330507
5 29 0.3305617
6 29 0.330508
7 29 0.3305041
8 29 0.33047748
9 29 0.33040714
10 29 0.33034244
11 29 0.3303134
12 29 0.33032367
13 29 0.33036736
14 29 0.33127558
15 29 0.33192158
16 29 0.33214498
17 29 0.33230194
18 29 0.33237374
19 29 0.3325261
20 29 0.3328884
21 29 0.3333967
22 29 0.3334277
23 29 0.3338159
24 29 0.33429638
25 29 0.3342927
26 29 0.33429953
27 29 0.33448875
28 29 0.33448803
29 29 0.33455077
30 29 0.33462572
0 30 0.33334836
1 30 0.33330345
2 30 0.33270723
3 30 0.33271188
4 30 0.33265376
5 30 0.3325837
6 30 0.33260298
7 30 0.33256367
8 30 0.33255002
9 30 0.33251682
10 30 0.3324289
11 30 0.33237717
12 30 0.3327275
13 30 0.33233368
14 30 0.33298582
15 30 0.33365673
16 30 0.33411887
17 30 0.3342202
18 30 0.33429638
19 30 0.3343711
20 30 0.33454493
21 30 0.33470848
22 30 0.33474633
23 30 0.33477172
24 30 0.3345991
25 30 0.334603
26 30 0.33463305
27 30 0.33471873
28 30 0.33477807
29 30 0.33495313
30 30 0.3349109
