0 0 0.3222725
1 0 0.32229447
2 0 0.32235846
3 0 0.322305
4 0 0.32244462
5 0 0.3225025
6 0 0.3225584
7 0 0.32271782
8 0 0.32276982
9 0 0.3227796
10 0 0.3227884
11 0 0.3227918
12 0 0.32277104
13 0 0.322732
14 0 0.32260114
15 0 0.32251078
16 0 0.32240558
17 0 0.3222781
18 0 0.3222547
19 0 0.32217386
20 0 0.3220977
21 0 0.32206985
22 0 0.3220435
23 0 0.32209575
24 0 0.3221983
25 0 0.3222747
26 0 0.32227445
27 0 0.32231548
28 0 0.32245684
29 0 0.32253203
30 0 0.32268095
0 1 0.3237745
1 1 0.323534
2 1 0.32342193
3 1 0.32377887
4 1 0.3238941
5 1 0.32401252
6 1 0.3240401
7 1 0.3240694
8 1 0.32410237
9 1 0.32414314
10 1 0.32415536
11 1 0.32421052
12 1 0.32422054
13 1 0.32417902
14 1 0.3240743
15 1 0.32412067
16 1 0.3241966
17 1 0.32425717
18 1 0.32427523
19 1 0.32427645
20 1 0.32428402
21 1 0.3243121
22 1 0.3243807
23 1 0.32446444
24 1 0.32451814
25 1 0.32462972
26 1 0.32474837
27 1 0.32479843
28 1 0.32486287
29 1 0.32497224
30 1 0.32510996
0 2 0.32627624
1 2 0.32576767
2 2 0.32584628
3 2 0.32627842
4 2 0.32632726
5 2 0.32641953
6 2 0.32644492
7 2 0.32647082
8 2 0.32647082
9 2 0.326463
10 2 0.32645324
11 2 0.32640904
12 2 0.32631823
13 2 0.3263021
14 2 0.32628307
15 2 0.3262826
16 2 0.32630065
17 2 0.3262992
18 2 0.32631847
19 2 0.32631603
20 2 0.326307
21 2 0.32631016
22 2 0.3263363
23 2 0.32639855
24 2 0.32649377
25 2 0.32654113
26 2 0.32666832
27 2 0.32677478
28 2 0.3268629
29 2 0.32699794
30 2 0.32714075
0 3 0.32806653
1 3 0.32775012
2 3 0.32762146
3 3 0.32800308
4 3 0.32808706
5 3 0.32824135
6 3 0.3282787
7 3 0.32828212
8 3 0.32829556
9 3 0.32837856
10 3 0.32834804
11 3 0.32832095
12 3 0.3282792
13 3 0.32827774
14 3 0.32816395
15 3 0.32827163
16 3 0.32828188
17 3 0.32828456
18 3 0.32830483
19 3 0.32828748
20 3 0.32828578
21 3 0.32828578
22 3 0.32831556
23 3 0.32833582
24 3 0.32844204
25 3 0.32826993
26 3 0.32864615
27 3 0.32876527
28 3 0.3289362
29 3 0.329101
30 3 0.32927725
0 4 0.33027557
1 4 0.32980168
2 4 0.32978556
3 4 0.33025163
4 4 0.33028582
5 4 0.3303012
6 4 0.33042157
7 4 0.3304726
8 4 0.3305119
9 4 0.3305395
10 4 0.33054703
11 4 0.33060077
12 4 0.33052287
13 4 0.33059075
14 4 0.33032098
15 4 0.33046305
16 4 0.33056438
17 4 0.3305688
18 4 0.33049774
19 4 0.33036247
20 4 0.33028752
21 4 0.33026847
22 4 0.3302658
23 4 0.3302863
24 4 0.33039105
25 4 0.3305285
26 4 0.33077094
27 4 0.33084834
28 4 0.3309091
29 4 0.33129218
30 4 0.33135787
0 5 0.33227876
1 5 0.3318249
2 5 0.33178827
3 5 0.33228388
4 5 0.3322922
5 5 0.33232662
6 5 0.33238423
7 5 0.33233687
8 5 0.33236885
9 5 0.33240595
10 5 0.33239865
11 5 0.33241865
12 5 0.3323039
13 5 0.3323657
14 5 0.33222115
15 5 0.33229023
16 5 0.33230588
17 5 0.3322856
18 5 0.33210444
19 5 0.33177435
20 5 0.33130708
21 5 0.3310639
22 5 0.3309399
23 5 0.3311198
24 5 0.33128682
25 5 0.33146992
26 5 0.3317468
27 5 0.33191547
28 5 0.3322878
29 5 0.3324499
30 5 0.33256954
0 6 0.3337258
1 6 0.33334202
2 6 0.33318746
3 6 0.33369675
4 6 0.33379734
5 6 0.33385912
6 6 0.33398753
7 6 0.3340393
8 6 0.33408275
9 6 0.33412328
10 6 0.3341638
11 6 0.33425805
12 6 0.33401805
13 6 0.33420506
14 6 0.3338867
15 6 0.33398607
16 6 0.3342954
17 6 0.3342905
18 6 0.08949673
19 6 0.12977102
20 6 0.05101299
21 6 0.0051421686
22 6 0.107021414
23 6 0.1923921
24 6 0.2169479
25 6 0.23135339
26 6 0.24102786
27 6 0.24825405
28 6 0.25391698
29 6 0.2585645
30 6 0.2624049
0 7 0.27728403
1 7 0.27902013
2 7 0.28023842
3 7 0.28177044
4 7 0.28315327
5 7 0.28429317
6 7 0.28540206
7 7 0.28647485
8 7 0.28745997
9 7 0.28834695
10 7 0.28921244
11 7 0.29018292
12 7 0.29078838
13 7 0.29149592
14 7 0.29221296
15 7 0.29305503
16 7 0.29423007
17 7 0.292337
18 7 0.28825977
19 7 0.288095
20 7 0.13216193
21 7 0.056213018
22 7 0.091323175
23 7 0.0019233692
24 7 0.15049058
25 7 0.19148584
26 7 0.20954202
27 7 0.22260498
28 7 0.23012999
29 7 0.23591913
30 7 0.24055812
0 8 0.2422415
1 8 0.24756531
2 8 0.25077093
3 8 0.25386888
4 8 0.25623268
5 8 0.2585811
6 8 0.26031062
7 8 0.26193687
8 8 0.26339734
9 8 0.26469302
10 8 0.2659164
11 8 0.26709956
12 8 0.26816255
13 8 0.26919723
14 8 0.27018553
15 8 0.271354
16 8 0.27013305
17 8 0.2714468
18 8 0.27124974
19 8 0.2708318
20 8 0.2694399
21 8 0.16739954
22 8 0.1399228
23 8 0.10501943
24 8 0.10862617
25 8 0.19868931
26 8 0.21754849
27 8 0.22774762
28 8 0.23556049
29 8 0.24018995
30 8 0.24392048
0 9 0.24012819
1 9 0.24530649
2 9 0.24839345
3 9 0.2514045
4 9 0.25358298
5 9 0.2554624
6 9 0.2570989
7 9 0.258783
8 9 0.26019955
9 9 0.26144224
10 9 0.26261485
11 9 0.2637052
12 9 0.26475233
13 9 0.26572695
14 9 0.2667863
15 9 0.26555485
16 9 0.26539615
17 9 0.22163425
18 9 0.24741858
19 9 0.25204194
20 9 0.25208002
21 9 0.2552429
22 9 0.16931118
23 9 0.079119615
24 9 0.093135215
25 9 0.16536678
26 9 0.20447236
27 9 0.21871184
28 9 0.22845687
29 9 0.23295327
30 9 0.23813768
0 10 0.23483367
1 10 0.2400752
2 10 0.24341828
3 10 0.2465028
4 10 0.24876308
5 10 0.2507072
6 10 0.25233346
7 10 0.2539343
8 10 0.25561452
9 10 0.2570154
10 10 0.25834796
11 10 0.2595125
12 10 0.26058406
13 10 0.26153353
14 10 0.26256382
15 10 0.2627257
16 10 0.262693
17 10 0.2609127
18 10 0.25865093
19 10 0.25498363
20 10 0.25664845
21 10 0.21798502
22 10 0.25171673
23 10 0.10122201
24 10 0.036140934
25 10 0.14495315
26 10 0.1946165
27 10 0.21169342
28 10 0.22136837
29 10 0.22793439
30 10 0.23277333
0 11 0.23244643
1 11 0.23725656
2 11 0.24045436
3 11 0.2434339
4 11 0.2455919
5 11 0.24743664
6 11 0.24902359
7 11 0.2504728
8 11 0.25181562
9 11 0.25314084
10 11 0.2543125
11 11 0.25563964
12 11 0.25672632
13 11 0.25764945
14 11 0.2584683
15 11 0.2591685
16 11 0.25944197
17 11 0.25794047
18 11 0.2575208
19 11 0.25780204
20 11 0.2543657
21 11 0.2568372
22 11 0.19262917
23 11 0.08404181
24 11 0.11122534
25 11 0.14739044
26 11 0.20022523
27 11 0.21557947
28 11 0.22421363
29 11 0.23009752
30 11 0.23449089
0 12 0.23597163
1 12 0.24014162
2 12 0.24235137
3 12 0.24450324
4 12 0.24620005
5 12 0.24763075
6 12 0.24894619
7 12 0.2501779
8 12 0.25133246
9 12 0.25245357
10 12 0.25350168
11 12 0.25451878
12 12 0.25566456
13 12 0.25639063
14 12 0.2570027
15 12 0.25772366
16 12 0.258397
17 12 0.22926278
18 12 0.20005116
19 12 0.1859755
20 12 0.2327001
21 12 0.24445125
22 12 0.22555448
23 12 0.17918755
24 12 0.0028840774
25 12 0.120894186
26 12 0.18740009
27 12 0.2056655
28 12 0.21566737
29 12 0.22231786
30 12 0.22724761
0 13 0.22884652
1 13 0.23248892
2 13 0.23497576
3 13 0.23728538
4 13 0.23919873
5 13 0.24081789
6 13 0.24235551
7 13 0.24378693
8 13 0.24508603
9 13 0.24634752
10 13 0.247599
11 13 0.24895595
12 13 0.25006512
13 13 0.16618125
14 13 0.21579285
15 13 0.2354472
16 13 0.24082302
17 13 0.23497918
18 13 0.24137284
19 13 0.23224793
20 13 0.1737656
21 13 0.14724982
22 13 0.17746805
23 13 0.08485506
24 13 0.078227274
25 13 0.14265428
26 13 0.18493398
27 13 0.19938514
28 13 0.20805274
29 13 0.21414952
30 13 0.21884465
0 14 0.21771769
1 14 0.22237425
2 14 0.22534963
3 14 0.22816828
4 14 0.2303817
5 14 0.23227993
6 14 0.23401505
7 14 0.23562275
8 14 0.2370964
9 14 0.23847362
10 14 0.239761
11 14 0.24122512
12 14 0.24240337
13 14 0.24325469
14 14 0.243763
15 14 0.2448414
16 14 0.24455062
17 14 0.24523227
18 14 0.24688122
19 14 0.24783704
20 14 0.24858925
21 14 0.17986114
22 14 0.02913106
23 14 0.0267299
24 14 0.036727123
25 14 0.14539626
26 14 0.17609279
27 14 0.1902761
28 14 0.19930285
29 14 0.20581223
30 14 0.21076836
0 15 0.21244295
1 15 0.21714638
2 15 0.22016451
3 15 0.22302611
4 15 0.22527616
5 15 0.22725055
6 15 0.22902548
7 15 0.23063146
8 15 0.23214735
9 15 0.23348306
10 15 0.23490007
11 15 0.23640718
12 15 0.23761643
13 15 0.23843627
14 15 0.23600116
15 15 0.20584275
16 15 0.23686641
17 15 0.23930152
18 15 0.24068557
19 15 0.24190482
20 15 0.24280939
21 15 0.23790549
22 15 0.106840014
23 15 0.15622139
24 15 0.17104486
25 15 0.20195793
26 15 0.21264242
27 15 0.218976
28 15 0.22337353
29 15 0.22677715
30 15 0.22949155
0 16 0.22519754
1 16 0.22899935
2 16 0.23147717
3 16 0.23370256
4 16 0.23543377
5 16 0.23682028
6 16 0.23812792
7 16 0.23929468
8 16 0.24036403
9 16 0.24142092
10 16 0.24243169
11 16 0.24359576
12 16 0.24439657
13 16 0.2450848
14 16 0.24563633
15 16 0.2453226
16 16 0.24639757
17 16 0.24571128
18 16 0.24769373
19 16 0.2484889
20 16 0.24055202
21 16 0.24827309
22 16 0.06424414
23 16 0.19096166
24 16 0.21862859
25 16 0.22792731
26 16 0.2329601
27 16 0.23638178
28 16 0.23901172
29 16 0.24105495
30 16 0.24272661
0 17 0.23849975
1 17 0.24128567
2 17 0.24316314
3 17 0.24486458
4 17 0.24613366
5 17 0.24716417
6 17 0.24812245
7 17 0.24891226
8 17 0.2497028
9 17 0.2504728
10 17 0.25138396
11 17 0.25213692
12 17 0.25277364
13 17 0.25316355
14 17 0.25367257
15 17 0.2542451
16 17 0.25476587
17 17 0.25220186
18 17 0.25500855
19 17 0.2557327
20 17 0.2553733
21 17 0.2539453
22 17 0.25624123
23 17 0.2573643
24 17 0.2581697
25 17 0.2589085
26 17 0.2596336
27 17 0.2602381
28 17 0.26087925
29 17 0.2614432
30 17 0.26213756
0 18 0.2592813
1 18 0.26050252
2 18 0.2614791
3 18 0.2625704
4 18 0.26316664
5 18 0.26374206
6 18 0.2641615
7 18 0.26463956
8 18 0.26511928
9 18 0.26555654
10 18 0.26595524
11 18 0.26639786
12 18 0.26670867
13 18 0.26689056
14 18 0.26718816
15 18 0.26763472
16 18 0.26791328
17 18 0.26820773
18 18 0.26860616
19 18 0.26891965
20 18 0.26933688
21 18 0.26982152
22 18 0.27026245
23 18 0.27071777
24 18 0.27117407
25 18 0.27166188
26 18 0.2721565
27 18 0.27237064
28 18 0.2727771
29 18 0.273189
30 18 0.2736907
0 19 0.27333817
1 19 0.2739031
2 19 0.274408
3 19 0.27518487
4 19 0.27565265
5 19 0.27597028
6 19 0.27618197
7 19 0.27639216
8 19 0.27665633
9 19 0.27685627
10 19 0.2771832
11 19 0.27739096
12 19 0.2776312
13 19 0.2776649
14 19 0.27786413
15 19 0.2781771
16 19 0.2783319
17 19 0.27862486
18 19 0.2788297
19 19 0.2791854
20 19 0.2793888
21 19 0.27969202
22 19 0.2799618
23 19 0.28023306
24 19 0.28063002
25 19 0.28089786
26 19 0.28119522
27 19 0.2814555
28 19 0.2817514
29 19 0.28216448
30 19 0.28244013
0 20 0.28416425
1 20 0.28400192
2 20 0.28409564
3 20 0.28467232
4 20 0.2848276
5 20 0.28509372
6 20 0.28517526
7 20 0.2852126
8 20 0.2853459
9 20 0.28546554
10 20 0.2856616
11 20 0.28570628
12 20 0.28577733
13 20 0.28574607
14 20 0.28593993
15 20 0.2861733
16 20 0.2862273
17 20 0.2864165
18 20 0.28652927
19 20 0.28646606
20 20 0.28690672
21 20 0.28716967
22 20 0.2872075
23 20 0.28749147
24 20 0.2877217
25 20 0.28795972
26 20 0.2882051
27 20 0.28838992
28 20 0.28866675
29 20 0.28884035
30 20 0.28919655
0 21 0.29046294
1 21 0.29026884
2 21 0.29031938
3 21 0.29091826
4 21 0.29117438
5 21 0.29123834
6 21 0.29123542
7 21 0.29135162
8 21 0.29144
9 21 0.29150984
10 21 0.29166925
11 21 0.29170856
12 21 0.29170272
13 21 0.2917103
14 21 0.2917601
15 21 0.29193074
16 21 0.29210848
17 21 0.29222006
18 21 0.29232892
19 21 0.29246467
20 21 0.29262996
21 21 0.29273054
22 21 0.2929332
23 21 0.2931693
24 21 0.29324228
25 21 0.2934676
26 21 0.29368466
27 21 0.2937762
28 21 0.29402575
29 21 0.29421982
30 21 0.2944088
0 22 0.29563245
1 22 0.2954547
2 22 0.29529625
3 22 0.2959569
4 22 0.2961813
5 22 0.29623622
6 22 0.29622915
7 22 0.29626504
8 22 0.29630312
9 22 0.2963246
10 22 0.29633754
11 22 0.29633534
12 22 0.29633486
13 22 0.29633167
14 22 0.29641956
15 22 0.29657608
16 22 0.2967172
17 22 0.29676577
18 22 0.29688418
19 22 0.29703262
20 22 0.29721597
21 22 0.29725894
22 22 0.2974064
23 22 0.2975258
24 22 0.29772085
25 22 0.29793936
26 22 0.2981603
27 22 0.29824236
28 22 0.29845914
29 22 0.298653
30 22 0.29875457
0 23 0.29987177
1 23 0.29972774
2 23 0.29953486
3 23 0.30023187
4 23 0.30036128
5 23 0.30047798
6 23 0.30047995
7 23 0.30051386
8 23 0.30057785
9 23 0.30068576
10 23 0.30063546
11 23 0.30068064
12 23 0.300593
13 23 0.3006982
14 23 0.30075583
15 23 0.30089158
16 23 0.3010107
17 23 0.30118406
18 23 0.3012319
19 23 0.30125192
20 23 0.30137643
21 23 0.3014763
22 23 0.30155808
23 23 0.30172873
24 23 0.30182934
25 23 0.3019802
26 23 0.30219555
27 23 0.30224046
28 23 0.30241844
29 23 0.3025383
30 23 0.3027334
0 24 0.30374244
1 24 0.30366433
2 24 0.30340552
3 24 0.30417237
4 24 0.30423757
5 24 0.30428958
6 24 0.30428883
7 24 0.30433303
8 24 0.30434987
9 24 0.30440992
10 24 0.30431888
11 24 0.30432057
12 24 0.30425856
13 24 0.3042776
14 24 0.30432472
15 24 0.30442604
16 24 0.30449662
17 24 0.30458328
18 24 0.30470875
19 24 0.30473733
20 24 0.3047781
21 24 0.30486843
22 24 0.30499223
23 24 0.30516922
24 24 0.30523854
25 24 0.3052725
26 24 0.30541652
27 24 0.30550003
28 24 0.305731
29 24 0.30578128
30 24 0.30596048
0 25 0.30703107
1 25 0.30683598
2 25 0.30656913
3 25 0.3072791
4 25 0.30747712
5 25 0.30758306
6 25 0.3075589
7 25 0.3076651
8 25 0.3077022
9 25 0.30771834
10 25 0.3076209
11 25 0.30768025
12 25 0.307566
13 25 0.30769318
14 25 0.3077425
15 25 0.30784774
16 25 0.3080323
17 25 0.30819002
18 25 0.3082552
19 25 0.308315
20 25 0.30843562
21 25 0.30850276
22 25 0.3085953
23 25 0.30874032
24 25 0.30879036
25 25 0.30896127
26 25 0.30913338
27 25 0.30924547
28 25 0.30931285
29 25 0.30948788
30 25 0.3096178
0 26 0.31050867
1 26 0.31038073
2 26 0.3101334
3 26 0.31084093
4 26 0.31101063
5 26 0.3111598
6 26 0.31123304
7 26 0.31124547
8 26 0.31124645
9 26 0.31124645
10 26 0.3111598
11 26 0.3112362
12 26 0.3112406
13 26 0.31122205
14 26 0.31124547
15 26 0.3112577
16 26 0.3113224
17 26 0.31144714
18 26 0.31151843
19 26 0.3115763
20 26 0.31168324
21 26 0.31174743
22 26 0.3117748
23 26 0.31190735
24 26 0.31202236
25 26 0.31219375
26 26 0.3122499
27 26 0.31226236
28 26 0.3123273
29 26 0.31245863
30 26 0.31254825
0 27 0.31346157
1 27 0.31330192
2 27 0.31303677
3 27 0.31376237
4 27 0.3139086
5 27 0.31405535
6 27 0.3140175
7 27 0.31413907
8 27 0.31409368
9 27 0.3141613
10 27 0.31403264
11 27 0.3141066
12 27 0.31404337
13 27 0.3141425
14 27 0.3142514
15 27 0.3142592
16 27 0.3142907
17 27 0.31440714
18 27 0.3144953
19 27 0.31453875
20 27 0.31472895
21 27 0.3147592
22 27 0.31488225
23 27 0.31498137
24 27 0.31504095
25 27 0.3151955
26 27 0.3152558
27 27 0.31526995
28 27 0.31540743
29 27 0.3155107
30 27 0.3156833
0 28 0.31641304
1 28 0.3162734
2 28 0.31601214
3 28 0.31675997
4 28 0.31685007
5 28 0.31695676
6 28 0.31692135
7 28 0.31696627
8 28 0.31698287
9 28 0.31699654
10 28 0.31694406
11 28 0.3169426
12 28 0.31680027
13 28 0.3168735
14 28 0.31696165
15 28 0.3170405
16 28 0.31718796
17 28 0.31726146
18 28 0.31731784
19 28 0.31737643
20 28 0.31746066
21 28 0.3175056
22 28 0.3175825
23 28 0.31772435
24 28 0.31776634
25 28 0.31781003
26 28 0.31810984
27 28 0.31811374
28 28 0.3182251
29 28 0.31826782
30 28 0.31800097
0 29 0.31916773
1 29 0.3189431
2 29 0.318781
3 29 0.31941578
4 29 0.3195503
5 29 0.31969678
6 29 0.3197256
7 29 0.3196909
8 29 0.31970727
9 29 0.31967115
10 29 0.3195376
11 29 0.31959936
12 29 0.31944263
13 29 0.31953785
14 29 0.31962502
15 29 0.31972975
16 29 0.31975538
17 29 0.31976807
18 29 0.31978834
19 29 0.3198479
20 29 0.31992897
21 29 0.32001418
22 29 0.32007864
23 29 0.32022706
24 29 0.32026368
25 29 0.32028663
26 29 0.320355
27 29 0.32042676
28 29 0.32050416
29 29 0.32060403
30 29 0.3207332
0 30 0.32130888
1 30 0.3213814
2 30 0.3209756
3 30 0.32189187
4 30 0.32209867
5 30 0.32215166
6 30 0.32208428
7 30 0.32201394
8 30 0.32198858
9 30 0.32195
10 30 0.32183695
11 30 0.3219119
12 30 0.32177788
13 30 0.321804
14 30 0.3219014
15 30 0.32211503
16 30 0.32219535
17 30 0.3222569
18 30 0.32227203
19 30 0.32228473
20 30 0.32238823
21 30 0.3224449
22 30 0.32248783
23 30 0.32253495
24 30 0.32260674
25 30 0.32273296
26 30 0.32276714
27 30 0.3227891
28 30 0.3228416
29 30 0.32296368
30 30 0.32303694
