0 0 -0.30787557
1 0 -0.30789486
2 0 -0.30767462
3 0 -0.30761042
4 0 -0.30756134
5 0 -0.30766168
6 0 -0.30784968
7 0 -0.30801374
8 0 -0.30810872
9 0 -0.30819198
10 0 -0.30827865
11 0 -0.30837238
12 0 -0.30849862
13 0 -0.30856234
14 0 -0.30866292
15 0 -0.30873764
16 0 -0.30877548
17 0 -0.30889145
18 0 -0.3089781
19 0 -0.30914095
20 0 -0.30919126
21 0 -0.30928427
22 0 -0.30932724
23 0 -0.30932602
24 0 -0.30937558
25 0 -0.30944517
26 0 -0.30948618
27 0 -0.30973324
28 0 -0.30999523
29 0 -0.31001475
30 0 -0.31001574
0 1 -0.31145495
1 1 -0.31180334
2 1 -0.31216174
3 1 -0.3122931
4 1 -0.31233487
5 1 -0.31235805
6 1 -0.31235462
7 1 -0.31237197
8 1 -0.31224477
9 1 -0.31218666
10 1 -0.3119391
11 1 -0.31190613
12 1 -0.31175843
13 1 -0.31179163
14 1 -0.31187806
15 1 -0.31194055
16 1 -0.3120824
17 1 -0.31219032
18 1 -0.31224817
19 1 -0.31236562
20 1 -0.31241152
21 1 -0.31242543
22 1 -0.31250453
23 1 -0.31260464
24 1 -0.3127062
25 1 -0.31281778
26 1 -0.31287858
27 1 -0.31291103
28 1 -0.31294277
29 1 -0.31305826
30 1 -0.31341055
0 2 -0.31403482
1 2 -0.31440106
2 2 -0.31475872
3 2 -0.31496552
4 2 -0.31508344
5 2 -0.315091
6 2 -0.3151591
7 2 -0.31516084
8 2 -0.3151259
9 2 -0.31516767
10 2 -0.31510028
11 2 -0.31505072
12 2 -0.3151225
13 2 -0.31486273
14 2 -0.31480047
15 2 -0.31479242
16 2 -0.31483513
17 2 -0.31495866
18 2 -0.31498724
19 2 -0.31503093
20 2 -0.3151325
21 2 -0.3151623
22 2 -0.31531098
23 2 -0.31531245
24 2 -0.31532001
25 2 -0.3154062
26 2 -0.31540424
27 2 -0.31541327
28 2 -0.31552583
29 2 -0.31556538
30 2 -0.31559175
0 3 -0.3160058
1 3 -0.31637228
2 3 -0.31677705
3 3 -0.3170981
4 3 -0.31721994
5 3 -0.31718844
6 3 -0.31717452
7 3 -0.3171943
8 3 -0.3171599
9 3 -0.3179199
10 3 -0.31770262
11 3 -0.31774095
12 3 -0.3175229
13 3 -0.3175483
14 3 -0.31754223
15 3 -0.3182429
16 3 -0.31848314
17 3 -0.3184785
18 3 -0.3182617
19 3 -0.3179282
20 3 -0.3178254
21 3 -0.31790647
22 3 -0.31782883
23 3 -0.317791
24 3 -0.3177739
25 3 -0.3177861
26 3 -0.3178198
27 3 -0.31790623
28 3 -0.31801122
29 3 -0.31806418
30 3 -0.31813866
0 4 -0.31875977
1 4 -0.31899658
2 4 -0.31878516
3 4 -0.31895313
4 4 -0.3190342
5 4 -0.3191006
6 4 -0.31905663
7 4 -0.3190249
8 4 -0.31890672
9 4 -0.31951147
10 4 -0.3206558
11 4 -0.32008082
12 4 -0.31968606
13 4 -0.3197036
14 4 -0.3196919
15 4 -0.3197036
16 4 -0.31967214
17 4 -0.31962037
18 4 -0.3192534
19 4 -0.31931934
20 4 -0.3194436
21 4 -0.3194563
22 4 -0.31920654
23 4 -0.31914625
24 4 -0.31911352
25 4 -0.31909522
26 4 -0.31910473
27 4 -0.31910375
28 4 -0.31910717
29 4 -0.31912598
30 4 -0.3191643
0 5 -0.3201897
1 5 -0.32014015
2 5 -0.31977394
3 5 -0.31988332
4 5 -0.31987795
5 5 -0.31993946
6 5 -0.3198948
7 5 -0.31981128
8 5 -0.31967872
9 5 -0.3194541
10 5 -0.31922755
11 5 -0.31919506
12 5 -0.31905445
13 5 -0.31901026
14 5 -0.31898585
15 5 -0.31904346
16 5 -0.3190901
17 5 -0.31909278
18 5 -0.31911305
19 5 -0.31915504
20 5 -0.31917897
21 5 -0.3191753
22 5 -0.31919947
23 5 -0.31922656
24 5 -0.3192959
25 5 -0.31940943
26 5 -0.3194414
27 5 -0.3194883
28 5 -0.31969288
29 5 -0.31941822
30 5 -0.31934473
0 6 -0.31991017
1 6 -0.32015455
2 6 -0.32068166
3 6 -0.32080936
4 6 -0.32078883
5 6 -0.32090995
6 6 -0.32088602
7 6 -0.32088503
8 6 -0.32079324
9 6 -0.32043678
10 6 -0.32015675
11 6 -0.3206187
12 6 -0.320949
13 6 -0.32071415
14 6 -0.32026222
15 6 -0.32025075
16 6 -0.32034034
17 6 -0.32028443
18 6 -0.32021925
19 6 -0.32018167
20 6 -0.32017288
21 6 -0.32042336
22 6 -0.3204932
23 6 -0.3205608
24 6 -0.32057303
25 6 -0.3205845
26 6 -0.32059792
27 6 -0.32063332
28 6 -0.32064527
29 6 -0.3209668
30 6 -0.32126907
0 7 -0.32150224
1 7 -0.32174173
2 7 -0.3220777
3 7 -0.32275763
4 7 -0.32255962
5 7 -0.3225347
6 7 -0.32251298
7 7 -0.32240948
8 7 -0.32223588
9 7 -0.3221143
10 7 -0.32215872
11 7 -0.32198074
12 7 -0.3218162
13 7 -0.3217625
14 7 -0.32172686
15 7 -0.3216763
16 7 -0.32161626
17 7 -0.3216087
18 7 -0.32167825
19 7 -0.32174248
20 7 -0.32178545
21 7 -0.32176396
22 7 -0.32189432
23 7 -0.32185063
24 7 -0.32195267
25 7 -0.32205132
26 7 -0.32209086
27 7 -0.32210943
28 7 -0.32212773
29 7 -0.32216728
30 7 -0.32216924
0 8 -0.32320344
1 8 -0.32341194
2 8 -0.32441342
3 8 -0.3246639
4 8 -0.32442343
5 8 -0.32423812
6 8 -0.32414582
7 8 -0.32372323
8 8 -0.3234085
9 8 -0.3229793
10 8 -0.3230174
11 8 -0.32275274
12 8 -0.3228001
13 8 -0.32288262
14 8 -0.32299128
15 8 -0.32300493
16 8 -0.32300836
17 8 -0.32298565
18 8 -0.32306916
19 8 -0.32328132
20 8 -0.32342315
21 8 -0.3234361
22 8 -0.323461
23 8 -0.32346368
24 8 -0.32348615
25 8 -0.323554
26 8 -0.3235196
27 8 -0.3235042
28 8 -0.32348907
29 8 -0.3234422
30 8 -0.32327864
0 9 -0.32473984
1 9 -0.325066
2 9 -0.32529917
3 9 -0.32529208
4 9 -0.32532212
5 9 -0.32519102
6 9 -0.3252352
7 9 -0.32579088
8 9 -0.32577232
9 9 -0.32559457
10 9 -0.32547593
11 9 -0.32505843
12 9 -0.3249432
13 9 -0.3250013
14 9 -0.32499057
15 9 -0.32499814
16 9 -0.3253099
17 9 -0.32559288
18 9 -0.32566562
19 9 -0.32569543
20 9 -0.3257174
21 9 -0.3257567
22 9 -0.32576573
23 9 -0.32579282
24 9 -0.32584727
25 9 -0.32580966
26 9 -0.3257948
27 9 -0.32574692
28 9 -0.32569247
29 9 -0.32565734
30 9 -0.3255726
0 10 -0.3256046
1 10 -0.32584435
2 10 -0.32567686
3 10 -0.32579112
4 10 -0.3258016
5 10 -0.32579893
6 10 -0.32570225
7 10 -0.32570225
8 10 -0.3254293
9 10 -0.32512972
10 10 -0.32507503
11 10 -0.32498643
12 10 -0.32492977
13 10 -0.32491416
14 10 -0.324942
15 10 -0.32493442
16 10 -0.32499644
17 10 -0.3249725
18 10 -0.32504013
19 10 -0.3250721
20 10 -0.32538095
21 10 -0.32559776
22 10 -0.32607847
23 10 -0.3261566
24 10 -0.32601306
25 10 -0.3259935
26 10 -0.32597497
27 10 -0.32625133
28 10 -0.32621154
29 10 -0.32645178
30 10 -0.32629454
0 11 -0.3265653
1 11 -0.32669568
2 11 -0.32717296
3 11 -0.32725012
4 11 -0.32693958
5 11 -0.32673377
6 11 -0.32647008
7 11 -0.3264193
8 11 -0.32619226
9 11 -0.32594737
10 11 -0.3258397
11 11 -0.32574105
12 11 -0.32571104
13 11 -0.32571396
14 11 -0.32574522
15 11 -0.32572934
16 11 -0.3257833
17 11 -0.32575694
18 11 -0.32420832
19 11 -0.31156653
20 11 -0.31889355
21 11 -0.3207349
22 11 -0.3216934
23 11 -0.3223162
24 11 -0.32273954
25 11 -0.32311285
26 11 -0.3233377
27 11 -0.32359162
28 11 -0.32372445
29 11 -0.3238819
30 11 -0.32400057
0 12 -0.32476765
1 12 -0.3249554
2 12 -0.3253856
3 12 -0.32566905
4 12 -0.32568932
5 12 -0.32571372
6 12 -0.32550767
7 12 -0.3253944
8 12 -0.3251993
9 12 -0.32500595
10 12 -0.32482332
11 12 -0.32466048
12 12 -0.3246522
13 12 -0.3247098
14 12 -0.3246844
15 12 -0.3217659
16 12 -0.3234349
17 12 -0.32370344
18 12 -0.32374105
19 12 -0.32411066
20 12 -0.32421222
21 12 -0.32279962
22 12 -0.3234759
23 12 -0.323648
24 12 -0.32363263
25 12 -0.32369393
26 12 -0.32373908
27 12 -0.32374567
28 12 -0.32370123
29 12 -0.32369685
30 12 -0.32373884
0 13 -0.32347542
1 13 -0.32353425
2 13 -0.32377034
3 13 -0.32389387
4 13 -0.32382062
5 13 -0.32383382
6 13 -0.3236258
7 13 -0.32345393
8 13 -0.32315168
9 13 -0.3252032
10 13 -0.32458308
11 13 -0.3241822
12 13 -0.3236944
13 13 -0.32356012
14 13 -0.3143603
15 13 -0.3159914
16 13 -0.31922022
17 13 -0.3198821
18 13 -0.31867674
19 13 -0.31996584
20 13 -0.3206272
21 13 -0.32102638
22 13 -0.32128984
23 13 -0.32150346
24 13 -0.3216414
25 13 -0.321679
26 13 -0.32174003
27 13 -0.3217825
28 13 -0.32201347
29 13 -0.3220784
30 13 -0.32209647
0 14 -0.3219832
1 14 -0.32215166
2 14 -0.32212552
3 14 -0.32221317
4 14 -0.3222586
5 14 -0.3222598
6 14 -0.32222173
7 14 -0.3221663
8 14 -0.32203984
9 14 -0.32177764
10 14 -0.32170218
11 14 -0.32169023
12 14 -0.32168388
13 14 -0.32169023
14 14 -0.3216719
15 14 -0.32114482
16 14 -0.30334082
17 14 -0.2791554
18 14 -0.29436412
19 14 -0.29486924
20 14 -0.30163792
21 14 -0.30472097
22 14 -0.30719513
23 14 -0.3030183
24 14 -0.30737752
25 14 -0.3091937
26 14 -0.31038415
27 14 -0.31132898
28 14 -0.31202748
29 14 -0.31259462
30 14 -0.31306583
0 15 -0.3152619
1 15 -0.31568208
2 15 -0.3159814
3 15 -0.31615058
4 15 -0.3163244
5 15 -0.31646016
6 15 -0.31648508
7 15 -0.31650874
8 15 -0.31634787
9 15 -0.31628928
10 15 -0.31628463
11 15 -0.316289
12 15 -0.3163481
13 15 -0.31510028
14 15 -0.3115812
15 15 -0.3136752
16 15 -0.31210828
17 15 -0.31016147
18 15 -0.2819684
19 15 -0.30559182
20 15 -0.30946884
21 15 -0.2899197
22 15 -0.308545
23 15 -0.30802253
24 15 -0.31037608
25 15 -0.31123108
26 15 -0.3118258
27 15 -0.3122201
28 15 -0.31254458
29 15 -0.3127836
30 15 -0.31297672
0 16 -0.31423357
1 16 -0.31443816
2 16 -0.3147055
3 16 -0.31468546
4 16 -0.31471258
5 16 -0.3146684
6 16 -0.3146254
7 16 -0.31438324
8 16 -0.31408098
9 16 -0.3139262
10 16 -0.3137785
11 16 -0.31359074
12 16 -0.3132575
13 16 -0.31206435
14 16 -0.30635893
15 16 -0.30588213
16 16 -0.30677983
17 16 -0.3048179
18 16 -0.3000466
19 16 -0.28850442
20 16 -0.30334374
21 16 -0.2862771
22 16 -0.3031814
23 16 -0.30411452
24 16 -0.30489725
25 16 -0.30534402
26 16 -0.3057244
27 16 -0.30598125
28 16 -0.30624396
29 16 -0.30642828
30 16 -0.30666363
0 17 -0.3072818
1 17 -0.30761507
2 17 -0.3079039
3 17 -0.3079903
4 17 -0.3079632
5 17 -0.30789462
6 17 -0.30780548
7 17 -0.30765486
8 17 -0.30740997
9 17 -0.30742708
10 17 -0.3074366
11 17 -0.30625153
12 17 -0.3052576
13 17 -0.2944703
14 17 -0.30491385
15 17 -0.29959247
16 17 -0.30353394
17 17 -0.28859255
18 17 -0.29939106
19 17 -0.3013872
20 17 -0.3032522
21 17 -0.3041914
22 17 -0.30465725
23 17 -0.30491215
24 17 -0.3052022
25 17 -0.3054141
26 17 -0.30559623
27 17 -0.30570292
28 17 -0.30588773
29 17 -0.30599272
30 17 -0.30608526
0 18 -0.30588627
1 18 -0.30649102
2 18 -0.3070401
3 18 -0.30739826
4 18 -0.30732307
5 18 -0.30725348
6 18 -0.30730915
7 18 -0.30717316
8 18 -0.30701935
9 18 -0.30705598
10 18 -0.3073399
11 18 -0.30646124
12 18 -0.2783346
13 18 -0.30291575
14 18 -0.29905266
15 18 -0.3017651
16 18 -0.30286863
17 18 -0.2853872
18 18 -0.29882
19 18 -0.30029806
20 18 -0.28354925
21 18 -0.29579458
22 18 -0.2961825
23 18 -0.29710612
24 18 -0.29923382
25 18 -0.30033955
26 18 -0.3011252
27 18 -0.30173022
28 18 -0.30219555
29 18 -0.30259082
30 18 -0.30289063
0 19 -0.3014851
1 19 -0.3019626
2 19 -0.30214843
3 19 -0.30226097
4 19 -0.30235082
5 19 -0.30252782
6 19 -0.30257884
7 19 -0.30245116
8 19 -0.30243748
9 19 -0.3024878
10 19 -0.30251
11 19 -0.30148044
12 19 -0.30230686
13 19 -0.30233592
14 19 -0.29936248
15 19 -0.30131882
16 19 -0.30181932
17 19 -0.27541438
18 19 -0.28861648
19 19 -0.2826071
20 19 -0.29174396
21 19 -0.28660813
22 19 -0.2899285
23 19 -0.29388365
24 19 -0.2955607
25 19 -0.2966698
26 19 -0.29749063
27 19 -0.2981376
28 19 -0.29869792
29 19 -0.29921356
30 19 -0.29965937
0 20 -0.29631874
1 20 -0.2973095
2 20 -0.29793963
3 20 -0.2984274
4 20 -0.29927924
5 20 -0.3004389
6 20 -0.30056393
7 20 -0.30064255
8 20 -0.3011567
9 20 -0.30143943
10 20 -0.3017285
11 20 -0.3020344
12 20 -0.30038032
13 20 -0.29913154
14 20 -0.30073994
15 20 -0.30076608
16 20 -0.30184105
17 20 -0.30129537
18 20 -0.2868562
19 20 -0.29715127
20 20 -0.24535702
21 20 -0.26812935
22 20 -0.27693123
23 20 -0.2819948
24 20 -0.28548336
25 20 -0.2880425
26 20 -0.2899671
27 20 -0.29149103
28 20 -0.2927911
29 20 -0.2938768
30 20 -0.29473597
0 21 -0.2961078
1 21 -0.29639784
2 21 -0.29647574
3 21 -0.2965966
4 21 -0.29665712
5 21 -0.29674014
6 21 -0.29681948
7 21 -0.29678214
8 21 -0.29701236
9 21 -0.2972897
10 21 -0.29748282
11 21 -0.29761565
12 21 -0.29781756
13 21 -0.29793572
14 21 -0.27423197
15 21 -0.26743525
16 21 -0.2480348
17 21 -0.26193565
18 21 -0.2757276
19 21 -0.27850303
20 21 -0.28428316
21 21 -0.28433663
22 21 -0.2873435
23 21 -0.28901908
24 21 -0.2901548
25 21 -0.29121172
26 21 -0.29196858
27 21 -0.29258016
28 21 -0.29311216
29 21 -0.2936456
30 21 -0.29428476
0 22 -0.29269686
1 22 -0.29330868
2 22 -0.29389194
3 22 -0.29408726
4 22 -0.2942999
5 22 -0.29451817
6 22 -0.29446447
7 22 -0.2945587
8 22 -0.29478404
9 22 -0.29491174
10 22 -0.29520226
11 22 -0.29544008
12 22 -0.29564247
13 22 -0.295849
14 22 -0.29592323
15 22 -0.29575378
16 22 -0.2959894
17 22 -0.29616395
18 22 -0.28065127
19 22 -0.29137042
20 22 -0.29302645
21 22 -0.29416734
22 22 -0.294838
23 22 -0.2953561
24 22 -0.2957809
25 22 -0.29605213
26 22 -0.2963097
27 22 -0.2965055
28 22 -0.2967455
29 22 -0.29694766
30 22 -0.29709902
0 23 -0.29669788
1 23 -0.29764932
2 23 -0.29808146
3 23 -0.29811856
4 23 -0.29786807
5 23 -0.29765618
6 23 -0.297464
7 23 -0.29809368
8 23 -0.29846185
9 23 -0.29868817
10 23 -0.298694
11 23 -0.29849407
12 23 -0.2985141
13 23 -0.29858294
14 23 -0.29864252
15 23 -0.29871136
16 23 -0.29923016
17 23 -0.2996613
18 23 -0.29986763
19 23 -0.30001852
20 23 -0.30015254
21 23 -0.30039522
22 23 -0.30047187
23 23 -0.30066255
24 23 -0.30072993
25 23 -0.30090207
26 23 -0.30109152
27 23 -0.30118966
28 23 -0.30133957
29 23 -0.30157518
30 23 -0.30177316
0 24 -0.30115622
1 24 -0.30122945
2 24 -0.3017739
3 24 -0.30217966
4 24 -0.30248535
5 24 -0.30243602
6 24 -0.30264208
7 24 -0.3028606
8 24 -0.30308983
9 24 -0.3032671
10 24 -0.303448
11 24 -0.30353954
12 24 -0.303616
13 24 -0.30374146
14 24 -0.30385938
15 24 -0.30411696
16 24 -0.30422413
17 24 -0.3042908
18 24 -0.3043953
19 24 -0.30437574
20 24 -0.3045618
21 24 -0.3045879
22 24 -0.30464822
23 24 -0.30468923
24 24 -0.30474636
25 24 -0.30474076
26 24 -0.30478933
27 24 -0.3049319
28 24 -0.30518803
29 24 -0.30541506
30 24 -0.30550566
0 25 -0.30608696
1 25 -0.3061138
2 25 -0.306304
3 25 -0.3062271
4 25 -0.30618754
5 25 -0.30616167
6 25 -0.3062498
7 25 -0.30628935
8 25 -0.3064749
9 25 -0.30656254
10 25 -0.3064959
11 25 -0.3064693
12 25 -0.3064583
13 25 -0.30651054
14 25 -0.30650052
15 25 -0.3066231
16 25 -0.30667388
17 25 -0.30708283
18 25 -0.30667704
19 25 -0.30656207
20 25 -0.30664384
21 25 -0.3066939
22 25 -0.30673027
23 25 -0.30677837
24 25 -0.3067991
25 25 -0.3069317
26 25 -0.30710334
27 25 -0.30722564
28 25 -0.30729157
29 25 -0.3073819
30 25 -0.30748004
0 26 -0.3082425
1 26 -0.30826277
2 26 -0.30845273
3 26 -0.30853134
4 26 -0.30846468
5 26 -0.30844295
6 26 -0.30850643
7 26 -0.3084571
8 26 -0.30849397
9 26 -0.3085162
10 26 -0.30852523
11 26 -0.3085411
12 26 -0.30857968
13 26 -0.30866024
14 26 -0.30867782
15 26 -0.30878428
16 26 -0.3088663
17 26 -0.30900326
18 26 -0.30897713
19 26 -0.30895445
20 26 -0.30894783
21 26 -0.30903086
22 26 -0.30894175
23 26 -0.3088702
24 26 -0.3088077
25 26 -0.30899692
26 26 -0.30922347
27 26 -0.30938607
28 26 -0.3094188
29 26 -0.30941832
30 26 -0.30950448
0 27 -0.3099674
1 27 -0.30971202
2 27 -0.30969298
3 27 -0.30962655
4 27 -0.30956823
5 27 -0.30951548
6 27 -0.30952108
7 27 -0.30953795
8 27 -0.30956823
9 27 -0.3094481
10 27 -0.3094825
11 27 -0.30943662
12 27 -0.309421
13 27 -0.30959654
14 27 -0.30943272
15 27 -0.30934066
16 27 -0.30926988
17 27 -0.3093038
18 27 -0.30931893
19 27 -0.30970544
20 27 -0.30990195
21 27 -0.3098087
22 27 -0.30978355
23 27 -0.30982238
24 27 -0.30982116
25 27 -0.3099918
26 27 -0.31009752
27 27 -0.31017834
28 27 -0.31012413
29 27 -0.31013316
30 27 -0.31016147
0 28 -0.3113932
1 28 -0.31246522
2 28 -0.3124718
3 28 -0.31186488
4 28 -0.3116896
5 28 -0.31144446
6 28 -0.31140295
7 28 -0.31140614
8 28 -0.3114862
9 28 -0.31150037
10 28 -0.31143445
11 28 -0.31132606
12 28 -0.3112467
13 28 -0.31139782
14 28 -0.31096888
15 28 -0.31099084
16 28 -0.31096202
17 28 -0.3109408
18 28 -0.31113905
19 28 -0.3116703
20 28 -0.31198817
21 28 -0.31187585
22 28 -0.31171864
23 28 -0.31143567
24 28 -0.31124476
25 28 -0.31121838
26 28 -0.3112245
27 28 -0.3112787
28 28 -0.3114347
29 28 -0.3113612
30 28 -0.31136316
0 29 -0.31161708
1 29 -0.31126574
2 29 -0.31112072
3 29 -0.3111217
4 29 -0.31101134
5 29 -0.3108075
6 29 -0.31071204
7 29 -0.31071177
8 29 -0.3106908
9 29 -0.31059754
10 29 -0.3104813
11 29 -0.31039098
12 29 -0.31034264
13 29 -0.31035143
14 29 -0.3102772
15 29 -0.31042784
16 29 -0.31056872
17 29 -0.310693
18 29 -0.3107523
19 29 -0.31077233
20 29 -0.3108651
21 29 -0.3108976
22 29 -0.31096765
23 29 -0.31102037
24 29 -0.31113124
25 29 -0.3114706
26 29 -0.31138757
27 29 -0.31113636
28 29 -0.31107458
29 29 -0.31119323
30 29 -0.31126013
0 30 -0.311005
1 30 -0.31102306
2 30 -0.3114818
3 30 -0.3113009
4 30 -0.3107091
5 30 -0.31059605
6 30 -0.31042564
7 30 -0.31039903
8 30 -0.3103834
9 30 -0.31043786
10 30 -0.31045276
11 30 -0.31048253
12 30 -0.31059214
13 30 -0.3106344
14 30 -0.31072596
15 30 -0.31074938
16 30 -0.31078893
17 30 -0.31085607
18 30 -0.3108644
19 30 -0.31083557
20 30 -0.3109215
21 30 -0.31091908
22 30 -0.3108817
23 30 -0.3108534
24 30 -0.31076404
25 30 -0.310775
26 30 -0.31073865
27 30 -0.31090197
28 30 -0.31106505
29 30 -0.31109166
30 30 -0.31109533
