0 0 0.38094822
1 0 0.38195163
2 0 0.38346657
3 0 0.38441604
4 0 0.3851077
5 0 0.3857598
6 0 0.3861392
7 0 0.38644952
8 0 0.38732916
9 0 0.38860166
10 0 0.38927305
11 0 0.39056993
12 0 0.39172158
13 0 0.39192373
14 0 0.3922892
15 0 0.39278823
16 0 0.39348528
17 0 0.3941696
18 0 0.39497796
19 0 0.39578852
20 0 0.3966872
21 0 0.39745286
22 0 0.3984226
23 0 0.39927563
24 0 0.40045753
25 0 0.40118557
26 0 0.40202984
27 0 0.4030689
28 0 0.40396565
29 0 0.40504014
30 0 0.40640637
31 0 0.40745082
32 0 0.4084452
33 0 0.4091393
34 0 0.40966275
35 0 0.4103559
36 0 0.41099873
37 0 0.41166303
38 0 0.41245407
39 0 0.41296822
40 0 0.41345042
41 0 0.4139614
42 0 0.4145215
43 0 0.41506568
44 0 0.41544604
45 0 0.41590652
46 0 0.41645023
47 0 0.41685355
48 0 0.41733477
49 0 0.41771123
50 0 0.4179312
51 0 0.41865483
52 0 0.41923958
53 0 0.41961482
54 0 0.42008457
55 0 0.4206556
56 0 0.4212042
57 0 0.42174765
58 0 0.42223522
59 0 0.42263293
60 0 0.4232328
0 1 0.4332078
1 1 0.43343022
2 1 0.4334202
3 1 0.43348882
4 1 0.43380302
5 1 0.43375835
6 1 0.43339482
7 1 0.43296415
8 1 0.4324722
9 1 0.43246317
10 1 0.43272805
11 1 0.43331987
12 1 0.43394756
13 1 0.4345352
14 1 0.4350091
15 1 0.4355206
16 1 0.43615413
17 1 0.43681553
18 1 0.43753746
19 1 0.43848717
20 1 0.43918177
21 1 0.43983486
22 1 0.44047695
23 1 0.44102627
24 1 0.4415568
25 1 0.442122
26 1 0.4425446
27 1 0.44298115
28 1 0.44348824
29 1 0.44378072
30 1 0.44437155
31 1 0.44464302
32 1 0.44504857
33 1 0.44555444
34 1 0.44605613
35 1 0.44652954
36 1 0.44700757
37 1 0.4475076
38 1 0.44793117
39 1 0.44849247
40 1 0.44888943
41 1 0.4494671
42 1 0.4499488
43 1 0.4505203
44 1 0.45100105
45 1 0.45153964
46 1 0.45209506
47 1 0.45256382
48 1 0.45301694
49 1 0.4535233
50 1 0.45402405
51 1 0.45453382
52 1 0.45501232
53 1 0.45545107
54 1 0.45579115
55 1 0.4561747
56 1 0.45655507
57 1 0.456934
58 1 0.45731363
59 1 0.45773357
60 1 0.45806047
0 2 0.4663355
1 2 0.46601617
2 2 0.4655728
3 2 0.46516094
4 2 0.46485892
5 2 0.46479276
6 2 0.46439457
7 2 0.46364674
8 2 0.46306396
9 2 0.46294093
10 2 0.46306127
11 2 0.46354225
12 2 0.46391165
13 2 0.46425295
14 2 0.46468046
15 2 0.46510062
16 2 0.46556914
17 2 0.46597588
18 2 0.4665357
19 2 0.4668953
20 2 0.46721444
21 2 0.46757308
22 2 0.4679488
23 2 0.46822566
24 2 0.4685394
25 2 0.46887022
26 2 0.46917343
27 2 0.46954867
28 2 0.46983752
29 2 0.4701356
30 2 0.47050744
31 2 0.47067225
32 2 0.4709662
33 2 0.47118518
34 2 0.47154114
35 2 0.47174817
36 2 0.47203702
37 2 0.4722128
38 2 0.47245425
39 2 0.4726337
40 2 0.47286832
41 2 0.47311172
42 2 0.47340786
43 2 0.4736525
44 2 0.4738969
45 2 0.4740507
46 2 0.4742924
47 2 0.4745722
48 2 0.474653
49 2 0.47479045
50 2 0.47502655
51 2 0.47513056
52 2 0.47531024
53 2 0.475549
54 2 0.47566792
55 2 0.47585663
56 2 0.476081
57 2 0.47617868
58 2 0.47647434
59 2 0.4765793
60 2 0.47672066
0 3 0.4840733
1 3 0.48327643
2 3 0.4824522
3 3 0.48163357
4 3 0.48109427
5 3 0.48102787
6 3 0.48037112
7 3 0.4796365
8 3 0.47906983
9 3 0.47865942
10 3 0.47871044
11 3 0.47901195
12 3 0.47941506
13 3 0.47969288
14 3 0.47996804
15 3 0.48014748
16 3 0.48040968
17 3 0.4806553
18 3 0.48073784
19 3 0.4807803
20 3 0.48087478
21 3 0.4810369
22 3 0.4811348
23 3 0.48129985
24 3 0.4815303
25 3 0.48173442
26 3 0.48199907
27 3 0.48210454
28 3 0.48230743
29 3 0.48254448
30 3 0.4826485
31 3 0.4828875
32 3 0.48307893
33 3 0.48327962
34 3 0.48355988
35 3 0.4836478
36 3 0.4838548
37 3 0.48398176
38 3 0.48415852
39 3 0.48430112
40 3 0.48454207
41 3 0.48466465
42 3 0.48487508
43 3 0.48508945
44 3 0.48526427
45 3 0.4854984
46 3 0.48555478
47 3 0.48562413
48 3 0.4856705
49 3 0.4857196
50 3 0.48563194
51 3 0.48615953
52 3 0.48645568
53 3 0.48663732
54 3 0.48679993
55 3 0.4870016
56 3 0.48718005
57 3 0.4873866
58 3 0.4875514
59 3 0.48765492
60 3 0.48781654
0 4 0.49460253
1 4 0.4943347
2 4 0.4937241
3 4 0.4932214
4 4 0.4930952
5 4 0.49283126
6 4 0.49209395
7 4 0.49148065
8 4 0.49096993
9 4 0.49077263
10 4 0.49084297
11 4 0.4910566
12 4 0.49166793
13 4 0.4920141
14 4 0.4923625
15 4 0.492634
16 4 0.4927363
17 4 0.4929228
18 4 0.49306905
19 4 0.49325827
20 4 0.4935361
21 4 0.49367356
22 4 0.49385154
23 4 0.49411303
24 4 0.49429566
25 4 0.49454078
26 4 0.4946482
27 4 0.49473682
28 4 0.49493384
29 4 0.49511403
30 4 0.4952959
31 4 0.49552298
32 4 0.49564356
33 4 0.4958157
34 4 0.49602395
35 4 0.4962007
36 4 0.49644998
37 4 0.49649906
38 4 0.49658036
39 4 0.49669778
40 4 0.49687552
41 4 0.4970213
42 4 0.49719316
43 4 0.49734527
44 4 0.4976016
45 4 0.49776348
46 4 0.49801615
47 4 0.49819365
48 4 0.49821538
49 4 0.4983831
50 4 0.49853888
51 4 0.49868292
52 4 0.4988553
53 4 0.49898592
54 4 0.49915826
55 4 0.49936873
56 4 0.49950692
57 4 0.49958748
58 4 0.49969783
59 4 0.4998548
60 4 0.49951106
0 5 0.5003587
1 5 0.49941805
2 5 0.49838677
3 5 0.4962012
4 5 0.49598196
5 5 0.4990406
6 5 0.49898273
7 5 0.49830085
8 5 0.49816632
9 5 0.49844927
10 5 0.49875984
11 5 0.49904546
12 5 0.49931672
13 5 0.4996966
14 5 0.5002032
15 5 0.5005726
16 5 0.5007894
17 5 0.50103986
18 5 0.5012828
19 5 0.50153965
20 5 0.50172764
21 5 0.5019586
22 5 0.502172
23 5 0.50240076
24 5 0.5025968
25 5 0.50276357
26 5 0.5030194
27 5 0.50322646
28 5 0.5034608
29 5 0.50363296
30 5 0.50377506
31 5 0.5039872
32 5 0.50416493
33 5 0.50432044
34 5 0.50451994
35 5 0.504695
36 5 0.5048549
37 5 0.5050629
38 5 0.50521743
39 5 0.5053881
40 5 0.50556684
41 5 0.5057241
42 5 0.50586957
43 5 0.5060573
44 5 0.50626725
45 5 0.5064987
46 5 0.50667745
47 5 0.5068737
48 5 0.5070539
49 5 0.5073088
50 5 0.5074399
51 5 0.5075725
52 5 0.5077407
53 5 0.50791305
54 5 0.5080561
55 5 0.50825536
56 5 0.50849116
57 5 0.50847286
58 5 0.5084179
59 5 0.5084399
60 5 0.5083835
0 6 0.5071359
1 6 0.50663936
2 6 0.50596184
3 6 0.50517446
4 6 0.50466204
5 6 0.5064728
6 6 0.5075085
7 6 0.50656855
8 6 0.50600016
9 6 0.5060627
10 6 0.5062585
11 6 0.506643
12 6 0.50680953
13 6 0.50707513
14 6 0.5075102
15 6 0.50814354
16 6 0.508602
17 6 0.5089262
18 6 0.5092429
19 6 0.5095745
20 6 0.50986373
21 6 0.5100935
22 6 0.5103042
23 6 0.5104658
24 6 0.5106816
25 6 0.510835
26 6 0.5110564
27 6 0.51129466
28 6 0.51149046
29 6 0.51167166
30 6 0.5117857
31 6 0.5119761
32 6 0.5121665
33 6 0.5123916
34 6 0.5124309
35 6 0.5124685
36 6 0.51257914
37 6 0.5126961
38 6 0.5127769
39 6 0.51298416
40 6 0.5132071
41 6 0.5133619
42 6 0.5135474
43 6 0.5137325
44 6 0.51390237
45 6 0.5140992
46 6 0.51434064
47 6 0.51455814
48 6 0.5147899
49 6 0.5149915
50 6 0.515002
51 6 0.5150716
52 6 0.5151942
53 6 0.5152855
54 6 0.51538974
55 6 0.5154693
56 6 0.51554453
57 6 0.515607
58 6 0.5156707
59 6 0.51573443
60 6 0.51577276
0 7 0.51571566
1 7 0.5149117
2 7 0.5144053
3 7 0.5136441
4 7 0.5127476
5 7 0.51321733
6 7 0.51459867
7 7 0.51495224
8 7 0.51500934
9 7 0.5151392
10 7 0.5148321
11 7 0.51480204
12 7 0.51497275
13 7 0.5150599
14 7 0.51531065
15 7 0.5154991
16 7 0.5157059
17 7 0.5159564
18 7 0.51617193
19 7 0.51639557
20 7 0.51661384
21 7 0.5167701
22 7 0.5169268
23 7 0.5170743
24 7 0.51726377
25 7 0.51742196
26 7 0.5176024
27 7 0.51781946
28 7 0.5179786
29 7 0.5181207
30 7 0.5183016
31 7 0.5184169
32 7 0.5185482
33 7 0.5187062
34 7 0.51882386
35 7 0.5189359
36 7 0.5190983
37 7 0.5192667
38 7 0.51942
39 7 0.5195839
40 7 0.5198407
41 7 0.51977384
42 7 0.51983976
43 7 0.5199176
44 7 0.5200124
45 7 0.52014565
46 7 0.5202526
47 7 0.5203678
48 7 0.52043885
49 7 0.5204796
50 7 0.52052504
51 7 0.5206168
52 7 0.52063054
53 7 0.52063787
54 7 0.52068377
55 7 0.5207338
56 7 0.5207673
57 7 0.52080506
58 7 0.52082074
59 7 0.5208776
60 7 0.5209045
0 8 0.51808363
1 8 0.5173976
2 8 0.5167701
3 8 0.5161827
4 8 0.51550424
5 8 0.51684016
6 8 0.5192218
7 8 0.5194835
8 8 0.5196383
9 8 0.51980925
10 8 0.5199635
11 8 0.5200238
12 8 0.52027214
13 8 0.5203537
14 8 0.5205021
15 8 0.5207614
16 8 0.5210368
17 8 0.52132607
18 8 0.5215397
19 8 0.52176094
20 8 0.5219328
21 8 0.5220976
22 8 0.5222707
23 8 0.52241373
24 8 0.5225458
25 8 0.5227048
26 8 0.522842
27 8 0.52297384
28 8 0.5230998
29 8 0.52324337
30 8 0.52340156
31 8 0.52351826
32 8 0.5236528
33 8 0.52378535
34 8 0.5239189
35 8 0.52407295
36 8 0.524239
37 8 0.52441597
38 8 0.5245576
39 8 0.52471167
40 8 0.5248193
41 8 0.52496505
42 8 0.52508175
43 8 0.5252248
44 8 0.52539766
45 8 0.5255415
46 8 0.5256907
47 8 0.5258201
48 8 0.5259402
49 8 0.52599025
50 8 0.5260808
51 8 0.5261123
52 8 0.52614987
53 8 0.52613986
54 8 0.52618873
55 8 0.52624416
56 8 0.52625364
57 8 0.5262903
58 8 0.5263225
59 8 0.52634156
60 8 0.5263357
0 9 0.5252961
1 9 0.52471215
2 9 0.52436864
3 9 0.52385104
4 9 0.5226816
5 9 0.52363056
6 9 0.5250036
7 9 0.52510494
8 9 0.52488667
9 9 0.52476925
10 9 0.52463716
11 9 0.5246782
12 9 0.5247551
13 9 0.5248347
14 9 0.52496094
15 9 0.52506566
16 9 0.52529025
17 9 0.52542406
18 9 0.5255486
19 9 0.5256887
20 9 0.5258264
21 9 0.52592576
22 9 0.5260146
23 9 0.5261338
24 9 0.52628464
25 9 0.5264146
26 9 0.52649856
27 9 0.5266487
28 9 0.5267468
29 9 0.52681834
30 9 0.526916
31 9 0.5269666
32 9 0.52704686
33 9 0.5271892
34 9 0.52732277
35 9 0.52738357
36 9 0.52749294
37 9 0.5276536
38 9 0.52778053
39 9 0.52793705
40 9 0.5280879
41 9 0.52819216
42 9 0.5283155
43 9 0.5284588
44 9 0.5285662
45 9 0.52863383
46 9 0.5289029
47 9 0.52887577
48 9 0.52861625
49 9 0.5288265
50 9 0.52887577
51 9 0.5289893
52 9 0.5288675
53 9 0.528804
54 9 0.52875394
55 9 0.52871585
56 9 0.5287071
57 9 0.5287488
58 9 0.5287476
59 9 0.5287437
60 9 0.52875346
0 10 0.52784985
1 10 0.5273125
2 10 0.5270227
3 10 0.52663475
4 10 0.52615553
5 10 0.5273401
6 10 0.52855885
7 10 0.5285403
8 10 0.52838355
9 10 0.5284307
10 10 0.52849174
11 10 0.52854425
12 10 0.5286526
13 10 0.52886724
14 10 0.5290901
15 10 0.529377
16 10 0.5295972
17 10 0.52981526
18 10 0.5299866
19 10 0.5301216
20 10 0.530221
21 10 0.53033525
22 10 0.5304136
23 10 0.5304881
24 10 0.5305821
25 10 0.53069246
26 10 0.5307696
27 10 0.53084457
28 10 0.53092366
29 10 0.5309759
30 10 0.53105843
31 10 0.5311297
32 10 0.5312164
33 10 0.53133065
34 10 0.5314078
35 10 0.53150034
36 10 0.53163606
37 10 0.5317635
38 10 0.531867
39 10 0.5319849
40 10 0.53212947
41 10 0.53226423
42 10 0.53239733
43 10 0.5325016
44 10 0.5326488
45 10 0.53281945
46 10 0.5328707
47 10 0.53289753
48 10 0.5329669
49 10 0.53301793
50 10 0.53303015
51 10 0.53302646
52 10 0.53302914
53 10 0.5330296
54 10 0.53303283
55 10 0.5330487
56 10 0.53307503
57 10 0.533098
58 10 0.53311116
59 10 0.5331349
60 10 0.5331463
0 11 0.5314512
1 11 0.5312298
2 11 0.5310721
3 11 0.5300799
4 11 0.52952003
5 11 0.53142685
6 11 0.53262484
7 11 0.53260213
8 11 0.53266
9 11 0.5327418
10 11 0.5327808
11 11 0.53275496
12 11 0.5327525
13 11 0.53276867
14 11 0.53287584
15 11 0.53296345
16 11 0.5330594
17 11 0.5331659
18 11 0.5332042
19 11 0.53331137
20 11 0.53338903
21 11 0.53345007
22 11 0.5335228
23 11 0.5336056
24 11 0.5337069
25 11 0.5337916
26 11 0.53386146
27 11 0.5339247
28 11 0.53398716
29 11 0.5340589
30 11 0.5341175
31 11 0.53418297
32 11 0.53427356
33 11 0.53436464
34 11 0.53445107
35 11 0.53455603
36 11 0.5346915
37 11 0.53479844
38 11 0.53492445
39 11 0.53504384
40 11 0.5351681
41 11 0.53535485
42 11 0.53545743
43 11 0.53556144
44 11 0.5358974
45 11 0.5357482
46 11 0.5358642
47 11 0.53590417
48 11 0.5359455
49 11 0.535975
50 11 0.53593713
51 11 0.5358161
52 11 0.5357724
53 11 0.53577286
54 11 0.53577626
55 11 0.5357074
56 11 0.5356029
57 11 0.5355927
58 11 0.5355541
59 11 0.5355336
60 11 0.53549576
0 12 0.53622866
1 12 0.5353051
2 12 0.5351664
3 12 0.53399986
4 12 0.5340697
5 12 0.5348744
6 12 0.5348978
7 12 0.53470254
8 12 0.5344901
9 12 0.5344235
10 12 0.5343622
11 12 0.5343705
12 12 0.5344327
13 12 0.5345316
14 12 0.5347235
15 12 0.53487784
16 12 0.5350028
17 12 0.5351049
18 12 0.5352025
19 12 0.53535074
20 12 0.5354735
21 12 0.5354791
22 12 0.5355829
23 12 0.5356713
24 12 0.53578067
25 12 0.53587663
26 12 0.53592664
27 12 0.5360038
28 12 0.5360895
29 12 0.5361591
30 12 0.5362599
31 12 0.5363202
32 12 0.53640765
33 12 0.53647894
34 12 0.5365546
35 12 0.5366439
36 12 0.5367763
37 12 0.53691936
38 12 0.53704727
39 12 0.5371686
40 12 0.5373324
41 12 0.53748065
42 12 0.5376117
43 12 0.53773993
44 12 0.53785443
45 12 0.53794307
46 12 0.538038
47 12 0.5381264
48 12 0.53818476
49 12 0.5382084
50 12 0.538195
51 12 0.5382048
52 12 0.5382021
53 12 0.5380937
54 12 0.53798676
55 12 0.5378903
56 12 0.53790593
57 12 0.5378888
58 12 0.53781855
59 12 0.537685
60 12 0.537621
0 13 0.53746086
1 13 0.53686464
2 13 0.5360783
3 13 0.5351503
4 13 0.53573745
5 13 0.5370502
6 13 0.5376181
7 13 0.53750676
8 13 0.5370885
9 13 0.53687274
10 13 0.5367372
11 13 0.5367365
12 13 0.53681487
13 13 0.5369924
14 13 0.5372299
15 13 0.53744423
16 13 0.5376027
17 13 0.5376723
18 13 0.53776044
19 13 0.53785396
20 13 0.5379164
21 13 0.53797746
22 13 0.5380344
23 13 0.5382382
24 13 0.53823334
25 13 0.5383193
26 13 0.53840816
27 13 0.53846455
28 13 0.5385617
29 13 0.5385749
30 13 0.53868157
31 13 0.53876925
32 13 0.53886616
33 13 0.53892815
34 13 0.5390461
35 13 0.5392165
36 13 0.5393979
37 13 0.53951854
38 13 0.5396801
39 13 0.53981316
40 13 0.5399355
41 13 0.5400376
42 13 0.54013354
43 13 0.54021287
44 13 0.5402866
45 13 0.5394445
46 13 0.5402915
47 13 0.54037035
48 13 0.5403962
49 13 0.54040647
50 13 0.5403857
51 13 0.5403508
52 13 0.5402988
53 13 0.5402851
54 13 0.5402121
55 13 0.5402004
56 13 0.5401635
57 13 0.54018795
58 13 0.5401877
59 13 0.540217
60 13 0.54023165
0 14 0.53906614
1 14 0.53842425
2 14 0.537975
3 14 0.5375163
4 14 0.53840643
5 14 0.53921795
6 14 0.539309
7 14 0.5390283
8 14 0.53884834
9 14 0.5387653
10 14 0.5386
11 14 0.5385153
12 14 0.53857565
13 14 0.5387353
14 14 0.538904
15 14 0.5391264
16 14 0.5393232
17 14 0.5394189
18 14 0.53951705
19 14 0.5396721
20 14 0.5398051
21 14 0.5399067
22 14 0.5399812
23 14 0.5400327
24 14 0.5401359
25 14 0.54020965
26 14 0.540268
27 14 0.54041356
28 14 0.5404638
29 14 0.5404965
30 14 0.5406091
31 14 0.54070944
32 14 0.5408293
33 14 0.5409292
34 14 0.5410266
35 14 0.5411157
36 14 0.54129905
37 14 0.5414756
38 14 0.5416477
39 14 0.5417236
40 14 0.5418623
41 14 0.5419167
42 14 0.541949
43 14 0.5419966
44 14 0.54205054
45 14 0.5420752
46 14 0.54207444
47 14 0.5420976
48 14 0.54207444
49 14 0.5420976
50 14 0.5420188
51 14 0.54194874
52 14 0.5419238
53 14 0.54186964
54 14 0.5418015
55 14 0.54180735
56 14 0.54176515
57 14 0.5417595
58 14 0.5417392
59 14 0.5417478
60 14 0.54184765
0 15 0.53987616
1 15 0.5391596
2 15 0.5387033
3 15 0.53819084
4 15 0.5389426
5 15 0.5401396
6 15 0.5406923
7 15 0.54059565
8 15 0.5404365
9 15 0.54019624
10 15 0.54004294
11 15 0.54003656
12 15 0.5401281
13 15 0.5403205
14 15 0.54051757
15 15 0.5406196
16 15 0.54077196
17 15 0.5408823
18 15 0.54096943
19 15 0.5410261
20 15 0.54112524
21 15 0.5409199
22 15 0.5411682
23 15 0.5413872
24 15 0.54145604
25 15 0.5415869
26 15 0.5416655
27 15 0.54173976
28 15 0.5418262
29 15 0.54191357
30 15 0.54199487
31 15 0.5420884
32 15 0.54220724
33 15 0.542345
34 15 0.54245603
35 15 0.5425808
36 15 0.54274905
37 15 0.54285353
38 15 0.54300976
39 15 0.5431184
40 15 0.5432363
41 15 0.54341114
42 15 0.5435113
43 15 0.54360133
44 15 0.5436455
45 15 0.5436968
46 15 0.54381424
47 15 0.5439248
48 15 0.5438096
49 15 0.54376
50 15 0.54371655
51 15 0.543615
52 15 0.5435784
53 15 0.54351664
54 15 0.54344094
55 15 0.54345924
56 15 0.54344606
57 15 0.54336596
58 15 0.5432793
59 15 0.54319483
60 15 0.5431367
0 16 0.5118486
1 16 0.50832665
2 16 0.5072673
3 16 0.50813055
4 16 0.5109238
5 16 0.5137857
6 16 0.5159996
7 16 0.51789707
8 16 0.52005166
9 16 0.52081996
10 16 0.52166474
11 16 0.5224909
12 16 0.5230854
13 16 0.5242546
14 16 0.52511424
15 16 0.52582836
16 16 0.52649754
17 16 0.5271394
18 16 0.5277669
19 16 0.52846295
20 16 0.5290025
21 16 0.52959377
22 16 0.53012943
23 16 0.5306771
24 16 0.53119415
25 16 0.5316805
26 16 0.5321956
27 16 0.5327569
28 16 0.5332479
29 16 0.5337838
30 16 0.5344003
31 16 0.5349276
32 16 0.53539395
33 16 0.5358502
34 16 0.5362694
35 16 0.5366171
36 16 0.53698844
37 16 0.5374301
38 16 0.5378505
39 16 0.53821236
40 16 0.53869915
41 16 0.53903365
42 16 0.5394638
43 16 0.53986156
44 16 0.54020554
45 16 0.54062206
46 16 0.5409905
47 16 0.5414038
48 16 0.541791
49 16 0.5421272
50 16 0.54248583
51 16 0.54281884
52 16 0.5430999
53 16 0.5434153
54 16 0.5437073
55 16 0.54397047
56 16 0.544252
57 16 0.54452324
58 16 0.5447764
59 16 0.5449746
60 16 0.54518193
0 17 0.5446712
1 17 0.54418755
2 17 0.5437586
3 17 0.5434478
4 17 0.5448028
5 17 0.5462681
6 17 0.5466893
7 17 0.54694146
8 17 0.5472181
9 17 0.5474176
10 17 0.5474395
11 17 0.54752886
12 17 0.54766804
13 17 0.5477979
14 17 0.5478846
15 17 0.54797983
16 17 0.5480721
17 17 0.5481695
18 17 0.54826987
19 17 0.54836774
20 17 0.5484376
21 17 0.5484962
22 17 0.54855186
23 17 0.54857725
24 17 0.54864216
25 17 0.54867756
26 17 0.5487208
27 17 0.54873765
28 17 0.54873616
29 17 0.5487091
30 17 0.54867077
31 17 0.54861337
32 17 0.5484928
33 17 0.54814535
34 17 0.5483775
35 17 0.5481666
36 17 0.54789585
37 17 0.54777646
38 17 0.54797566
39 17 0.5476593
40 17 0.54746836
41 17 0.5473172
42 17 0.54722273
43 17 0.54711187
44 17 0.5470506
45 17 0.54699296
46 17 0.54695684
47 17 0.5469271
48 17 0.5468907
49 17 0.54687995
50 17 0.546876
51 17 0.54685897
52 17 0.5468416
53 17 0.5468448
54 17 0.5468245
55 17 0.5468055
56 17 0.5467808
57 17 0.5467559
58 17 0.54671806
59 17 0.54667926
60 17 0.546627
0 18 0.5449871
1 18 0.5443096
2 18 0.5436519
3 18 0.5431148
4 18 0.54394877
5 18 0.54475564
6 18 0.5448384
7 18 0.54488087
8 18 0.5448963
9 18 0.5447825
10 18 0.544709
11 18 0.54475445
12 18 0.5447984
13 18 0.54483306
14 18 0.54483765
15 18 0.5448169
16 18 0.5448006
17 18 0.54475784
18 18 0.5446856
19 18 0.5446226
20 18 0.5445403
21 18 0.5444634
22 18 0.54437476
23 18 0.5442583
24 18 0.54416406
25 18 0.54406667
26 18 0.5439668
27 18 0.543874
28 18 0.5437759
29 18 0.5436372
30 18 0.54348683
31 18 0.5433369
32 18 0.5431343
33 18 0.54293704
34 18 0.5427888
35 18 0.5426333
36 18 0.5424695
37 18 0.542333
38 18 0.54222506
39 18 0.5422031
40 18 0.5422373
41 18 0.5423569
42 18 0.54248536
43 18 0.54269505
44 18 0.5428252
45 18 0.5430078
46 18 0.54317015
47 18 0.5433931
48 18 0.5435249
49 18 0.543667
50 18 0.5437847
51 18 0.54385084
52 18 0.5439009
53 18 0.5439234
54 18 0.54394263
55 18 0.5439397
56 18 0.54392093
57 18 0.5438831
58 18 0.543823
59 18 0.5437974
60 18 0.5437298
0 19 0.5399204
1 19 0.5394328
2 19 0.5385292
3 19 0.538424
4 19 0.5400483
5 19 0.54081637
6 19 0.5409043
7 19 0.5413093
8 19 0.5414663
9 19 0.54139185
10 19 0.54139525
11 19 0.54137963
12 19 0.54149556
13 19 0.54164624
14 19 0.54179615
15 19 0.5418757
16 19 0.5419448
17 19 0.54199463
18 19 0.5420564
19 19 0.542106
20 19 0.54215866
21 19 0.54220945
22 19 0.54224753
23 19 0.5422744
24 19 0.542312
25 19 0.54234594
26 19 0.54237646
27 19 0.5423711
28 19 0.54236865
29 19 0.54235256
30 19 0.5422971
31 19 0.5421633
32 19 0.5421157
33 19 0.5420395
34 19 0.54200387
35 19 0.5420163
36 19 0.5420474
37 19 0.5421511
38 19 0.54235303
39 19 0.5425769
40 19 0.5427966
41 19 0.5430127
42 19 0.5432412
43 19 0.5434732
44 19 0.54366994
45 19 0.5438489
46 19 0.54401416
47 19 0.5441216
48 19 0.544209
49 19 0.5442686
50 19 0.5441411
51 19 0.54411185
52 19 0.5440391
53 19 0.54397637
54 19 0.543951
55 19 0.54384744
56 19 0.5437881
57 19 0.5437092
58 19 0.54363525
59 19 0.5435923
60 19 0.54353714
0 20 0.5425005
1 20 0.54152393
2 20 0.5407558
3 20 0.5407485
4 20 0.54162985
5 20 0.54184914
6 20 0.5421267
7 20 0.54241335
8 20 0.5425088
9 20 0.54264355
10 20 0.54278004
11 20 0.5429282
12 20 0.5430415
13 20 0.54315627
14 20 0.5433289
15 20 0.54343873
16 20 0.54352397
17 20 0.5436089
18 20 0.543666
19 20 0.543773
20 20 0.54381204
21 20 0.54382914
22 20 0.54386795
23 20 0.5438865
24 20 0.54390776
25 20 0.54391503
26 20 0.54392725
27 20 0.54392236
28 20 0.54390335
29 20 0.54386157
30 20 0.5438125
31 20 0.5437136
32 20 0.5435672
33 20 0.54340917
34 20 0.54334134
35 20 0.5432212
36 20 0.54327494
37 20 0.5435
38 20 0.5436768
39 20 0.54390776
40 20 0.5441587
41 20 0.5444424
42 20 0.5446856
43 20 0.54485744
44 20 0.54504323
45 20 0.5451753
46 20 0.54532033
47 20 0.5454305
48 20 0.54548293
49 20 0.54553545
50 20 0.5455335
51 20 0.54550153
52 20 0.5454693
53 20 0.5454036
54 20 0.54535574
55 20 0.5453089
56 20 0.5452537
57 20 0.5451958
58 20 0.54515094
59 20 0.54511184
60 20 0.54507375
0 21 0.5429966
1 21 0.5424573
2 21 0.5416323
3 21 0.54151314
4 21 0.5429946
5 21 0.54369825
6 21 0.54351664
7 21 0.54325074
8 21 0.5430569
9 21 0.54300636
10 21 0.54321927
11 21 0.5433806
12 21 0.5435969
13 21 0.5437071
14 21 0.5438289
15 21 0.5439248
16 21 0.5440147
17 21 0.5440796
18 21 0.54411256
19 21 0.544168
20 21 0.5442132
21 21 0.54422414
22 21 0.5442571
23 21 0.5442698
24 21 0.5442891
25 21 0.5443426
26 21 0.54427296
27 21 0.54423296
28 21 0.5441685
29 21 0.5440381
30 21 0.54361403
31 21 0.54345024
32 21 0.5435191
33 21 0.5434292
34 21 0.5433862
35 21 0.5433665
36 21 0.54352933
37 21 0.5437161
38 21 0.543918
39 21 0.54420924
40 21 0.5444331
41 21 0.5446304
42 21 0.5447974
43 21 0.5449395
44 21 0.5450679
45 21 0.5452085
46 21 0.5453433
47 21 0.5454178
48 21 0.54543996
49 21 0.54545754
50 21 0.5454551
51 21 0.54541653
52 21 0.54539067
53 21 0.5453604
54 21 0.5453257
55 21 0.54528815
56 21 0.5452576
57 21 0.5452554
58 21 0.5452332
59 21 0.5452163
60 21 0.5452095
0 22 0.54601955
1 22 0.54508793
2 22 0.54452324
3 22 0.54477906
4 22 0.5454236
5 22 0.54534817
6 22 0.5447107
7 22 0.54440796
8 22 0.5441675
9 22 0.5440183
10 22 0.54394925
11 22 0.5439568
12 22 0.54398537
13 22 0.54405326
14 22 0.544127
15 22 0.5442217
16 22 0.5443562
17 22 0.5444268
18 22 0.54450685
19 22 0.5445828
20 22 0.54466313
21 22 0.5447022
22 22 0.54476345
23 22 0.544772
24 22 0.54479957
25 22 0.54481107
26 22 0.5447896
27 22 0.5447659
28 22 0.54458106
29 22 0.54393387
30 22 0.54298586
31 22 0.54184914
32 22 0.54108983
33 22 0.5413015
34 22 0.5420779
35 22 0.266434
36 22 0.43475103
37 22 0.46640557
38 22 0.48236382
39 22 0.49264693
40 22 0.5007674
41 22 0.5085649
42 22 0.5137217
43 22 0.51781946
44 22 0.52112246
45 22 0.5238718
46 22 0.526073
47 22 0.52789575
48 22 0.52942556
49 22 0.5307147
50 22 0.5317742
51 22 0.53270197
52 22 0.53359336
53 22 0.5342992
54 22 0.53490883
55 22 0.5354826
56 22 0.5359584
57 22 0.5364389
58 22 0.5368173
59 22 0.5371381
60 22 0.5374506
0 23 0.5326456
1 23 0.53426206
2 23 0.534953
3 23 0.5361586
4 23 0.53690886
5 23 0.5367839
6 23 0.536769
7 23 0.53695744
8 23 0.5371027
9 23 0.5372936
10 23 0.53758734
11 23 0.53795844
12 23 0.5383642
13 23 0.53859687
14 23 0.53887933
15 23 0.53897214
16 23 0.5392341
17 23 0.5393852
18 23 0.5395861
19 23 0.5397126
20 23 0.5398591
21 23 0.53996724
22 23 0.5400683
23 23 0.5401396
24 23 0.5402507
25 23 0.54032785
26 23 0.5401352
27 23 0.5376176
28 23 0.5374125
29 23 0.53705704
30 23 0.53491735
31 23 0.5365167
32 23 0.53664154
33 23 0.5367804
34 23 0.537362
35 23 -6.032807E-4
36 23 0.17758767
37 23 0.31284317
38 23 0.36677977
39 23 0.3941569
40 23 0.41267502
41 23 0.4273476
42 23 0.43829674
43 23 0.42809933
44 23 0.4526722
45 23 0.462624
46 23 0.47184023
47 23 0.47822338
48 23 0.48344147
49 23 0.48793447
50 23 0.4917524
51 23 0.49505934
52 23 0.49798882
53 23 0.500513
54 23 0.502745
55 23 0.50472474
56 23 0.50649995
57 23 0.5084294
58 23 0.509948
59 23 0.5111453
60 23 0.5123633
0 24 0.5150311
1 24 0.5156509
2 24 0.51588804
3 24 0.51668
4 24 0.5186827
5 24 0.52029777
6 24 0.52069867
7 24 0.52124506
8 24 0.52184904
9 24 0.52244306
10 24 0.52291596
11 24 0.52352434
12 24 0.52411664
13 24 0.52466476
14 24 0.52526975
15 24 0.5256377
16 24 0.52612203
17 24 0.5265244
18 24 0.5268655
19 24 0.52714163
20 24 0.5274292
21 24 0.52769434
22 24 0.527917
23 24 0.5281072
24 24 0.52831864
25 24 0.5282654
26 24 0.5276631
27 24 0.5282149
28 24 0.527917
29 24 0.5279307
30 24 0.52638185
31 24 0.52636135
32 24 0.525697
33 24 0.52648586
34 24 0.5267014
35 24 0.07250184
36 24 0.20979862
37 24 0.34722504
38 24 0.38887557
39 24 0.41114008
40 24 0.425507
41 24 0.43887365
42 24 0.4475481
43 24 0.45731217
44 24 0.46497
45 24 0.47176796
46 24 0.47784057
47 24 0.48286945
48 24 0.4878976
49 24 0.49147114
50 24 0.49450585
51 24 0.49711502
52 24 0.4994742
53 24 0.5014764
54 24 0.50329846
55 24 0.50493056
56 24 0.5064128
57 24 0.5077502
58 24 0.5089709
59 24 0.5104077
60 24 0.511385
0 25 0.5091504
1 25 0.510521
2 25 0.5113284
3 25 0.51300246
4 25 0.5152042
5 25 0.5169078
6 25 0.51818275
7 25 0.51878893
8 25 0.5191444
9 25 0.51956874
10 25 0.519977
11 25 0.5205241
12 25 0.520986
13 25 0.52144814
14 25 0.5218576
15 25 0.52230585
16 25 0.5226484
17 25 0.52305144
18 25 0.5233862
19 25 0.52371407
20 25 0.5239548
21 25 0.5241589
22 25 0.5243816
23 25 0.52459395
24 25 0.5247583
25 25 0.36630931
26 25 0.2819213
27 25 0.430197
28 25 0.45871404
29 25 0.47289273
30 25 0.48179105
31 25 0.48898843
32 25 0.4943501
33 25 0.49873444
34 25 0.5023607
35 25 0.5044892
36 25 0.0032151372
37 25 0.24179985
38 25 0.34292272
39 25 0.36833864
40 25 0.3929169
41 25 0.40902945
42 25 0.42204675
43 25 0.43273732
44 25 0.06263914
45 25 0.3161257
46 25 0.37289536
47 25 0.39670357
48 25 0.41256443
49 25 0.4268432
50 25 0.43648958
51 25 0.44462302
52 25 0.45157796
53 25 0.45759416
54 25 0.46284106
55 25 0.467482
56 25 0.47151673
57 25 0.47510737
58 25 0.47825828
59 25 0.48108134
60 25 0.48412827
0 26 0.4927131
1 26 0.49401978
2 26 0.49498633
3 26 0.49675125
4 26 0.4994222
5 26 0.50164926
6 26 0.5028275
7 26 0.5037702
8 26 0.5044484
9 26 0.5050761
10 26 0.50570625
11 26 0.5063022
12 26 0.50700897
13 26 0.5076767
14 26 0.508249
15 26 0.5087717
16 26 0.50945336
17 26 0.509918
18 26 0.51044333
19 26 0.51080716
20 26 0.511209
21 26 0.5115957
22 26 0.5119234
23 26 0.5120855
24 26 0.5122791
25 26 0.5126206
26 26 0.5125723
27 26 0.5128169
28 26 0.5127774
29 26 0.51271486
30 26 0.5118111
31 26 0.5123638
32 26 0.5122354
33 26 0.51194775
34 26 0.51253223
35 26 0.5129009
36 26 0.0014778058
37 26 0.24589194
38 26 0.33258906
39 26 0.35831627
40 26 0.3854424
41 26 0.405265
42 26 0.418314
43 26 0.42871383
44 26 0.4369984
45 26 0.44514427
46 26 0.45124128
47 26 0.45821306
48 26 0.46379077
49 26 0.4685145
50 26 0.47258365
51 26 0.4761279
52 26 0.4797871
53 26 0.4824417
54 26 0.48480943
55 26 0.48695666
56 26 0.4888964
57 26 0.49068695
58 26 0.49231783
59 26 0.49375755
60 26 0.4951138
0 27 0.49340624
1 27 0.49521095
2 27 0.49645707
3 27 0.49853203
4 27 0.5017394
5 27 0.50389224
6 27 0.5050043
7 27 0.5057504
8 27 0.5064047
9 27 0.50707906
10 27 0.50772893
11 27 0.5084179
12 27 0.508966
13 27 0.5095442
14 27 0.5100586
15 27 0.51055247
16 27 0.5108994
17 27 0.5113345
18 27 0.5117241
19 27 0.51203126
20 27 0.51237845
21 27 0.5126397
22 27 0.51279277
23 27 0.51262945
24 27 0.51267314
25 27 0.5127796
26 27 0.51289654
27 27 0.5129949
28 27 0.5130999
29 27 0.51301813
30 27 0.5122007
31 27 0.5126812
32 27 0.51215166
33 27 0.5114619
34 27 0.51188916
35 27 0.512146
36 27 0.51296806
37 27 0.38268456
38 27 0.44608715
39 27 0.46327272
40 27 0.47286174
41 27 0.4783716
42 27 0.4858932
43 27 0.4914238
44 27 0.4938845
45 27 0.4973123
46 27 0.49905792
47 27 0.5012508
48 27 0.50373864
49 27 0.5055126
50 27 0.5069379
51 27 0.5081589
52 27 0.50923604
53 27 0.5103528
54 27 0.51105297
55 27 0.5117857
56 27 0.5124417
57 27 0.5129529
58 27 0.51351297
59 27 0.5140101
60 27 0.51448715
0 28 0.5147786
1 28 0.5144112
2 28 0.5143858
3 28 0.5141143
4 28 0.5149249
5 28 0.5168995
6 28 0.5179862
7 28 0.5185441
8 28 0.51891834
9 28 0.51919985
10 28 0.5195768
11 28 0.52002454
12 28 0.520454
13 28 0.5208046
14 28 0.52106535
15 28 0.5212558
16 28 0.521453
17 28 0.5216896
18 28 0.52182585
19 28 0.52184904
20 28 0.5219704
21 28 0.5219201
22 28 0.52196527
23 28 0.5219865
24 28 0.5213881
25 28 0.5213781
26 28 0.52152896
27 28 0.5215158
28 28 0.5205241
29 28 0.52047795
30 28 0.51931334
31 28 0.5195812
32 28 0.51845175
33 28 0.51667565
34 28 0.5148233
35 28 0.5148414
36 28 0.18886203
37 28 0.38265136
38 28 0.42866158
39 28 0.44638744
40 28 0.45908
41 28 0.46887338
42 28 0.47708493
43 28 0.4824627
44 28 0.4880177
45 28 0.46515703
46 28 0.48304427
47 28 0.48988494
48 28 0.49566895
49 28 0.49904743
50 28 0.5016837
51 28 0.5038466
52 28 0.5056393
53 28 0.50718695
54 28 0.5085581
55 28 0.5098008
56 28 0.5107847
57 28 0.51171094
58 28 0.51253325
59 28 0.5133492
60 28 0.5139815
0 29 0.50687003
1 29 0.5084902
2 29 0.50973874
3 29 0.51050854
4 29 0.5113496
5 29 0.513316
6 29 0.51561385
7 29 0.5167352
8 29 0.5174398
9 29 0.51806164
10 29 0.5186207
11 29 0.51918614
12 29 0.5197433
13 29 0.5202511
14 29 0.52053994
15 29 0.52082264
16 29 0.5210622
17 29 0.52133685
18 29 0.5215451
19 29 0.52173185
20 29 0.5218539
21 29 0.52174824
22 29 0.5215632
23 29 0.5215734
24 29 0.5215011
25 29 0.5216574
26 29 0.5217084
27 29 0.52158755
28 29 0.5205334
29 29 0.5193444
30 29 0.51998377
31 29 0.5187902
32 29 0.51597565
33 29 0.515815
34 29 0.5103794
35 29 0.50746185
36 29 0.51073366
37 29 0.42282507
38 29 0.47906715
39 29 0.48238873
40 29 0.49202096
41 29 0.4958462
42 29 0.4999637
43 29 0.5050483
44 29 0.5080075
45 29 0.5102517
46 29 0.5118084
47 29 0.51069385
48 29 0.5139998
49 29 0.515752
50 29 0.5169608
51 29 0.5178605
52 29 0.5186964
53 29 0.51939857
54 29 0.52000505
55 29 0.52052456
56 29 0.52098185
57 29 0.5214057
58 29 0.52178705
59 29 0.52201116
60 29 0.52241766
0 30 0.514469
1 30 0.5149363
2 30 0.51603746
3 30 0.51697004
4 30 0.5187335
5 30 0.52019227
6 30 0.5211244
7 30 0.5219103
8 30 0.5225551
9 30 0.5230761
10 30 0.52361053
11 30 0.5239943
12 30 0.52434933
13 30 0.5246772
14 30 0.5248823
15 30 0.52507544
16 30 0.5252595
17 30 0.5254216
18 30 0.5255281
19 30 0.52561426
20 30 0.52547413
21 30 0.52548045
22 30 0.5246828
23 30 0.5240883
24 30 0.52452123
25 30 0.5243005
26 30 0.52442014
27 30 0.52375215
28 30 0.5235361
29 30 0.52220815
30 30 0.52051526
31 30 0.5179879
32 30 0.5167389
33 30 0.50792134
34 30 0.5011002
35 30 0.48326278
36 30 0.45152572
37 30 0.47438884
38 30 0.4574357
39 30 0.45604116
40 30 0.47061
41 30 0.47975296
42 30 0.4885436
43 30 0.49482763
44 30 0.4994759
45 30 0.5031229
46 30 0.5050929
47 30 0.50770724
48 30 0.5108496
49 30 0.51293653
50 30 0.51481646
51 30 0.5160384
52 30 0.5170543
53 30 0.5179532
54 30 0.51875424
55 30 0.5194398
56 30 0.52006143
57 30 0.52062416
58 30 0.52107316
59 30 0.52153265
60 30 0.52192986
0 31 0.5126834
1 31 0.514035
2 31 0.51501083
3 31 0.51624864
4 31 0.5180372
5 31 0.5200956
6 31 0.5212331
7 31 0.52202606
8 31 0.5225239
9 31 0.5228857
10 31 0.52306736
11 31 0.52350116
12 31 0.5238381
13 31 0.5241113
14 31 0.5243708
15 31 0.52451193
16 31 0.5244714
17 31 0.5248933
18 31 0.524989
19 31 0.5249731
20 31 0.52483666
21 31 0.5247441
22 31 0.524747
23 31 0.52332634
24 31 0.52408177
25 31 0.5243613
26 31 0.5241262
27 31 0.5228845
28 31 0.52274674
29 31 0.5204606
30 31 0.51681626
31 31 0.511261
32 31 0.49919268
33 31 0.4804883
34 31 0.47444624
35 31 0.49289134
36 31 0.45245394
37 31 -0.0017551538
38 31 0.2237229
39 31 0.30211914
40 31 0.34071225
41 31 0.36470577
42 31 0.3887037
43 31 0.40481332
44 31 0.4180921
45 31 0.42879832
46 31 0.4381627
47 31 0.44583055
48 31 0.45337585
49 31 0.45973727
50 31 0.46515337
51 31 0.4698258
52 31 0.47393084
53 31 0.47794285
54 31 0.48091948
55 31 0.48362362
56 31 0.4860094
57 31 0.48810878
58 31 0.4900192
59 31 0.49176118
60 31 0.49330392
0 32 0.49082318
1 32 0.4937473
2 32 0.4955574
3 32 0.49709183
4 32 0.49897224
5 32 0.50112337
6 32 0.50235045
7 32 0.5033983
8 32 0.50431263
9 32 0.50510806
10 32 0.5059438
11 32 0.50679046
12 32 0.50766253
13 32 0.5083452
14 32 0.5089292
15 32 0.5094961
16 32 0.51009107
17 32 0.510553
18 32 0.5109006
19 32 0.5111961
20 32 0.51133204
21 32 0.5112603
22 32 0.5114534
23 32 0.5115325
24 32 0.512072
25 32 0.5124065
26 32 0.51251763
27 32 0.51212746
28 32 0.5109712
29 32 0.50775975
30 32 0.5063107
31 32 0.50286144
32 32 0.4945061
33 32 0.4771589
34 32 0.4504517
35 32 0.47262955
36 32 0.47291616
37 32 0.4517164
38 32 0.36988214
39 32 0.38517582
40 32 0.4155918
41 32 0.4380155
42 32 0.45268318
43 32 0.46058738
44 32 0.46886265
45 32 0.47509295
46 32 0.48085722
47 32 0.48522055
48 32 0.48862222
49 32 0.4922126
50 32 0.49497926
51 32 0.49749833
52 32 0.49958673
53 32 0.50125134
54 32 0.50266737
55 32 0.50418884
56 32 0.50523233
57 32 0.50617474
58 32 0.50702316
59 32 0.5078088
60 32 0.5085034
0 33 0.5019227
1 33 0.5036408
2 33 0.5049543
3 33 0.5059318
4 33 0.5071032
5 33 0.5089284
6 33 0.51044726
7 33 0.511021
8 33 0.5115464
9 33 0.51207817
10 33 0.5125171
11 33 0.513043
12 33 0.5135896
13 33 0.51407474
14 33 0.51457965
15 33 0.51493585
16 33 0.5152779
17 33 0.5154918
18 33 0.5158038
19 33 0.51594174
20 33 0.5159505
21 33 0.51600593
22 33 0.5160267
23 33 0.5161217
24 33 0.51609606
25 33 0.516254
26 33 0.5164
27 33 0.5157874
28 33 0.5131543
29 33 0.5109507
30 33 0.5088803
31 33 0.5063625
32 33 0.49265134
33 33 0.43804675
34 33 0.40069705
35 33 0.4160303
36 33 0.42953122
37 33 0.37715763
38 33 -0.0018613565
39 33 0.23982471
40 33 0.30859238
41 33 0.3502268
42 33 0.3678091
43 33 0.3844363
44 33 0.40109453
45 33 0.41320285
46 33 0.42317128
47 33 0.43277884
48 33 0.44086367
49 33 0.44768628
50 33 0.45353135
51 33 0.45869598
52 33 0.4632776
53 33 0.4673885
54 33 0.47096252
55 33 0.47475725
56 33 0.47743186
57 33 0.47986892
58 33 0.48197538
59 33 0.4838951
60 33 0.4856068
0 34 0.48816395
1 34 0.48987564
2 34 0.49083856
3 34 0.49186885
4 34 0.49260837
5 34 0.49405468
6 34 0.49601954
7 34 0.4972903
8 34 0.49807867
9 34 0.498951
10 34 0.4997364
11 34 0.50050426
12 34 0.50147474
13 34 0.5021471
14 34 0.5029225
15 34 0.5035131
16 34 0.5040165
17 34 0.5044743
18 34 0.5048832
19 34 0.5051779
20 34 0.5053146
21 34 0.5053664
22 34 0.5055666
23 34 0.5059042
24 34 0.50622576
25 34 0.5065016
26 34 0.5067375
27 34 0.5062675
28 34 0.50574577
29 34 0.50441444
30 34 0.50135654
31 34 0.48939422
32 34 0.48648718
33 34 0.40443978
34 34 0.33442894
35 34 0.3114313
36 34 0.35641658
37 34 0.41676614
38 34 0.34697944
39 34 -0.0016262456
40 34 0.2193393
41 34 0.30860922
42 34 0.34465152
43 34 0.36395553
44 34 0.38017377
45 34 0.39413542
46 34 0.4056483
47 34 0.41775247
48 34 0.42643034
49 34 0.43388507
50 34 0.44035122
51 34 0.44595215
52 34 0.45088336
53 34 0.4552384
54 34 0.4590705
55 34 0.46251708
56 34 0.46558475
57 34 0.4688314
58 34 0.47129285
59 34 0.47351116
60 34 0.47547236
0 35 0.4726752
1 35 0.47614497
2 35 0.47883105
3 35 0.48093435
4 35 0.4826297
5 35 0.48426276
6 35 0.48635975
7 35 0.4883693
8 35 0.48965374
9 35 0.49094915
10 35 0.49201435
11 35 0.4931655
12 35 0.49432322
13 35 0.49513063
14 35 0.49591848
15 35 0.49668387
16 35 0.49728787
17 35 0.4979095
18 35 0.49845707
19 35 0.49886432
20 35 0.49915582
21 35 0.4992176
22 35 0.49901375
23 35 0.4994466
24 35 0.4997132
25 35 0.5003209
26 35 0.50063854
27 35 0.50039434
28 35 0.49941143
29 35 0.49780986
30 35 0.49503273
31 35 0.48615173
32 35 0.4805796
33 35 0.44124773
34 35 0.4177454
35 35 0.36906472
36 35 0.3827788
37 35 0.3519712
38 35 0.42100424
39 35 0.4384928
40 35 0.44864163
41 35 0.4564596
42 35 0.4638506
43 35 0.45452452
44 35 0.46288598
45 35 0.46871275
46 35 0.4752099
47 35 0.47940406
48 35 0.48346493
49 35 0.48611778
50 35 0.4883212
51 35 0.49022284
52 35 0.49175507
53 35 0.4930952
54 35 0.49433106
55 35 0.49537867
56 35 0.4964275
57 35 0.49734038
58 35 0.4981541
59 35 0.4988814
60 35 0.4995484
0 36 0.49884918
1 36 0.49906477
2 36 0.49951327
3 36 0.49976522
4 36 0.4994693
5 36 0.499545
6 36 0.50045955
7 36 0.5028605
8 36 0.5045924
9 36 0.50522405
10 36 0.5057543
11 36 0.50619674
12 36 0.5065427
13 36 0.50695163
14 36 0.50742453
15 36 0.5077812
16 36 0.5081049
17 36 0.5083847
18 36 0.50862986
19 36 0.50875825
20 36 0.5087751
21 36 0.5088486
22 36 0.50883836
23 36 0.50896627
24 36 0.5091101
25 36 0.50937057
26 36 0.50914985
27 36 0.50728536
28 36 0.5054696
29 36 0.502328
30 36 0.49755767
31 36 0.49074286
32 36 0.48589414
33 36 0.47958496
34 36 0.4464226
35 36 0.40710023
36 36 0.3166096
37 36 0.30828255
38 36 0.38895467
39 36 0.38887948
40 36 0.4282021
41 36 0.44308028
42 36 0.45267612
43 36 0.45848918
44 36 0.4632334
45 36 0.46980357
46 36 0.4764365
47 36 0.47966945
48 36 0.48441634
49 36 0.48740345
50 36 0.4898107
51 36 0.49186006
52 36 0.4935886
53 36 0.4950989
54 36 0.49642262
55 36 0.49761236
56 36 0.49857745
57 36 0.49976498
58 36 0.5006549
59 36 0.501412
60 36 0.5021027
0 37 0.49675807
1 37 0.49838945
2 37 0.49963412
3 37 0.5006219
4 37 0.501421
5 37 0.5021334
6 37 0.5027941
7 37 0.5044545
8 37 0.50583
9 37 0.50645113
10 37 0.5069973
11 37 0.5075334
12 37 0.5079785
13 37 0.5084355
14 37 0.5088652
15 37 0.5092273
16 37 0.5097422
17 37 0.5100234
18 37 0.5102786
19 37 0.5104539
20 37 0.5105386
21 37 0.51055956
22 37 0.5104404
23 37 0.51071316
24 37 0.5107556
25 37 0.5107634
26 37 0.5103901
27 37 0.51016796
28 37 0.5065949
29 37 0.50314784
30 37 0.50108606
31 37 0.49166474
32 37 0.48393807
33 37 0.47778222
34 37 0.4624099
35 37 0.40826648
36 37 0.3700584
37 37 0.3503425
38 37 0.31514642
39 37 0.34452432
40 37 0.4143999
41 37 0.43239918
42 37 0.44549948
43 37 0.4556139
44 37 0.45736295
45 37 0.4651912
46 37 0.47181824
47 37 0.4775869
48 37 0.48294538
49 37 0.48612535
50 37 0.48892424
51 37 0.49126777
52 37 0.49311644
53 37 0.49483815
54 37 0.49607033
55 37 0.49742657
56 37 0.49855742
57 37 0.4996136
58 37 0.50054866
59 37 0.5013856
60 37 0.50214267
0 38 0.49913165
1 38 0.50030845
2 38 0.5012196
3 38 0.502016
4 38 0.50269324
5 38 0.50325865
6 38 0.5036669
7 38 0.5046576
8 38 0.5057277
9 38 0.50638175
10 38 0.50702584
11 38 0.50801337
12 38 0.5087119
13 38 0.5091426
14 38 0.509573
15 38 0.50996506
16 38 0.51034373
17 38 0.5105891
18 38 0.5109416
19 38 0.5111167
20 38 0.5113433
21 38 0.51139456
22 38 0.5114246
23 38 0.51151127
24 38 0.5113938
25 38 0.5117168
26 38 0.5113848
27 38 0.51042455
28 38 0.5085261
29 38 0.50704587
30 38 0.5049211
31 38 0.50180185
32 38 0.48726404
33 38 0.4700028
34 38 0.458559
35 38 0.45305917
36 38 0.44036415
37 38 0.39955372
38 38 0.39138344
39 38 0.36741456
40 38 0.36541185
41 38 0.36186734
42 38 0.38768902
43 38 0.42224205
44 38 0.4410661
45 38 0.45511878
46 38 0.4643003
47 38 0.4713678
48 38 0.47699925
49 38 0.48154423
50 38 0.48585948
51 38 0.48879215
52 38 0.49126434
53 38 0.49328783
54 38 0.49503368
55 38 0.49652883
56 38 0.497856
57 38 0.49900544
58 38 0.50000495
59 38 0.50088704
60 38 0.5017098
0 39 0.50139
1 39 0.50190663
2 39 0.50242907
3 39 0.5028944
4 39 0.50336856
5 39 0.5038185
6 39 0.50409025
7 39 0.50476116
8 39 0.50566375
9 39 0.50644475
10 39 0.5069345
11 39 0.50753903
12 39 0.5084492
13 39 0.50930953
14 39 0.50999093
15 39 0.5106272
16 39 0.51103324
17 39 0.51146585
18 39 0.5117559
19 39 0.51196146
20 39 0.51207525
21 39 0.5120894
22 39 0.5120359
23 39 0.5118516
24 39 0.51191455
25 39 0.51198584
26 39 0.51161283
27 39 0.51097244
28 39 0.51073927
29 39 0.5066381
30 39 0.5016649
31 39 0.49562404
32 39 0.4870929
33 39 0.472193
34 39 0.46377614
35 39 0.4569916
36 39 0.42855343
37 39 0.42404604
38 39 0.44178483
39 39 0.38630107
40 39 0.40604967
41 39 0.4181436
42 39 0.41928717
43 39 0.43835706
44 39 0.45594302
45 39 0.46843588
46 39 0.47599214
47 39 0.48156425
48 39 0.48596373
49 39 0.49007294
50 39 0.49275047
51 39 0.49492702
52 39 0.49678054
53 39 0.49833086
54 39 0.4996363
55 39 0.50076866
56 39 0.50176644
57 39 0.5026478
58 39 0.503412
59 39 0.5041337
60 39 0.5048632
0 40 0.5046171
1 40 0.50505483
2 40 0.50546426
3 40 0.50584954
4 40 0.50620866
5 40 0.5065839
6 40 0.5067817
7 40 0.50735885
8 40 0.50788254
9 40 0.5083066
10 40 0.5086357
11 40 0.5089763
12 40 0.50948584
13 40 0.51008326
14 40 0.5107434
15 40 0.5112647
16 40 0.511857
17 40 0.5122769
18 40 0.51257133
19 40 0.51276857
20 40 0.5130254
21 40 0.5132647
22 40 0.5133514
23 40 0.51338136
24 40 0.5129556
25 40 0.51294756
26 40 0.5131336
27 40 0.51279986
28 40 0.5113345
29 40 0.50892353
30 40 0.5013856
31 40 0.49413866
32 40 0.4882008
33 40 0.4826922
34 40 0.46943223
35 40 0.46934557
36 40 0.47022057
37 40 0.460832
38 40 0.47644773
39 40 0.47483954
40 40 0.4714833
41 40 0.47235075
42 40 0.48839882
43 40 0.49497095
44 40 0.4988846
45 40 0.50160384
46 40 0.50375086
47 40 0.50542814
48 40 0.5068073
49 40 0.5081284
50 40 0.5090012
51 40 0.50983053
52 40 0.5104504
53 40 0.5109502
54 40 0.5114055
55 40 0.5118294
56 40 0.51218164
57 40 0.51252466
58 40 0.5128035
59 40 0.51303667
60 40 0.5133768
0 41 0.51198
1 41 0.5118328
2 41 0.51184374
3 41 0.5118853
4 41 0.51192504
5 41 0.5120039
6 41 0.5120188
7 41 0.5120286
8 41 0.51274395
9 41 0.51346195
10 41 0.51406354
11 41 0.5144097
12 41 0.5148714
13 41 0.5152825
14 41 0.51545566
15 41 0.515887
16 41 0.5162313
17 41 0.5164977
18 41 0.51674205
19 41 0.51701134
20 41 0.5171764
21 41 0.5173182
22 41 0.5174708
23 41 0.5173524
24 41 0.517097
25 41 0.5170726
26 41 0.5173551
27 41 0.5172118
28 41 0.51685655
29 41 0.51492876
30 41 0.509499
31 41 0.5061254
32 41 0.5020287
33 41 0.49977204
34 41 0.4956941
35 41 0.49205172
36 41 0.49099433
37 41 0.49528688
38 41 0.49689555
39 41 0.4970916
40 41 0.50445867
41 41 0.5083352
42 41 0.51060426
43 41 0.51211816
44 41 0.5132715
45 41 0.5142337
46 41 0.51497763
47 41 0.5156939
48 41 0.5162271
49 41 0.5166956
50 41 0.5170953
51 41 0.5174259
52 41 0.51770496
53 41 0.5179254
54 41 0.5181349
55 41 0.51836586
56 41 0.5185521
57 41 0.5187203
58 41 0.51884925
59 41 0.51894885
60 41 0.5190665
0 42 0.5182057
1 42 0.51766664
2 42 0.5172994
3 42 0.5169325
4 42 0.5167701
5 42 0.5166412
6 42 0.5164193
7 42 0.5162447
8 42 0.5173226
9 42 0.51781654
10 42 0.5184127
11 42 0.5188573
12 42 0.5191359
13 42 0.5194313
14 42 0.5197638
15 42 0.519964
16 42 0.52023035
17 42 0.52037126
18 42 0.5204818
19 42 0.5206408
20 42 0.5207526
21 42 0.5207326
22 42 0.520872
23 42 0.5208876
24 42 0.52081096
25 42 0.52074647
26 42 0.5204874
27 42 0.5204208
28 42 0.519798
29 42 0.51699716
30 42 0.51417243
31 42 0.5124053
32 42 0.5054648
33 42 0.50519985
34 42 0.50422746
35 42 0.5062697
36 42 0.507612
37 42 0.5072312
38 42 0.5095264
39 42 0.51359135
40 42 0.51558185
41 42 0.5167291
42 42 0.51818126
43 42 0.51894736
44 42 0.51941544
45 42 0.51986295
46 42 0.5202648
47 42 0.5205231
48 42 0.52078384
49 42 0.5209779
50 42 0.52122796
51 42 0.5214028
52 42 0.52151775
53 42 0.5216706
54 42 0.5217824
55 42 0.52187276
56 42 0.5219386
57 42 0.52200556
58 42 0.522048
59 42 0.5221225
60 42 0.52221626
0 43 0.5208495
1 43 0.5200192
2 43 0.51968884
3 43 0.51947916
4 43 0.5193639
5 43 0.5192645
6 43 0.51921743
7 43 0.5191393
8 43 0.51909924
9 43 0.5195851
10 43 0.5204784
11 43 0.5214147
12 43 0.52201116
13 43 0.52240425
14 43 0.5225983
15 43 0.5227868
16 43 0.52286154
17 43 0.5229233
18 43 0.5230058
19 43 0.5230817
20 43 0.52316743
21 43 0.5232844
22 43 0.52334636
23 43 0.5233723
24 43 0.52340573
25 43 0.52347356
26 43 0.523383
27 43 0.5231989
28 43 0.5234118
29 43 0.52188814
30 43 0.51800865
31 43 0.5140625
32 43 0.5072292
33 43 0.51033837
34 43 0.51113474
35 43 0.5068911
36 43 0.5101572
37 43 0.51179934
38 43 0.5157987
39 43 0.5182118
40 43 0.5193605
41 43 0.5203295
42 43 0.52116424
43 43 0.5218703
44 43 0.52235
45 43 0.5227387
46 43 0.5230622
47 43 0.5233327
48 43 0.5235661
49 43 0.5238127
50 43 0.5239228
51 43 0.5240827
52 43 0.52415574
53 43 0.52422166
54 43 0.5243508
55 43 0.52441376
56 43 0.5244079
57 43 0.5244621
58 43 0.52452904
59 43 0.52458054
60 43 0.5246389
0 44 0.5236826
1 44 0.5229416
2 44 0.522509
3 44 0.5223205
4 44 0.52214396
5 44 0.52206415
6 44 0.5219936
7 44 0.5219662
8 44 0.5219455
9 44 0.52193475
10 44 0.5219211
11 44 0.5215519
12 44 0.5218586
13 44 0.52303827
14 44 0.5241872
15 44 0.5245378
16 44 0.5247104
17 44 0.5247292
18 44 0.5248242
19 44 0.524989
20 44 0.5251965
21 44 0.5253901
22 44 0.5255061
23 44 0.52561057
24 44 0.5257239
25 44 0.5257932
26 44 0.5258569
27 44 0.5258589
28 44 0.525521
29 44 0.525478
30 44 0.5248122
31 44 0.5243972
32 44 0.52388495
33 44 0.5233703
34 44 0.5236613
35 44 0.52324724
36 44 0.5237863
37 44 0.5248864
38 44 0.525365
39 44 0.5255627
40 44 0.5255952
41 44 0.5258244
42 44 0.5260478
43 44 0.52623194
44 44 0.52642846
45 44 0.526541
46 44 0.52668065
47 44 0.52678955
48 44 0.52686965
49 44 0.52694213
50 44 0.5269944
51 44 0.5270288
52 44 0.52706254
53 44 0.5270945
54 44 0.5270933
55 44 0.5271223
56 44 0.5271482
57 44 0.52717674
58 44 0.52721435
59 44 0.5272346
60 44 0.5272366
0 45 0.52569115
1 45 0.5249604
2 45 0.52456075
3 45 0.5242722
4 45 0.52410275
5 45 0.52399725
6 45 0.52393013
7 45 0.5238854
8 45 0.5238608
9 45 0.5238481
10 45 0.5238486
11 45 0.52382493
12 45 0.52354294
13 45 0.5238044
14 45 0.5249353
15 45 0.52571434
16 45 0.5261504
17 45 0.52634007
18 45 0.52638036
19 45 0.52648586
20 45 0.5266709
21 45 0.5268572
22 45 0.52700025
23 45 0.52715284
24 45 0.5272205
25 45 0.5273872
26 45 0.5274617
27 45 0.52753174
28 45 0.52743846
29 45 0.52741605
30 45 0.526917
31 45 0.5269045
32 45 0.5268225
33 45 0.5269004
34 45 0.5266819
35 45 0.5264763
36 45 0.5268032
37 45 0.527042
38 45 0.52723706
39 45 0.52730715
40 45 0.52728224
41 45 0.527436
42 45 0.52761596
43 45 0.527728
44 45 0.52785254
45 45 0.52794755
46 45 0.52800953
47 45 0.52808666
48 45 0.5281453
49 45 0.5281656
50 45 0.5281812
51 45 0.5281929
52 45 0.528198
53 45 0.52816606
54 45 0.52812916
55 45 0.52807593
56 45 0.52811086
57 45 0.528034
58 45 0.52803564
59 45 0.52799976
60 45 0.5279754
0 46 0.52767116
1 46 0.5270798
2 46 0.52680737
3 46 0.5266255
4 46 0.52650267
5 46 0.52640647
6 46 0.5263833
7 46 0.5263103
8 46 0.5261855
9 46 0.5262712
10 46 0.5262393
11 46 0.5262024
12 46 0.5261018
13 46 0.52594507
14 46 0.5262329
15 46 0.52675974
16 46 0.527365
17 46 0.52766407
18 46 0.5276399
19 46 0.5275574
20 46 0.5277688
21 46 0.5279627
22 46 0.5281643
23 46 0.5283269
24 46 0.5284602
25 46 0.52854717
26 46 0.5286314
27 46 0.5287005
28 46 0.5287515
29 46 0.5287791
30 46 0.5287725
31 46 0.52877104
32 46 0.5287466
33 46 0.5287247
34 46 0.528712
35 46 0.5287141
36 46 0.52871853
37 46 0.5287566
38 46 0.52878886
39 46 0.5287154
40 46 0.52866924
41 46 0.52877617
42 46 0.52885157
43 46 0.5289954
44 46 0.52915895
45 46 0.5292364
46 46 0.52929616
47 46 0.5293394
48 46 0.52935183
49 46 0.5293594
50 46 0.5293738
51 46 0.5293658
52 46 0.5293602
53 46 0.5293372
54 46 0.5292947
55 46 0.52929324
56 46 0.5292852
57 46 0.52922416
58 46 0.5292117
59 46 0.52919024
60 46 0.5291692
0 47 0.52937186
1 47 0.52880543
2 47 0.52848804
3 47 0.5283113
4 47 0.5281336
5 47 0.528043
6 47 0.52795804
7 47 0.52789575
8 47 0.5278382
9 47 0.52779883
10 47 0.5277718
11 47 0.52774096
12 47 0.5276502
13 47 0.5279639
14 47 0.52857035
15 47 0.5286018
16 47 0.5284256
17 47 0.52824855
18 47 0.5281162
19 47 0.52796316
20 47 0.5281917
21 47 0.5284143
22 47 0.5285198
23 47 0.5286917
24 47 0.5287962
25 47 0.52891874
26 47 0.5290208
27 47 0.5291524
28 47 0.5292315
29 47 0.52935135
30 47 0.5294092
31 47 0.52948713
32 47 0.52954006
33 47 0.5295879
34 47 0.52964216
35 47 0.5297137
36 47 0.5297923
37 47 0.5298401
38 47 0.5299102
39 47 0.5298443
40 47 0.529785
41 47 0.5299236
42 47 0.5300706
43 47 0.5302176
44 47 0.53032845
45 47 0.53040487
46 47 0.5304705
47 47 0.53057235
48 47 0.530659
49 47 0.53072053
50 47 0.5307506
51 47 0.53076446
52 47 0.5307796
53 47 0.53079206
54 47 0.5307896
55 47 0.53079695
56 47 0.5308172
57 47 0.5308155
58 47 0.53081524
59 47 0.5307486
60 47 0.5307918
0 48 0.5301707
1 48 0.529377
2 48 0.52888507
3 48 0.5285742
4 48 0.5283694
5 48 0.52823734
6 48 0.52810794
7 48 0.52801687
8 48 0.52791625
9 48 0.5278587
10 48 0.52783865
11 48 0.5278208
12 48 0.5278235
13 48 0.5276997
14 48 0.5278816
15 48 0.5286958
16 48 0.52936625
17 48 0.529731
18 48 0.52971417
19 48 0.52947074
20 48 0.5292251
21 48 0.52939606
22 48 0.5294175
23 48 0.52942216
24 48 0.5296487
25 48 0.5298477
26 48 0.5299715
27 48 0.53008133
28 48 0.53020877
29 48 0.53029495
30 48 0.5304205
31 48 0.5304832
32 48 0.5305589
33 48 0.5307471
34 48 0.53075224
35 48 0.5308277
36 48 0.53091776
37 48 0.5308548
38 48 0.5308897
39 48 0.53077716
40 48 0.53078204
41 48 0.53082085
42 48 0.53092074
43 48 0.5309627
44 48 0.5316519
45 48 0.53144145
46 48 0.5314754
47 48 0.53154427
48 48 0.5316087
49 48 0.5316583
50 48 0.5315291
51 48 0.53164726
52 48 0.53164047
53 48 0.5316617
54 48 0.53168267
55 48 0.5316703
56 48 0.5316632
57 48 0.53167295
58 48 0.5316817
59 48 0.5316683
60 48 0.53165025
0 49 0.53096443
1 49 0.53011066
2 49 0.5296189
3 49 0.52926373
4 49 0.5289856
5 49 0.5288299
6 49 0.52871
7 49 0.52861893
8 49 0.5285261
9 49 0.5284656
10 49 0.52842116
11 49 0.5284173
12 49 0.5283953
13 49 0.5283938
14 49 0.5284202
15 49 0.5289202
16 49 0.5294471
17 49 0.529981
18 49 0.53037435
19 49 0.5305484
20 49 0.53073907
21 49 0.5309041
22 49 0.53114486
23 49 0.531307
24 49 0.53145736
25 49 0.53166974
26 49 0.53174126
27 49 0.53178746
28 49 0.5318358
29 49 0.53185457
30 49 0.53190464
31 49 0.5319427
32 49 0.5319757
33 49 0.53202134
34 49 0.5320894
35 49 0.53212607
36 49 0.532158
37 49 0.5322083
38 49 0.5322337
39 49 0.532213
40 49 0.5323607
41 49 0.53241146
42 49 0.5324488
43 49 0.5324979
44 49 0.53250694
45 49 0.5325604
46 49 0.53259116
47 49 0.53261095
48 49 0.5326339
49 49 0.53263146
50 49 0.53262365
51 49 0.5326119
52 49 0.5325958
53 49 0.53258556
54 49 0.5325731
55 49 0.53253645
56 49 0.5325243
57 49 0.53251326
58 49 0.53247595
59 49 0.5323836
60 49 0.53239095
0 50 0.53280747
1 50 0.5317926
2 50 0.5310736
3 50 0.53048617
4 50 0.5301243
5 50 0.5298799
6 50 0.5296902
7 50 0.52952933
8 50 0.5294285
9 50 0.52935964
10 50 0.5292686
11 50 0.5292068
12 50 0.52918977
13 50 0.529178
14 50 0.529052
15 50 0.52932256
16 50 0.52989215
17 50 0.5304134
18 50 0.5307918
19 50 0.5310987
20 50 0.5313521
21 50 0.53148055
22 50 0.53172857
23 50 0.53194195
24 50 0.5321065
25 50 0.5322655
26 50 0.532389
27 50 0.5324542
28 50 0.53249276
29 50 0.532568
30 50 0.53263146
31 50 0.5326766
32 50 0.53273374
33 50 0.53276813
34 50 0.53280747
35 50 0.53283703
36 50 0.5328646
37 50 0.5329242
38 50 0.5329669
39 50 0.5330091
40 50 0.5330367
41 50 0.5330919
42 50 0.5331195
43 50 0.5331131
44 50 0.5331578
45 50 0.5331854
46 50 0.53321713
47 50 0.5332047
48 50 0.53325254
49 50 0.53329086
50 50 0.5333055
51 50 0.5333021
52 50 0.5332872
53 50 0.5332916
54 50 0.5332367
55 50 0.53323054
56 50 0.53320545
57 50 0.5331844
58 50 0.53315294
59 50 0.53313196
60 50 0.53308094
0 51 0.5329901
1 51 0.5321983
2 51 0.53172857
3 51 0.53140265
4 51 0.5311175
5 51 0.53094125
6 51 0.5308326
7 51 0.5307176
8 51 0.5306187
9 51 0.5305286
10 51 0.53045297
11 51 0.53041923
12 51 0.5303846
13 51 0.53034794
14 51 0.5303182
15 51 0.5304754
16 51 0.53113115
17 51 0.53145224
18 51 0.5315838
19 51 0.5317086
20 51 0.5316837
21 51 0.531712
22 51 0.53177476
23 51 0.5320267
24 51 0.53218955
25 51 0.53235143
26 51 0.5324232
27 51 0.53252107
28 51 0.532618
29 51 0.53269833
30 51 0.53276575
31 51 0.5327914
32 51 0.53282726
33 51 0.53286755
34 51 0.5328966
35 51 0.53295666
36 51 0.53299665
37 51 0.53304917
38 51 0.53311557
39 51 0.5331732
40 51 0.5332169
41 51 0.533284
42 51 0.53332406
43 51 0.53335094
44 51 0.533371
45 51 0.53341
46 51 0.53339857
47 51 0.533337
48 51 0.5333993
49 51 0.5334579
50 51 0.5334977
51 51 0.5335162
52 51 0.53352404
53 51 0.53352135
54 51 0.533492
55 51 0.5334593
56 51 0.5334728
57 51 0.53346497
58 51 0.53344226
59 51 0.53344274
60 51 0.533431
0 52 0.5331224
1 52 0.53259236
2 52 0.5322704
3 52 0.5320228
4 52 0.531868
5 52 0.5317479
6 52 0.5316073
7 52 0.5314483
8 52 0.53180206
9 52 0.53191364
10 52 0.5318126
11 52 0.5317869
12 52 0.5316385
13 52 0.5315887
14 52 0.5317083
15 52 0.5318631
16 52 0.5319957
17 52 0.5320699
18 52 0.5321956
19 52 0.532348
20 52 0.53244126
21 52 0.53252107
22 52 0.5326329
23 52 0.5326959
24 52 0.5327398
25 52 0.5327914
26 52 0.5328204
27 52 0.5328875
28 52 0.5329561
29 52 0.5329752
30 52 0.53303015
31 52 0.5330853
32 52 0.5330997
33 52 0.5331781
34 52 0.5332325
35 52 0.5333309
36 52 0.53341395
37 52 0.5334559
38 52 0.53352916
39 52 0.5336058
40 52 0.53364587
41 52 0.5336947
42 52 0.5337181
43 52 0.533744
44 52 0.5337843
45 52 0.5338187
46 52 0.53383875
47 52 0.53386706
48 52 0.53388685
49 52 0.53389513
50 52 0.5338688
51 52 0.5338226
52 52 0.53383434
53 52 0.53383726
54 52 0.5338299
55 52 0.5338131
56 52 0.53381455
57 52 0.5337967
58 52 0.5337958
59 52 0.53379184
60 52 0.5337767
0 53 0.53335434
1 53 0.5328165
2 53 0.53252035
3 53 0.5323665
4 53 0.53221637
5 53 0.53216
6 53 0.5320345
7 53 0.5319573
8 53 0.5318895
9 53 0.5318316
10 53 0.5317352
11 53 0.5317713
12 53 0.53183967
13 53 0.53174275
14 53 0.5316717
15 53 0.5315931
16 53 0.53170025
17 53 0.53240025
18 53 0.53276086
19 53 0.5327774
20 53 0.53284895
21 53 0.5328304
22 53 0.53292954
23 53 0.5330536
24 53 0.53335774
25 53 0.5335133
26 53 0.533516
27 53 0.5335919
28 53 0.53363705
29 53 0.53362876
30 53 0.53363025
31 53 0.53363436
32 53 0.5336014
33 53 0.5336136
34 53 0.533671
35 53 0.5337323
36 53 0.53377086
37 53 0.5338256
38 53 0.53387636
39 53 0.53389585
40 53 0.5339471
41 53 0.53396815
42 53 0.5340011
43 53 0.53403527
44 53 0.5340843
45 53 0.53410095
46 53 0.5341505
47 53 0.5342059
48 53 0.5342594
49 53 0.5342809
50 53 0.534295
51 53 0.53431016
52 53 0.534317
53 53 0.5343302
54 53 0.5343246
55 53 0.5343451
56 53 0.5343771
57 53 0.5343534
58 53 0.5343925
59 53 0.53437877
60 53 0.53437877
0 54 0.53656876
1 54 0.5354684
2 54 0.5347445
3 54 0.5340443
4 54 0.5336349
5 54 0.5332706
6 54 0.5329603
7 54 0.5327601
8 54 0.53254867
9 54 0.53241634
10 54 0.5322628
11 54 0.53209776
12 54 0.532035
13 54 0.53194225
14 54 0.53192246
15 54 0.5324923
16 54 0.533139
17 54 0.53340584
18 54 0.53342
19 54 0.53349984
20 54 0.53363633
21 54 0.5338575
22 54 0.534119
23 54 0.5343954
24 54 0.5345829
25 54 0.534705
26 54 0.53476185
27 54 0.53480554
28 54 0.5348617
29 54 0.5348915
30 54 0.53491807
31 54 0.534953
32 54 0.53497034
33 54 0.53496426
34 54 0.53498477
35 54 0.53503555
36 54 0.5350365
37 54 0.5350636
38 54 0.535078
39 54 0.53508145
40 54 0.5351293
41 54 0.53513956
42 54 0.535139
43 54 0.5351632
44 54 0.53517836
45 54 0.53520083
46 54 0.5352211
47 54 0.5352421
48 54 0.53527623
49 54 0.5352946
50 54 0.53530407
51 54 0.5353031
52 54 0.5352924
53 54 0.5352755
54 54 0.5352675
55 54 0.535274
56 54 0.5352684
57 54 0.5352174
58 54 0.5351962
59 54 0.5352145
60 54 0.53518444
0 55 0.5349159
1 55 0.5344745
2 55 0.5340221
3 55 0.5337296
4 55 0.53340906
5 55 0.5334085
6 55 0.533337
7 55 0.53321105
8 55 0.5331285
9 55 0.5330707
10 55 0.53302085
11 55 0.5329872
12 55 0.5329723
13 55 0.53294665
14 55 0.5329364
15 55 0.53292954
16 55 0.5330145
17 55 0.5335677
18 55 0.533952
19 55 0.5339435
20 55 0.53398865
21 55 0.5341156
22 55 0.53431016
23 55 0.534444
24 55 0.53453577
25 55 0.5346842
26 55 0.5348002
27 55 0.5348485
28 55 0.534902
29 55 0.5349271
30 55 0.5349784
31 55 0.53501916
32 55 0.53504676
33 55 0.53504944
34 55 0.53492224
35 55 0.5348915
36 55 0.53491616
37 55 0.53496695
38 55 0.534996
39 55 0.5350741
40 55 0.53510046
41 55 0.535172
42 55 0.535204
43 55 0.53522354
44 55 0.53530604
45 55 0.53537047
46 55 0.53539395
47 55 0.53542274
48 55 0.5354562
49 55 0.5354755
50 55 0.53551066
51 55 0.5355292
52 55 0.5355409
53 55 0.5355277
54 55 0.5355419
55 55 0.53555846
56 55 0.5355482
57 55 0.53554726
58 55 0.5355539
59 55 0.5355502
60 55 0.53554505
0 56 0.5356967
1 56 0.53493273
2 56 0.53450406
3 56 0.53425014
4 56 0.5340362
5 56 0.53388095
6 56 0.5337921
7 56 0.53373426
8 56 0.53367347
9 56 0.5336249
10 56 0.5335858
11 56 0.5335336
12 56 0.5335438
13 56 0.5335299
14 56 0.53352034
15 56 0.5335677
16 56 0.5337809
17 56 0.53437537
18 56 0.5345382
19 56 0.5345219
20 56 0.5345868
21 56 0.53480285
22 56 0.5349616
23 56 0.5351381
24 56 0.5353778
25 56 0.5355468
26 56 0.5357079
27 56 0.53586316
28 56 0.5359623
29 56 0.5360204
30 56 0.5361449
31 56 0.53618544
32 56 0.5362758
33 56 0.53636146
34 56 0.53641057
35 56 0.536456
36 56 0.53651994
37 56 0.5365512
38 56 0.5365761
39 56 0.53661126
40 56 0.53662175
41 56 0.5366371
42 56 0.5366742
43 56 0.5366728
44 56 0.5367069
45 56 0.53673255
46 56 0.536747
47 56 0.53674793
48 56 0.53675795
49 56 0.5367682
50 56 0.5367858
51 56 0.5367753
52 56 0.5367665
53 56 0.5367409
54 56 0.53671306
55 56 0.53675383
56 56 0.53671086
57 56 0.5366928
58 56 0.53668106
59 56 0.5366659
60 56 0.53664297
0 57 0.536162
1 57 0.53546596
2 57 0.5350062
3 57 0.53473574
4 57 0.53449917
5 57 0.5343607
6 57 0.5341825
7 57 0.534099
8 57 0.5339711
9 57 0.53392833
10 57 0.53389317
11 57 0.5338666
12 57 0.53384215
13 57 0.5338207
14 57 0.5337987
15 57 0.53381675
16 57 0.5336986
17 57 0.5337423
18 57 0.53435045
19 57 0.534994
20 57 0.535225
21 57 0.5353954
22 57 0.5354989
23 57 0.5356132
24 57 0.53581434
25 57 0.5359701
26 57 0.53614736
27 57 0.53631604
28 57 0.5364403
29 57 0.53650355
30 57 0.5365873
31 57 0.53663224
32 57 0.53671646
33 57 0.53674746
34 57 0.53675944
35 57 0.5367968
36 57 0.53681487
37 57 0.53682315
38 57 0.5368476
39 57 0.5368786
40 57 0.53690153
41 57 0.5369213
42 57 0.5369076
43 57 0.5369218
44 57 0.5369213
45 57 0.5369252
46 57 0.53694767
47 57 0.5369799
48 57 0.5370016
49 57 0.536984
50 57 0.5369938
51 57 0.53696185
52 57 0.53698015
53 57 0.5369132
54 57 0.53697306
55 57 0.53696084
56 57 0.5369733
57 57 0.53696644
58 57 0.53695303
59 57 0.5369262
60 57 0.5369062
0 58 0.53584313
1 58 0.5352916
2 58 0.5347777
3 58 0.5345409
4 58 0.53439635
5 58 0.5342528
6 58 0.5341542
7 58 0.53407943
8 58 0.5340314
9 58 0.5339901
10 58 0.53396034
11 58 0.5339281
12 58 0.533923
13 58 0.53392005
14 58 0.5339244
15 58 0.533942
16 58 0.53395545
17 58 0.533952
18 58 0.53390175
19 58 0.53413904
20 58 0.53473717
21 58 0.5350741
22 58 0.5353341
23 58 0.5355392
24 58 0.535766
25 58 0.535838
26 58 0.5360712
27 58 0.5363771
28 58 0.5365634
29 58 0.53674823
30 58 0.53685415
31 58 0.5369316
32 58 0.5370502
33 58 0.5370927
34 58 0.5371183
35 58 0.5372123
36 58 0.5372924
37 58 0.5373532
38 58 0.53738153
39 58 0.537394
40 58 0.5374191
41 58 0.5374179
42 58 0.53741765
43 58 0.5374257
44 58 0.53742474
45 58 0.53744864
46 58 0.5374633
47 58 0.5374753
48 58 0.5374802
49 58 0.5374662
50 58 0.5374858
51 58 0.53744817
52 58 0.53743887
53 58 0.53740835
54 58 0.5374081
55 58 0.53740716
56 58 0.5373874
57 58 0.53737026
58 58 0.53734976
59 58 0.53732026
60 58 0.5372314
0 59 0.5377438
1 59 0.5369281
2 59 0.53645694
3 59 0.5360792
4 59 0.53578264
5 59 0.53554875
6 59 0.53539246
7 59 0.5352252
8 59 0.5350861
9 59 0.5349818
10 59 0.5349022
11 59 0.53483164
12 59 0.53478235
13 59 0.5347401
14 59 0.5347108
15 59 0.534662
16 59 0.5346632
17 59 0.5346434
18 59 0.53463954
19 59 0.5346305
20 59 0.5346278
21 59 0.53461707
22 59 0.5344427
23 59 0.53474987
24 59 0.53489196
25 59 0.53523767
26 59 0.5354484
27 59 0.5354999
28 59 0.5355553
29 59 0.5357294
30 59 0.5360602
31 59 0.53642225
32 59 0.5366786
33 59 0.5368356
34 59 0.5370226
35 59 0.5371591
36 59 0.5373232
37 59 0.5373783
38 59 0.53743935
39 59 0.53747475
40 59 0.5375268
41 59 0.53756535
42 59 0.5375966
43 59 0.53761834
44 59 0.5376701
45 59 0.53771526
46 59 0.5376801
47 59 0.5376598
48 59 0.5376508
49 59 0.5376335
50 59 0.5376244
51 59 0.5375968
52 59 0.53756684
53 59 0.5375353
54 59 0.5375031
55 59 0.53747696
56 59 0.53744376
57 59 0.53742373
58 59 0.5373932
59 59 0.5373732
60 59 0.53733295
0 60 0.5369374
1 60 0.53628796
2 60 0.53564
3 60 0.53527015
4 60 0.5350292
5 60 0.53484946
6 60 0.53477967
7 60 0.5346786
8 60 0.5346029
9 60 0.53450966
10 60 0.5345001
11 60 0.53444934
12 60 0.5344569
13 60 0.5344518
14 60 0.53445864
15 60 0.534473
16 60 0.5344852
17 60 0.5345311
18 60 0.53454846
19 60 0.53455263
20 60 0.5346588
21 60 0.5346398
22 60 0.5345712
23 60 0.53476626
24 60 0.53516394
25 60 0.5356056
26 60 0.5359945
27 60 0.53597474
28 60 0.5358988
29 60 0.5358832
30 60 0.53597844
31 60 0.5362626
32 60 0.5365375
33 60 0.53674334
34 60 0.5368695
35 60 0.536967
36 60 0.53708756
37 60 0.5371947
38 60 0.5372907
39 60 0.5373551
40 60 0.53741497
41 60 0.53741884
42 60 0.5374364
43 60 0.53745794
44 60 0.5374672
45 60 0.53749555
46 60 0.53752655
47 60 0.53757656
48 60 0.5375912
49 60 0.53768426
50 60 0.5375353
51 60 0.5375839
52 60 0.53757757
53 60 0.5375707
54 60 0.53752774
55 60 0.5375595
56 60 0.5375485
57 60 0.53750604
58 60 0.5375304
59 60 0.5375168
60 60 0.5374789
