0 0 -0.2924454
1 0 -0.29241413
2 0 -0.29270712
3 0 -0.29277402
4 0 -0.29293954
5 0 -0.29320785
6 0 -0.29354942
7 0 -0.29389757
8 0 -0.29415196
9 0 -0.29448327
10 0 -0.29457945
11 0 -0.2946456
12 0 -0.2948602
13 0 -0.29501843
14 0 -0.29499573
15 0 -0.29514417
16 0 -0.29527697
17 0 -0.29540712
18 0 -0.29580605
19 0 -0.29590127
20 0 -0.29602358
21 0 -0.29615468
22 0 -0.2964081
23 0 -0.29658267
24 0 -0.2966459
25 0 -0.29665053
26 0 -0.29610708
27 0 -0.2958236
28 0 -0.2952235
29 0 -0.2948495
30 0 -0.29463854
0 1 -0.29604262
1 1 -0.29605898
2 1 -0.29602456
3 1 -0.29620057
4 1 -0.29652625
5 1 -0.29690322
6 1 -0.29723307
7 1 -0.29754484
8 1 -0.2977704
9 1 -0.29773062
10 1 -0.29783633
11 1 -0.29916352
12 1 -0.29935077
13 1 -0.29965448
14 1 -0.29981488
15 1 -0.29961297
16 1 -0.29962495
17 1 -0.29914618
18 1 -0.29902533
19 1 -0.29895818
20 1 -0.29889593
21 1 -0.29879215
22 1 -0.2987187
23 1 -0.29868597
24 1 -0.2986679
25 1 -0.2986911
26 1 -0.29868156
27 1 -0.29866815
28 1 -0.2986169
29 1 -0.29860467
30 1 -0.2986181
0 2 -0.30118382
1 2 -0.30107346
2 2 -0.30085105
3 2 -0.3010034
4 2 -0.3010825
5 2 -0.3009255
6 2 -0.30089083
7 2 -0.30061617
8 2 -0.30058858
9 2 -0.3003862
10 2 -0.30008832
11 2 -0.29988104
12 2 -0.29984418
13 2 -0.2997839
14 2 -0.29975703
15 2 -0.29981098
16 2 -0.29987323
17 2 -0.29984686
18 2 -0.29989424
19 2 -0.29995966
20 2 -0.30001166
21 2 -0.30013007
22 2 -0.3005588
23 2 -0.3006877
24 2 -0.30075216
25 2 -0.30082566
26 2 -0.30081245
27 2 -0.30086836
28 2 -0.30091378
29 2 -0.30103293
30 2 -0.30112156
0 3 -0.3014553
1 3 -0.30182812
2 3 -0.3023567
3 3 -0.30260766
4 3 -0.30267406
5 3 -0.3026665
6 3 -0.30257398
7 3 -0.30252197
8 3 -0.30236986
9 3 -0.30211106
10 3 -0.3017954
11 3 -0.30181637
12 3 -0.30174682
13 3 -0.30180052
14 3 -0.30169773
15 3 -0.30168796
16 3 -0.30226392
17 3 -0.30304712
18 3 -0.3034558
19 3 -0.30374855
20 3 -0.30398926
21 3 -0.30396292
22 3 -0.30328125
23 3 -0.3027539
24 3 -0.30242845
25 3 -0.3021909
26 3 -0.302052
27 3 -0.30199242
28 3 -0.3020366
29 3 -0.3019968
30 3 -0.30190915
0 4 -0.30323267
1 4 -0.30350098
2 4 -0.303521
3 4 -0.30342773
4 4 -0.30337378
5 4 -0.3031919
6 4 -0.30310082
7 4 -0.30265966
8 4 -0.30229685
9 4 -0.30194506
10 4 -0.30154708
11 4 -0.3040193
12 4 -0.3027351
13 4 -0.302531
14 4 -0.3023828
15 4 -0.3023694
16 4 -0.3023159
17 4 -0.30232078
18 4 -0.30238402
19 4 -0.30250952
20 4 -0.30260253
21 4 -0.30272827
22 4 -0.30273706
23 4 -0.30282006
24 4 -0.30289307
25 4 -0.30287865
26 4 -0.30207103
27 4 -0.30197605
28 4 -0.3018535
29 4 -0.3017297
30 4 -0.30156907
0 5 -0.3022358
1 5 -0.30226976
2 5 -0.30247727
3 5 -0.3027014
4 5 -0.30259252
5 5 -0.30240697
6 5 -0.3021743
7 5 -0.3018923
8 5 -0.30169627
9 5 -0.30149657
10 5 -0.30121017
11 5 -0.3013596
12 5 -0.30110446
13 5 -0.30110592
14 5 -0.301207
15 5 -0.3013564
16 5 -0.301395
17 5 -0.30141208
18 5 -0.30131394
19 5 -0.3011755
20 5 -0.3011301
21 5 -0.30112374
22 5 -0.3011101
23 5 -0.3010422
24 5 -0.30206174
25 5 -0.30250266
26 5 -0.30268627
27 5 -0.30275926
28 5 -0.30189452
29 5 -0.30153537
30 5 -0.3013137
0 6 -0.3031206
1 6 -0.30310914
2 6 -0.30286694
3 6 -0.30283862
4 6 -0.30276683
5 6 -0.30271995
6 6 -0.30241624
7 6 -0.30203733
8 6 -0.30176878
9 6 -0.3013071
10 6 -0.30113643
11 6 -0.30107808
12 6 -0.30089742
13 6 -0.3008083
14 6 -0.30065107
15 6 -0.3005715
16 6 -0.30048457
17 6 -0.3004316
18 6 -0.30041426
19 6 -0.3003337
20 6 -0.30032465
21 6 -0.3002678
22 6 -0.30023605
23 6 -0.30015743
24 6 -0.30015033
25 6 -0.30017257
26 6 -0.30021456
27 6 -0.30015424
28 6 -0.3000844
29 6 -0.30016744
30 6 -0.30003875
0 7 -0.30044648
1 7 -0.30117503
2 7 -0.30109227
3 7 -0.3009853
4 7 -0.3009504
5 7 -0.30090913
6 7 -0.30073383
7 7 -0.30043185
8 7 -0.3002053
9 7 -0.29988447
10 7 -0.29980758
11 7 -0.29976264
12 7 -0.29963446
13 7 -0.29961663
14 7 -0.2996086
15 7 -0.29967913
16 7 -0.2995666
17 7 -0.29954925
18 7 -0.29961616
19 7 -0.29954267
20 7 -0.29953486
21 7 -0.29945403
22 7 -0.29942036
23 7 -0.29951558
24 7 -0.2994516
25 7 -0.2994709
26 7 -0.29935077
27 7 -0.29998115
28 7 -0.3001645
29 7 -0.30018085
30 7 -0.29986128
0 8 -0.30076388
1 8 -0.30095285
2 8 -0.300905
3 8 -0.30115792
4 8 -0.30118406
5 8 -0.30123606
6 8 -0.3012219
7 8 -0.3009973
8 8 -0.30073872
9 8 -0.30057833
10 8 -0.30134422
11 8 -0.30205956
12 8 -0.3025144
13 8 -0.30278733
14 8 -0.3030508
15 8 -0.3030508
16 8 -0.30305395
17 8 -0.30241406
18 8 -0.30161473
19 8 -0.30110103
20 8 -0.3006782
21 8 -0.30037495
22 8 -0.30016768
23 8 -0.3001584
24 8 -0.2999067
25 8 -0.29961616
26 8 -0.29943353
27 8 -0.29932782
28 8 -0.29922673
29 8 -0.2991828
30 8 -0.29909807
0 9 -0.30011836
1 9 -0.30024335
2 9 -0.30022433
3 9 -0.30036715
4 9 -0.30038545
5 9 -0.3003796
6 9 -0.30035347
7 9 -0.29996774
8 9 -0.29963398
9 9 -0.2993991
10 9 -0.29936224
11 9 -0.2990551
12 9 -0.29895502
13 9 -0.2989494
14 9 -0.29889277
15 9 -0.29879802
16 9 -0.2987565
17 9 -0.29870793
18 9 -0.29868183
19 9 -0.29868352
20 9 -0.29869255
21 9 -0.2987536
22 9 -0.29871893
23 9 -0.29871842
24 9 -0.298706
25 9 -0.29871964
26 9 -0.29870012
27 9 -0.2987133
28 9 -0.29873016
29 9 -0.29874653
30 9 -0.29878655
0 10 -0.30060446
1 10 -0.30106735
2 10 -0.30074263
3 10 -0.300904
4 10 -0.3007956
5 10 -0.30075508
6 10 -0.30075046
7 10 -0.30053
8 10 -0.3004814
9 10 -0.3001462
10 10 -0.30013815
11 10 -0.30022237
12 10 -0.30019966
13 10 -0.3002497
14 10 -0.30103707
15 10 -0.3007834
16 10 -0.30073142
17 10 -0.30069113
18 10 -0.30066696
19 10 -0.3007065
20 10 -0.3007275
21 10 -0.30079976
22 10 -0.30068967
23 10 -0.3005998
24 10 -0.30054098
25 10 -0.30047384
26 10 -0.30044112
27 10 -0.3003381
28 10 -0.30024457
29 10 -0.30026388
30 10 -0.30028144
0 11 -0.3005881
1 11 -0.30067208
2 11 -0.3009709
3 11 -0.30114156
4 11 -0.30118233
5 11 -0.3012231
6 11 -0.301259
7 11 -0.3011379
8 11 -0.30079073
9 11 -0.30048653
10 11 -0.30049947
11 11 -0.30028242
12 11 -0.300207
13 11 -0.3002541
14 11 -0.3001872
15 11 -0.30021504
16 11 -0.30026168
17 11 -0.30032858
18 11 -0.29853728
19 11 -0.2780101
20 11 -0.29285872
21 11 -0.29498914
22 11 -0.29616177
23 11 -0.29688466
24 11 -0.29739347
25 11 -0.2978649
26 11 -0.2982497
27 11 -0.29852045
28 11 -0.2986989
29 11 -0.2989057
30 11 -0.29907757
0 12 -0.30280834
1 12 -0.30217722
2 12 -0.30173582
3 12 -0.30172655
4 12 -0.30165866
5 12 -0.30143625
6 12 -0.30124387
7 12 -0.3010527
8 12 -0.30090207
9 12 -0.3006064
10 12 -0.30071065
11 12 -0.30120358
12 12 -0.30086935
13 12 -0.30091915
14 12 -0.30080685
15 12 -0.30081198
16 12 -0.26790985
17 12 -0.2774791
18 12 -0.28378803
19 12 -0.2838381
20 12 -0.2691992
21 12 -0.28713915
22 12 -0.28939456
23 12 -0.29085356
24 12 -0.291951
25 12 -0.29282454
26 12 -0.29345688
27 12 -0.29398447
28 12 -0.2944088
29 12 -0.29472545
30 12 -0.2949928
0 13 -0.29793742
1 13 -0.2982028
2 13 -0.29774138
3 13 -0.29791155
4 13 -0.29795915
5 13 -0.29803067
6 13 -0.29794937
7 13 -0.2979125
8 13 -0.29781315
9 13 -0.29758975
10 13 -0.2977194
11 13 -0.29787347
12 13 -0.29794157
13 13 -0.2980241
14 13 -0.2916756
15 13 -0.28472874
16 13 -0.28992143
17 13 -0.29197028
18 13 -0.28964067
19 13 -0.2923963
20 13 -0.2937352
21 13 -0.29447228
22 13 -0.2950238
23 13 -0.29521376
24 13 -0.2954684
25 13 -0.2956493
26 13 -0.29586536
27 13 -0.29603407
28 13 -0.2961354
29 13 -0.2962655
30 13 -0.2964076
0 14 -0.297288
1 14 -0.29861125
2 14 -0.29842228
3 14 -0.2984323
4 14 -0.29819793
5 14 -0.29812467
6 14 -0.29804754
7 14 -0.2979235
8 14 -0.29767472
9 14 -0.2976442
10 14 -0.29772258
11 14 -0.297799
12 14 -0.29784
13 14 -0.29799893
14 14 -0.29817033
15 14 -0.296246
16 14 -0.29335263
17 14 -0.28041372
18 14 -0.2946234
19 14 -0.28418452
20 14 -0.288448
21 14 -0.2869856
22 14 -0.29360044
23 14 -0.27162206
24 14 -0.29210213
25 14 -0.2935338
26 14 -0.29444176
27 14 -0.29511732
28 14 -0.29562634
29 14 -0.29602724
30 14 -0.2963927
0 15 -0.29762027
1 15 -0.29841253
2 15 -0.2984296
3 15 -0.29874724
4 15 -0.29909295
5 15 -0.2992177
6 15 -0.29915667
7 15 -0.29913616
8 15 -0.2989753
9 15 -0.2991906
10 15 -0.29914984
11 15 -0.29921162
12 15 -0.2993598
13 15 -0.2995805
14 15 -0.29583484
15 15 -0.29702407
16 15 -0.2964767
17 15 -0.29743034
18 15 -0.29776603
19 15 -0.29819646
20 15 -0.2982482
21 15 -0.29298374
22 15 -0.24005324
23 15 -0.26142538
24 15 -0.2742344
25 15 -0.2801454
26 15 -0.28385836
27 15 -0.28638792
28 15 -0.28823462
29 15 -0.2896685
30 15 -0.2907625
0 16 -0.29348838
1 16 -0.29543787
2 16 -0.29566517
3 16 -0.2960944
4 16 -0.29659024
5 16 -0.2967897
6 16 -0.29695204
7 16 -0.29699135
8 16 -0.29688174
9 16 -0.29706606
10 16 -0.2972516
11 16 -0.2985014
12 16 -0.2889966
13 16 -0.289814
14 16 -0.29191658
15 16 -0.2938507
16 16 -0.29497522
17 16 -0.27089307
18 16 -0.2882815
19 16 -0.24407014
20 16 -0.28012806
21 16 -0.28397626
22 16 -0.28720045
23 16 -0.28483835
24 16 -0.2900059
25 16 -0.29116046
26 16 -0.29188165
27 16 -0.29243222
28 16 -0.29288924
29 16 -0.29331797
30 16 -0.29364926
0 17 -0.29617128
1 17 -0.2973661
2 17 -0.29741544
3 17 -0.2976613
4 17 -0.29786906
5 17 -0.2982348
6 17 -0.29847968
7 17 -0.29864886
8 17 -0.29867548
9 17 -0.29906732
10 17 -0.29951972
11 17 -0.2998935
12 17 -0.29886687
13 17 -0.2997724
14 17 -0.2999189
15 17 -0.29957342
16 17 -0.30036372
17 17 -0.30079708
18 17 -0.29796696
19 17 -0.30072165
20 17 -0.2904793
21 17 -0.29298836
22 17 -0.28875002
23 17 -0.26288977
24 17 -0.28612304
25 17 -0.2907974
26 17 -0.29331258
27 17 -0.29502746
28 17 -0.2962516
29 17 -0.2972116
30 17 -0.29801285
0 18 -0.2990434
1 18 -0.30007783
2 18 -0.300759
3 18 -0.30120894
4 18 -0.30154783
5 18 -0.30177146
6 18 -0.3024724
7 18 -0.30230296
8 18 -0.30246532
9 18 -0.30249023
10 18 -0.30267406
11 18 -0.3029502
12 18 -0.303041
13 18 -0.3032527
14 18 -0.29973385
15 18 -0.3013176
16 18 -0.24131668
17 18 -0.29329696
18 18 -0.29188484
19 18 -0.2964352
20 18 -0.29452744
21 18 -0.29724234
22 18 -0.29872772
23 18 -0.2987707
24 18 -0.29982367
25 18 -0.300519
26 18 -0.30095235
27 18 -0.30134615
28 18 -0.3016838
29 18 -0.30197972
30 18 -0.30222583
0 19 -0.30413038
1 19 -0.30472854
2 19 -0.30436844
3 19 -0.30443314
4 19 -0.3044119
5 19 -0.30449733
6 19 -0.30449954
7 19 -0.30424953
8 19 -0.30416456
9 19 -0.3044021
10 19 -0.3045498
11 19 -0.30466726
12 19 -0.30449757
13 19 -0.30075973
14 19 -0.30261156
15 19 -0.29664248
16 19 -0.29898626
17 19 -0.2997214
18 19 -0.3012346
19 19 -0.30169138
20 19 -0.29173446
21 19 -0.29506433
22 19 -0.2981071
23 19 -0.29296395
24 19 -0.29703823
25 19 -0.29857415
26 19 -0.2995373
27 19 -0.30022335
28 19 -0.30074337
29 19 -0.30114084
30 19 -0.30153316
0 20 -0.30117014
1 20 -0.30212548
2 20 -0.30223435
3 20 -0.3026809
4 20 -0.3032346
5 20 -0.30384254
6 20 -0.30419362
7 20 -0.30419192
8 20 -0.30429298
9 20 -0.3043999
10 20 -0.30397975
11 20 -0.30365625
12 20 -0.30348903
13 20 -0.30096188
14 20 -0.29954803
15 20 -0.3007341
16 20 -0.3013586
17 20 -0.29933807
18 20 -0.24939615
19 20 -0.25088617
20 20 -0.28109977
21 20 -0.2732117
22 20 -0.28224137
23 20 -0.28532565
24 20 -0.28844947
25 20 -0.29019317
26 20 -0.29152912
27 20 -0.29275253
28 20 -0.29355553
29 20 -0.2941649
30 20 -0.294682
0 21 -0.29644227
1 21 -0.29689932
2 21 -0.29692373
3 21 -0.2970048
4 21 -0.2970546
5 21 -0.29708633
6 21 -0.29717985
7 21 -0.29692814
8 21 -0.29703483
9 21 -0.29702994
10 21 -0.29706216
11 21 -0.29718056
12 21 -0.29722843
13 21 -0.29725847
14 21 -0.29698965
15 21 -0.2854719
16 21 -0.29375863
17 21 -0.29512367
18 21 -0.2950448
19 21 -0.29565737
20 21 -0.2959269
21 21 -0.2924659
22 21 -0.29443175
23 21 -0.29493493
24 21 -0.29524696
25 21 -0.29547817
26 21 -0.29564637
27 21 -0.29575086
28 21 -0.29583144
29 21 -0.29587978
30 21 -0.29590565
0 22 -0.29600942
1 22 -0.2962499
2 22 -0.29642764
3 22 -0.29638758
4 22 -0.29628286
5 22 -0.29625306
6 22 -0.29590175
7 22 -0.29562756
8 22 -0.2957257
9 22 -0.29572523
10 22 -0.29568398
11 22 -0.29562658
12 22 -0.2955392
13 22 -0.2956803
14 22 -0.29482678
15 22 -0.29389122
16 22 -0.2939581
17 22 -0.29445422
18 22 -0.26551408
19 22 -0.28982913
20 22 -0.29130524
21 22 -0.29207382
22 22 -0.2927369
23 22 -0.29314363
24 22 -0.2934171
25 22 -0.2936578
26 22 -0.29371178
27 22 -0.29376182
28 22 -0.29382676
29 22 -0.29387778
30 22 -0.29392344
0 23 -0.29371274
1 23 -0.2939796
2 23 -0.29423496
3 23 -0.2941554
4 23 -0.29418248
5 23 -0.29421103
6 23 -0.29380894
7 23 -0.29378086
8 23 -0.2937943
9 23 -0.2937872
10 23 -0.29379478
11 23 -0.2938302
12 23 -0.2938475
13 23 -0.2939088
14 23 -0.29392123
15 23 -0.29388413
16 23 -0.29389805
17 23 -0.2939066
18 23 -0.29391685
19 23 -0.29392368
20 23 -0.29392734
21 23 -0.29393247
22 23 -0.29398447
23 23 -0.2939901
24 23 -0.29397032
25 23 -0.29399425
26 23 -0.2940355
27 23 -0.2940687
28 23 -0.2940321
29 23 -0.2940687
30 23 -0.2940941
0 24 -0.2929686
1 24 -0.293056
2 24 -0.29387584
3 24 -0.29453796
4 24 -0.29465684
5 24 -0.2939664
6 24 -0.29355013
7 24 -0.2932933
8 24 -0.2935057
9 24 -0.29343027
10 24 -0.29351646
11 24 -0.29358384
12 24 -0.29362094
13 24 -0.2936783
14 24 -0.29370785
15 24 -0.29377428
16 24 -0.29382482
17 24 -0.29387218
18 24 -0.29389343
19 24 -0.29389584
20 24 -0.29393566
21 24 -0.29400375
22 24 -0.29398814
23 24 -0.29398715
24 24 -0.29394102
25 24 -0.2939183
26 24 -0.29395688
27 24 -0.29396445
28 24 -0.29400474
29 24 -0.2940897
30 24 -0.29413438
0 25 -0.29382408
1 25 -0.29387218
2 25 -0.29407603
3 25 -0.29402378
4 25 -0.2939564
5 25 -0.29384604
6 25 -0.2937701
7 25 -0.29382995
8 25 -0.29396397
9 25 -0.29399425
10 25 -0.29405236
11 25 -0.2942098
12 25 -0.29421982
13 25 -0.29423448
14 25 -0.29429233
15 25 -0.29435167
16 25 -0.2943993
17 25 -0.2944071
18 25 -0.29444444
19 25 -0.29448667
20 25 -0.29455528
21 25 -0.2946278
22 25 -0.29468688
23 25 -0.29472107
24 25 -0.29481065
25 25 -0.29488048
26 25 -0.29498425
27 25 -0.29507142
28 25 -0.29513368
29 25 -0.2951842
30 25 -0.29529285
0 26 -0.29607898
1 26 -0.2959496
2 26 -0.29572937
3 26 -0.2956144
4 26 -0.29557753
5 26 -0.2955055
6 26 -0.29546204
7 26 -0.2954413
8 26 -0.29559803
9 26 -0.29565173
10 26 -0.29565027
11 26 -0.2956964
12 26 -0.29570472
13 26 -0.29570496
14 26 -0.29578236
15 26 -0.29584292
16 26 -0.2958876
17 26 -0.29591468
18 26 -0.2959706
19 26 -0.29601672
20 26 -0.2962665
21 26 -0.2962743
22 26 -0.2963273
23 26 -0.29660755
24 26 -0.29657558
25 26 -0.2966779
26 26 -0.29666495
27 26 -0.29673257
28 26 -0.29677993
29 26 -0.29683682
30 26 -0.29692885
0 27 -0.29684243
1 27 -0.2968246
2 27 -0.29690126
3 27 -0.29675773
4 27 -0.29665688
5 27 -0.29660365
6 27 -0.29658365
7 27 -0.29658878
8 27 -0.2967167
9 27 -0.29668397
10 27 -0.29669693
11 27 -0.29676893
12 27 -0.2968434
13 27 -0.29691592
14 27 -0.29698476
15 27 -0.29707292
16 27 -0.29717055
17 27 -0.29725698
18 27 -0.2973671
19 27 -0.29745036
20 27 -0.29758757
21 27 -0.2977167
22 27 -0.29884368
23 27 -0.29932612
24 27 -0.29961348
25 27 -0.29939595
26 27 -0.29893792
27 27 -0.2986933
28 27 -0.29867643
29 27 -0.2986066
30 27 -0.2985961
0 28 -0.29903582
1 28 -0.2991364
2 28 -0.2990983
3 28 -0.2988974
4 28 -0.2987453
5 28 -0.29859513
6 28 -0.2986088
7 28 -0.29853705
8 28 -0.2985175
9 28 -0.29851776
10 28 -0.2985346
11 28 -0.29859906
12 28 -0.2986547
13 28 -0.29867718
14 28 -0.29874358
15 28 -0.29880705
16 28 -0.29887664
17 28 -0.29895353
18 28 -0.29905266
19 28 -0.2991369
20 28 -0.2991806
21 28 -0.2993029
22 28 -0.29941645
23 28 -0.29940888
24 28 -0.2994394
25 28 -0.29946306
26 28 -0.2994355
27 28 -0.2994284
28 28 -0.29945698
29 28 -0.29947773
30 28 -0.2995285
0 29 -0.30059713
1 29 -0.30055463
2 29 -0.29984272
3 29 -0.2995334
4 29 -0.2993952
5 29 -0.2992707
6 29 -0.29928413
7 29 -0.29927534
8 29 -0.29929778
9 29 -0.2993437
10 29 -0.29939887
11 29 -0.2994648
12 29 -0.2995329
13 29 -0.29963836
14 29 -0.29965302
15 29 -0.2997016
16 29 -0.299789
17 29 -0.2998586
18 29 -0.29993868
19 29 -0.30003023
20 29 -0.30011567
21 29 -0.300175
22 29 -0.30026925
23 29 -0.30041084
24 29 -0.30047798
25 29 -0.30060813
26 29 -0.30068088
27 29 -0.300717
28 29 -0.30078244
29 29 -0.30083492
30 29 -0.30092967
0 30 -0.30147752
1 30 -0.3016633
2 30 -0.3018347
3 30 -0.3017451
4 30 -0.30173874
5 30 -0.30180395
6 30 -0.30187204
7 30 -0.3019475
8 30 -0.30201024
9 30 -0.3022705
10 30 -0.302415
11 30 -0.30251756
12 30 -0.302614
13 30 -0.3026865
14 30 -0.30272412
15 30 -0.30281785
16 30 -0.30318776
17 30 -0.30346924
18 30 -0.3036482
19 30 -0.30375075
20 30 -0.30387378
21 30 -0.3039822
22 30 -0.30405372
23 30 -0.30414724
24 30 -0.30422583
25 30 -0.3043335
26 30 -0.3043467
27 30 -0.30438453
28 30 -0.30439407
29 30 -0.30441725
30 30 -0.30448025
