0 0 0.22027388
1 0 0.21188165
2 0 0.20311102
3 0 0.19746298
4 0 0.18871114
5 0 0.18321887
6 0 0.18929465
7 0 0.18828462
8 0 0.14833015
9 0 0.078729965
10 0 0.055262566
11 0 0.07726632
12 0 0.09434861
13 0 0.106043614
14 0 0.066619426
15 0 0.069360435
16 0 0.0710338
17 0 0.077314414
18 0 0.08112966
19 0 0.08243925
20 0 0.083131395
21 0 0.08034034
22 0 0.08585458
23 0 0.08624717
24 0 0.08942031
25 0 0.10087459
26 0 0.09352584
27 0 0.0982078
28 0 0.097669706
29 0 0.10076961
30 0 0.10104305
0 1 0.24634533
1 1 0.23253872
2 1 0.22160226
3 1 0.20730859
4 1 0.20165738
5 1 0.195826
6 1 0.18785077
7 1 0.16852553
8 1 0.18785273
9 1 0.18096223
10 1 0.17184931
11 1 0.15630952
12 1 0.14737847
13 1 0.13353013
14 1 0.12767114
15 1 0.12097719
16 1 0.12095693
17 1 0.11574738
18 1 0.0953623
19 1 0.098166294
20 1 0.095254384
21 1 0.09454417
22 1 0.09403489
23 1 0.099641174
24 1 0.099488825
25 1 0.09835331
26 1 0.096152596
27 1 0.10024738
28 1 0.1010953
29 1 0.09957745
30 1 0.1017955
0 2 0.20016004
1 2 0.19555475
2 2 0.1821483
3 2 0.17182416
4 2 0.16049781
5 2 0.15998341
6 2 0.1577617
7 2 0.1527079
8 2 0.15037413
9 2 0.14607084
10 2 0.13646132
11 2 0.12843727
12 2 0.12458223
13 2 0.124866165
14 2 0.11855577
15 2 0.11871275
16 2 0.12486324
17 2 0.118399516
18 2 0.12126699
19 2 0.12049256
20 2 0.1250754
21 2 0.11868688
22 2 0.11630573
23 2 0.11584161
24 2 0.11270314
25 2 0.11487065
26 2 0.11662166
27 2 0.118507676
28 2 0.120910056
29 2 0.11700423
30 2 0.120987445
0 3 0.30320314
1 3 0.2909881
2 3 0.29030082
3 3 0.30552712
4 3 0.27251834
5 3 0.2541013
6 3 0.23237099
7 3 0.22312255
8 3 0.07122985
9 3 0.031306632
10 3 -0.06159811
11 3 -0.1472652
12 3 -0.091397636
13 3 -0.05147979
14 3 9.360495E-4
15 3 0.062248267
16 3 0.08413361
17 3 0.0956853
18 3 0.10493715
19 3 0.11337454
20 3 0.12237175
21 3 0.12345892
22 3 0.12582248
23 3 0.13118486
24 3 0.13795719
25 3 0.13796403
26 3 0.1319112
27 3 0.12086415
28 3 0.12948172
29 3 0.1286565
30 3 0.11045701
0 4 0.20307122
1 4 0.17127289
2 4 0.16576499
3 4 0.1660526
4 4 0.15668477
5 4 0.1510819
6 4 0.15716867
7 4 0.14726031
8 4 0.12442305
9 4 0.08521981
10 4 0.07824412
11 4 0.094049044
12 4 0.13163166
13 4 0.15775974
14 4 0.12978983
15 4 0.14246874
16 4 0.13233015
17 4 0.04083217
18 4 -0.2536533
19 4 -0.10640886
20 4 -0.059547786
21 4 -0.018806197
22 4 0.006429542
23 4 0.013856169
24 4 -0.045508996
25 4 0.19940539
26 4 -0.066471964
27 4 0.4711295
28 4 0.43176198
29 4 0.43596175
30 4 0.40191022
0 5 0.3002392
1 5 0.24143632
2 5 0.16559799
3 5 0.13191462
4 5 0.13381259
5 5 0.12218961
6 5 0.12518623
7 5 0.10069197
8 5 0.07408121
9 5 0.09822562
10 5 0.08726476
11 5 0.119974494
12 5 0.13353598
13 5 0.13478966
14 5 0.13714615
15 5 0.14290941
16 5 0.15828514
17 5 0.15478557
18 5 0.1540529
19 5 0.15301259
20 5 0.15323599
21 5 0.14731842
22 5 0.14599735
23 5 0.14614774
24 5 0.14614213
25 5 0.1444485
26 5 0.14463845
27 5 0.12903322
28 5 0.14341529
29 5 0.14068893
30 5 0.13788663
0 6 0.17165302
1 6 0.17220795
2 6 0.17228779
3 6 0.16232401
4 6 0.11057982
5 6 0.1535646
6 6 0.1655355
7 6 0.1628333
8 6 0.171383
9 6 0.1523119
10 6 0.14766583
11 6 0.1368544
12 6 0.13010453
13 6 0.13788834
14 6 0.14185251
15 6 0.16105032
16 6 0.14456935
17 6 0.10510683
18 6 0.12792602
19 6 0.11195484
20 6 0.14569485
21 6 0.07626728
22 6 0.09842924
23 6 -0.088727675
24 6 -0.03432914
25 6 0.048148442
26 6 0.14021137
27 6 0.18057698
28 6 0.15767576
29 6 0.14001752
30 6 0.13751186
0 7 0.21190535
1 7 0.2107381
2 7 0.20576023
3 7 0.19517119
4 7 0.18766694
5 7 0.18603678
6 7 0.1818751
7 7 0.17543286
8 7 0.172373
9 7 0.16960904
10 7 0.16622642
11 7 0.16172147
12 7 0.15631099
13 7 0.15273891
14 7 0.14614335
15 7 0.15205336
16 7 0.14798614
17 7 0.14672002
18 7 0.14726569
19 7 0.14587161
20 7 0.14047872
21 7 0.14047138
22 7 0.1426516
23 7 0.14336693
24 7 0.13938177
25 7 0.14385547
26 7 0.1416738
27 7 0.14140378
28 7 0.15398869
29 7 0.15642524
30 7 0.13998969
0 8 0.25004458
1 8 0.3019873
2 8 0.22055855
3 8 0.14794464
4 8 0.14272313
5 8 0.15939184
6 8 0.23582734
7 8 0.23882836
8 8 0.23933399
9 8 0.2370754
10 8 0.2191723
11 8 0.1199093
12 8 0.08012867
13 8 0.069003984
14 8 0.09648536
15 8 0.015539056
16 8 0.020800123
17 8 0.071815066
18 8 0.16011842
19 8 0.14078194
20 8 -0.0022056
21 8 -0.4107902
22 8 -0.3130971
23 8 -0.25160664
24 8 -0.19501103
25 8 -0.15491912
26 8 -0.1244543
27 8 -0.078945786
28 8 -0.045110308
29 8 -0.02506435
30 8 -0.005748867
0 9 -0.26305628
1 9 -0.20537008
2 9 -0.15354556
3 9 -0.108907916
4 9 -0.095149405
5 9 -0.060869828
6 9 -0.033432398
7 9 -0.013768765
8 9 0.009481102
9 9 0.021771573
10 9 0.043592464
11 9 0.058370277
12 9 0.07018906
13 9 0.0667017
14 9 0.035775937
15 9 0.046201635
16 9 0.0047749756
17 9 0.010624674
18 9 0.0029026323
19 9 0.06278197
20 9 0.0089767
21 9 0.008836805
22 9 -0.0048433356
23 9 -0.001838407
24 9 -0.26432046
25 9 -0.1884001
26 9 -0.14238597
27 9 -0.100985184
28 9 -0.06617704
29 9 -0.03633112
30 9 -0.018287145
0 10 -0.026653484
1 10 -0.005697597
2 10 0.018532999
3 10 0.037389487
4 10 0.044570994
5 10 0.05664833
6 10 0.06417115
7 10 0.07944042
8 10 0.08153933
9 10 0.087772585
10 10 0.09215497
11 10 0.09186371
12 10 0.104309216
13 10 0.11007566
14 10 0.11124536
15 10 0.02869746
16 10 0.010452797
17 10 0.08682896
18 10 -0.0023418327
19 10 -0.0010068513
20 10 -0.030471658
21 10 0.050603803
22 10 0.002463905
23 10 -0.002113802
24 10 0.0028101015
25 10 -0.21451719
26 10 -0.16028395
27 10 -0.105371
28 10 -0.07142663
29 10 -0.038869493
30 10 -0.011461113
0 11 0.32817787
1 11 0.30457863
2 11 0.28166592
3 11 0.26358533
4 11 0.24448812
5 11 0.22980772
6 11 0.21728458
7 11 0.20960014
8 11 0.1977772
9 11 0.18837568
10 11 0.16001661
11 11 0.1522074
12 11 0.11986536
13 11 0.12179434
14 11 0.12921219
15 11 -0.06937582
16 11 0.021800138
17 11 0.3424547
18 11 -0.0319187
19 11 0.018960007
20 11 -0.002345739
21 11 -0.0022514993
22 11 -0.034308873
23 11 0.10847651
24 11 -0.042835128
25 11 -0.0012766309
26 11 0.27436066
27 11 0.25102118
28 11 0.23806809
29 11 0.22817098
30 11 0.21511413
0 12 0.2016564
1 12 0.19530083
2 12 0.190395
3 12 0.18519302
4 12 0.183088
5 12 0.17987043
6 12 0.17331125
7 12 0.1653563
8 12 0.16625401
9 12 0.17403537
10 12 0.21180183
11 12 0.20035267
12 12 0.2002577
13 12 0.21919818
14 12 0.022944687
15 12 -0.093633026
16 12 0.0025754787
17 12 0.08173538
18 12 0.034032013
19 12 0.022730328
20 12 0.14751837
21 12 0.026955247
22 12 0.06812507
23 12 -0.054798447
24 12 -0.001298848
25 12 -0.0022668804
26 12 -0.5163646
27 12 -0.41571802
28 12 -0.32875526
29 12 -0.25986066
30 12 -0.20017347
0 13 -0.2495231
1 13 -0.19913536
2 13 -0.15208192
3 13 -0.1103906
4 13 -0.08190701
5 13 -0.049864043
6 13 -0.024450324
7 13 -0.0061976044
8 13 0.0058506755
9 13 -2.0947587E-4
10 13 0.010608316
11 13 0.024584848
12 13 0.049081318
13 13 0.05911199
14 13 -0.1779915
15 13 0.048965104
16 13 0.07299526
17 13 -0.1340963
18 13 -0.15113683
19 13 -0.15902953
20 13 -0.003035935
21 13 0.21094683
22 13 0.065268576
23 13 -0.060542673
24 13 0.019843077
25 13 -0.031479973
26 13 -0.05736758
27 13 0.26863766
28 13 0.2491857
29 13 0.2192055
30 13 0.205905
0 14 0.30268872
1 14 0.2875061
2 14 0.2848076
3 14 0.3314953
4 14 0.3363335
5 14 0.33672512
6 14 0.31816086
7 14 0.28959426
8 14 0.26435488
9 14 0.24124612
10 14 0.1477923
11 14 0.12630442
12 14 0.19884314
13 14 0.24200761
14 14 -0.0049527125
15 14 0.022028169
16 14 -0.0373326
17 14 0.022712016
18 14 -0.070727155
19 14 -0.31020468
20 14 -0.22118576
21 14 -0.14934018
22 14 -0.19866686
23 14 -0.0015835203
24 14 0.26952657
25 14 0.14078633
26 14 0.19496904
27 14 0.20567918
28 14 0.23437566
29 14 0.24017653
30 14 0.23830418
0 15 0.30069235
1 15 0.2724795
2 15 0.25789604
3 15 0.26036775
4 15 0.2449808
5 15 0.21772769
6 15 0.2088052
7 15 0.19375809
8 15 0.19413823
9 15 0.18917672
10 15 0.17912823
11 15 0.1779434
12 15 0.17479125
13 15 0.16877553
14 15 0.15331826
15 15 0.15328653
16 15 0.141134
17 15 -0.19463018
18 15 -0.14612333
19 15 -0.10452626
20 15 -0.06983383
21 15 -0.041673977
22 15 -0.01900078
23 15 0.0032883803
24 15 0.029385703
25 15 0.045071002
26 15 0.061738983
27 15 0.074095614
28 15 0.09251655
29 15 0.102275245
30 15 0.106097326
0 16 0.21846111
1 16 0.2095198
2 16 0.20124625
3 16 0.19399759
4 16 0.18812616
5 16 0.1818746
6 16 0.17324777
7 16 0.17046086
8 16 0.1626392
9 16 0.15444669
10 16 0.15057969
11 16 0.14772052
12 16 0.14542508
13 16 0.14220238
14 16 0.14176585
15 16 0.13925238
16 16 0.13701895
17 16 0.15693209
18 16 0.16482015
19 16 0.15589593
20 16 0.1423159
21 16 0.14303295
22 16 0.14164963
23 16 0.13942108
24 16 0.13445202
25 16 0.1520409
26 16 0.14075239
27 16 0.13047221
28 16 0.14794415
29 16 0.15195301
30 16 0.14873666
0 17 0.26360902
1 17 0.25120014
2 17 0.23253164
3 17 0.2200373
4 17 0.20538302
5 17 0.17115423
6 17 0.16593735
7 17 0.1634461
8 17 0.15879491
9 17 0.15852708
10 17 0.15133801
11 17 0.14480348
12 17 0.14135323
13 17 0.14374268
14 17 0.14122091
15 17 0.13770035
16 17 0.1466502
17 17 0.14839095
18 17 0.1446238
19 17 0.14322118
20 17 0.13615125
21 17 0.13133429
22 17 0.13901946
23 17 0.14282079
24 17 0.14699712
25 17 0.1407458
26 17 0.10780414
27 17 0.14264695
28 17 0.14200999
29 17 0.14582498
30 17 0.15654683
0 18 0.23730685
1 18 0.24674694
2 18 0.23046032
3 18 0.21412046
4 18 0.19255641
5 18 0.19197536
6 18 0.18888009
7 18 0.1836825
8 18 0.1787979
9 18 0.1577075
10 18 0.16846913
11 18 0.16382721
12 18 0.16034986
13 18 0.15501384
14 18 0.15461442
15 18 0.14902718
16 18 0.15177186
17 18 0.15031236
18 18 0.14747687
19 18 0.1469312
20 18 0.14812165
21 18 0.14545412
22 18 0.14743584
23 18 0.14491946
24 18 0.14782403
25 18 -0.072733045
26 18 -0.044033878
27 18 -0.012128604
28 18 0.016525887
29 18 -0.091723815
30 18 -0.05883757
0 19 0.0038147557
1 19 0.031056628
2 19 0.05302083
3 19 0.07806858
4 19 0.10516274
5 19 0.11590704
6 19 0.12155411
7 19 0.12803394
8 19 0.12341766
9 19 0.13465196
10 19 0.13120905
11 19 0.13545349
12 19 0.13320687
13 19 0.13347055
14 19 0.13432945
15 19 0.13568445
16 19 0.13259114
17 19 0.13034452
18 19 0.14536355
19 19 0.16048732
20 19 0.15646504
21 19 0.15870482
22 19 0.16106667
23 19 0.16607481
24 19 0.16359577
25 19 0.1644615
26 19 0.16198319
27 19 0.16119924
28 19 0.1595581
29 19 0.1606255
30 19 0.16186526
0 20 0.23039806
1 20 0.22284813
2 20 0.2169037
3 20 0.20989579
4 20 0.20321454
5 20 0.19413823
6 20 0.1854667
7 20 0.17888604
8 20 0.17629078
9 20 0.17344186
10 20 0.16522518
11 20 0.15761398
12 20 0.15886791
13 20 0.15636641
14 20 0.1548261
15 20 0.15070494
16 20 0.15294692
17 20 0.14620024
18 20 0.14472218
19 20 0.14009345
20 20 0.13783535
21 20 0.08242167
22 20 0.09994709
23 20 0.11256569
24 20 0.12059267
25 20 0.12209196
26 20 0.123336606
27 20 0.13080424
28 20 0.13088213
29 20 0.13805217
30 20 0.13666224
0 21 0.2106856
1 21 0.18247423
2 21 0.1855214
3 21 0.19511846
4 21 0.1884543
5 21 0.18387367
6 21 0.17698318
7 21 0.17472802
8 21 0.1633194
9 21 0.15889037
10 21 0.1482281
11 21 0.13532458
12 21 0.12413935
13 21 0.12748706
14 21 0.13877946
15 21 0.13130718
16 21 0.13454308
17 21 0.13746157
18 21 0.13794205
19 21 0.14642656
20 21 0.14062935
21 21 0.14445998
22 21 0.14852473
23 21 0.1505731
24 21 0.15316884
25 21 0.15490691
26 21 0.15509418
27 21 0.15263613
28 21 0.13821232
29 21 0.14728156
30 21 0.1471668
0 22 0.20601584
1 22 0.20161074
2 22 0.18975413
3 22 0.19565143
4 22 0.19192432
5 22 0.18701898
6 22 0.18373865
7 22 0.17619386
8 22 0.16896401
9 22 0.16493759
10 22 0.15421379
11 22 0.15458733
12 22 0.16312383
13 22 0.14827424
14 22 0.1578713
15 22 0.15862817
16 22 0.15633443
17 22 0.17019475
18 22 0.16627158
19 22 0.16621348
20 22 0.16777723
21 22 0.1664486
22 22 0.1721833
23 22 0.17197992
24 22 0.15483488
25 22 0.17527442
26 22 0.17641433
27 22 0.17543945
28 22 0.17994879
29 22 0.17887114
30 22 0.17936407
0 23 0.21474425
1 23 0.20904349
2 23 0.19936316
3 23 0.19533405
4 23 0.18750653
5 23 0.17648683
6 23 0.18197837
7 23 0.17757596
8 23 0.17021842
9 23 0.1642115
10 23 0.15429875
11 23 0.14985263
12 23 0.14102072
13 23 0.14055367
14 23 0.14390747
15 23 0.13548693
16 23 0.11607526
17 23 0.14284374
18 23 0.14682671
19 23 0.14685893
20 23 0.14450246
21 23 0.14589408
22 23 0.14317651
23 23 0.14396998
24 23 0.14678936
25 23 0.15261659
26 23 0.15334952
27 23 0.15465495
28 23 0.15914355
29 23 0.16324738
30 23 0.16477156
0 24 0.20972733
1 24 0.20149967
2 24 0.19921666
3 24 0.19485943
4 24 0.18760687
5 24 0.17394285
6 24 0.18106478
7 24 0.17931451
8 24 0.17699392
9 24 0.16548008
10 24 0.15919018
11 24 0.15502068
12 24 0.15281582
13 24 0.14833406
14 24 0.14734624
15 24 0.14375806
16 24 0.14275146
17 24 0.14622001
18 24 0.1445237
19 24 0.14668193
20 24 0.14722076
21 24 0.15234706
22 24 0.14954038
23 24 0.1498038
24 24 0.1512047
25 24 0.15226795
26 24 0.14959946
27 24 0.15186414
28 24 0.15131189
29 24 0.14815705
30 24 0.14888899
0 25 0.18454482
1 25 0.18092
2 25 0.18078646
3 25 0.17897442
4 25 0.18173838
5 25 0.18342932
6 25 0.17888774
7 25 0.17738308
8 25 0.17551734
9 25 0.16960782
10 25 0.16260332
11 25 0.1590476
12 25 0.15292104
13 25 0.15585566
14 25 0.15317471
15 25 0.15032749
16 25 0.15171863
17 25 0.1501871
18 25 0.146544
19 25 0.13882829
20 25 0.14528787
21 25 0.14971665
22 25 0.15089366
23 25 0.15526508
24 25 0.15279311
25 25 0.14493215
26 25 0.13778824
27 25 0.13374789
28 25 0.14055976
29 25 0.13495715
30 25 0.13299568
0 26 0.21900116
1 26 0.21279329
2 26 0.20563157
3 26 0.20222332
4 26 0.1965594
5 26 0.19122021
6 26 0.18848091
7 26 0.18146835
8 26 0.17689162
9 26 0.17305587
10 26 0.1669447
11 26 0.16295098
12 26 0.16192216
13 26 0.15938793
14 26 0.15517376
15 26 0.15421769
16 26 0.15144715
17 26 0.14774786
18 26 0.14794464
19 26 0.15159729
20 26 0.15214075
21 26 0.15426652
22 26 0.15342227
23 26 0.15088023
24 26 0.15042076
25 26 0.1486053
26 26 0.15201306
27 26 0.15173084
28 26 0.15079552
29 26 0.15125646
30 26 0.15017857
0 27 0.19401224
1 27 0.19032761
2 27 0.18755853
3 27 0.18106136
4 27 0.18458852
5 27 0.1822313
6 27 0.17607887
7 27 0.17482372
8 27 0.17484032
9 27 0.17023015
10 27 0.16307281
11 27 0.15560077
12 27 0.1575693
13 27 0.15062779
14 27 0.14554812
15 27 0.15820676
16 27 0.15656562
17 27 0.15581025
18 27 0.15186511
19 27 0.14916806
20 27 0.151057
21 27 0.15036461
22 27 0.14507912
23 27 0.1435979
24 27 0.14531912
25 27 0.14627153
26 27 0.15048717
27 27 0.14908114
28 27 0.1473228
29 27 0.14756842
30 27 0.14378126
0 28 0.1976207
1 28 0.19263478
2 28 0.19050413
3 28 0.18905343
4 28 0.18819208
5 28 0.18457435
6 28 0.18424721
7 28 0.1841432
8 28 0.18298717
9 28 0.18140854
10 28 0.18251939
11 28 0.17255904
12 28 0.16975333
13 28 0.16766907
14 28 0.16269268
15 28 0.15841208
16 28 0.064833514
17 28 0.09585059
18 28 0.1425178
19 28 0.11676155
20 28 0.07461491
21 28 0.03143432
22 28 0.031604975
23 28 0.100717604
24 28 0.10585001
25 28 0.13692202
26 28 0.13773404
27 28 0.14881624
28 28 0.14678447
29 28 0.14171872
30 28 0.15417986
0 29 0.20613231
1 29 0.2341259
2 29 0.23276284
3 29 0.23132434
4 29 0.22427149
5 29 0.21860637
6 29 0.21055694
7 29 0.21346201
8 29 0.18440615
9 29 0.1905078
10 29 0.1649515
11 29 0.1748413
12 29 0.20251897
13 29 0.19833311
14 29 0.19980823
15 29 0.19075292
16 29 0.17456152
17 29 0.17094378
18 29 0.17128363
19 29 0.17725247
20 29 0.18273376
21 29 0.17001016
22 29 0.16403937
23 29 0.17167425
24 29 0.15731418
25 29 0.14799738
26 29 0.13987397
27 29 0.1415212
28 29 0.1487535
29 29 0.15087047
30 29 0.14275903
0 30 0.20621653
1 30 0.20253484
2 30 0.19741146
3 30 0.19382817
4 30 0.1936348
5 30 0.18911251
6 30 0.18672185
7 30 0.18633121
8 30 0.17093767
9 30 0.1765525
10 30 0.17765823
11 30 0.17640015
12 30 0.17446458
13 30 0.1753601
14 30 0.17098479
15 30 0.16014113
16 30 0.15541327
17 30 0.15962647
18 30 0.15925048
19 30 0.16210233
20 30 0.1577153
21 30 0.15052916
22 30 0.15299916
23 30 0.1546635
24 30 0.15181872
25 30 0.14734674
26 30 0.14368115
27 30 0.14443581
28 30 0.15115124
29 30 0.1459683
30 30 0.14058247
