0 0 0.2020507
1 0 0.20238566
2 0 0.20313689
3 0 0.20398237
4 0 0.20407514
5 0 0.20372114
6 0 0.2035329
7 0 0.20355
8 0 0.20393671
9 0 0.20381415
10 0 0.20379291
11 0 0.20370209
12 0 0.20459981
13 0 0.2041982
14 0 0.20412691
15 0 0.2040583
16 0 0.20413081
17 0 0.20420454
18 0 0.20437495
19 0 0.20447579
20 0 0.20450728
21 0 0.20454536
22 0 0.20463863
23 0 0.20483029
24 0 0.20527096
25 0 0.2053796
26 0 0.20553245
27 0 0.20558883
28 0 0.20576975
29 0 0.2060488
30 0 0.20612375
0 1 0.20667113
1 1 0.20674779
2 1 0.20792799
3 1 0.20830762
4 1 0.20855959
5 1 0.20876051
6 1 0.20957719
7 1 0.20940408
8 1 0.20943215
9 1 0.20956205
10 1 0.20986088
11 1 0.20937625
12 1 0.20866969
13 1 0.20847829
14 1 0.20872927
15 1 0.20888112
16 1 0.20905544
17 1 0.20906155
18 1 0.2090762
19 1 0.20916726
20 1 0.20930837
21 1 0.20956717
22 1 0.20973417
23 1 0.20984183
24 1 0.21005033
25 1 0.21006253
26 1 0.21017656
27 1 0.21036796
28 1 0.2105623
29 1 0.21071807
30 1 0.21099004
0 2 0.21101153
1 2 0.21124175
2 2 0.21264486
3 2 0.21396762
4 2 0.21406601
5 2 0.21432212
6 2 0.21482873
7 2 0.21529822
8 2 0.21585901
9 2 0.2163141
10 2 0.21664931
11 2 0.21625648
12 2 0.21603993
13 2 0.21606849
14 2 0.21630824
15 2 0.21653603
16 2 0.2166459
17 2 0.21678115
18 2 0.21691592
19 2 0.21706973
20 2 0.21712148
21 2 0.21727042
22 2 0.21739346
23 2 0.21751896
24 2 0.21755679
25 2 0.21756925
26 2 0.21758243
27 2 0.21761051
28 2 0.2176879
29 2 0.21798185
30 2 0.21808659
0 3 0.21859416
1 3 0.21942817
2 3 0.22059175
3 3 0.2212949
4 3 0.22172849
5 3 0.22218773
6 3 0.22258763
7 3 0.22276635
8 3 0.22297363
9 3 0.22308496
10 3 0.22328393
11 3 0.22850594
12 3 0.23114954
13 3 0.2320226
14 3 0.23256825
15 3 0.23302725
16 3 0.23325063
17 3 0.23344596
18 3 0.23358512
19 3 0.2336403
20 3 0.23370402
21 3 0.23384391
22 3 0.23407243
23 3 0.23410612
24 3 0.23423038
25 3 0.23423503
26 3 0.23437272
27 3 0.23452629
28 3 0.2346027
29 3 0.23467448
30 3 0.23484734
0 4 0.23559393
1 4 0.23649898
2 4 0.23757395
3 4 0.2381074
4 4 0.23831004
5 4 0.2386162
6 4 0.2387219
7 4 0.2388557
8 4 0.23900194
9 4 0.23885864
10 4 0.23888989
11 4 0.23886962
12 4 0.23880151
13 4 0.23884301
14 4 0.23881151
15 4 0.23877464
16 4 0.23876977
17 4 0.23870458
18 4 0.23866552
19 4 0.23865135
20 4 0.23864232
21 4 0.23869237
22 4 0.23882274
23 4 0.23900707
24 4 0.23910767
25 4 0.23913696
26 4 0.23924585
27 4 0.2393728
28 4 0.2395581
29 4 0.23962818
30 4 0.23978956
0 5 0.23969263
1 5 0.24060842
2 5 0.24137942
3 5 0.24186528
4 5 0.24220219
5 5 0.2423206
6 5 0.26265416
7 5 0.26904416
8 5 0.2717012
9 5 0.27297732
10 5 0.27342215
11 5 0.2747493
12 5 0.27774987
13 5 0.27824205
14 5 0.2784393
15 5 0.27850425
16 5 0.27854478
17 5 0.2784647
18 5 0.27832946
19 5 0.27819762
20 5 0.2780792
21 5 0.2778568
22 5 0.2777169
23 5 0.27766466
24 5 0.27751645
25 5 0.2774327
26 5 0.27733895
27 5 0.27719295
28 5 0.27715927
29 5 0.27701157
30 5 0.2768895
0 6 0.27697128
1 6 0.27783823
2 6 0.27791637
3 6 0.27768418
4 6 0.27752793
5 6 0.27737093
6 6 0.2771871
7 6 0.27692366
8 6 0.2766805
9 6 0.27640975
10 6 0.27589363
11 6 0.27570638
12 6 0.27577254
13 6 0.27559185
14 6 0.2752735
15 6 0.2751712
16 6 0.27493438
17 6 0.27476323
18 6 0.27460235
19 6 0.2743936
20 6 0.27420074
21 6 0.27414042
22 6 0.2739722
23 6 0.27389604
24 6 0.27379668
25 6 0.2737117
26 6 0.27368045
27 6 0.27366483
28 6 0.27363017
29 6 0.27359843
30 6 0.27354497
0 7 0.27355984
1 7 0.27418047
2 7 0.27458623
3 7 0.2745789
4 7 0.27450004
5 7 0.2744256
6 7 0.2743062
7 7 0.27420488
8 7 0.2740867
9 7 0.27371708
10 7 0.27322146
11 7 0.27295414
12 7 0.2727039
13 7 0.27250978
14 7 0.27235964
15 7 0.2723069
16 7 0.27228272
17 7 0.27222487
18 7 0.2721731
19 7 0.27199832
20 7 0.27191114
21 7 0.27187258
22 7 0.27188405
23 7 0.2719646
24 7 0.27199414
25 7 0.27207106
26 7 0.27215627
27 7 0.27217457
28 7 0.27217945
29 7 0.27219948
30 7 0.27224123
0 8 0.27266848
1 8 0.27315775
2 8 0.27369243
3 8 0.273959
4 8 0.273982
5 8 0.2739241
6 8 0.2738367
7 8 0.27371195
8 8 0.2747376
9 8 0.27797106
10 8 0.27755284
11 8 0.2781273
12 8 0.27818567
13 8 0.27803746
14 8 0.27794906
15 8 0.27791855
16 8 0.27786216
17 8 0.27764463
18 8 0.27725548
19 8 0.27691928
20 8 0.2766949
21 8 0.2765904
22 8 0.2766241
23 8 0.2766866
24 8 0.27685237
25 8 0.27693978
26 8 0.27709067
27 8 0.27717757
28 8 0.27719712
29 8 0.2773026
30 8 0.27740562
0 9 0.27790195
1 9 0.27820617
2 9 0.27868396
3 9 0.27891517
4 9 0.27893567
5 9 0.27887195
6 9 0.27878624
7 9 0.27869982
8 9 0.2785404
9 9 0.27834728
10 9 0.27777696
11 9 0.27762118
12 9 0.2773082
13 9 0.27722323
14 9 0.27724156
15 9 0.27724984
16 9 0.27727133
17 9 0.038190525
18 9 0.062326394
19 9 0.12666698
20 9 0.059009448
21 9 0.009435203
22 9 0.10724212
23 9 0.15608197
24 9 0.17237715
25 9 0.18286632
26 9 0.19051659
27 9 0.19633698
28 9 0.20109463
29 9 0.20507076
30 9 0.20846778
0 10 0.22285473
1 10 0.22449782
2 10 0.22587846
3 10 0.22720562
4 10 0.22826862
5 10 0.22933945
6 10 0.23032238
7 10 0.23128161
8 10 0.23217909
9 10 0.23308828
10 10 0.23392107
11 10 0.23447746
12 10 0.23510297
13 10 0.23592061
14 10 0.23668672
15 10 0.23047008
16 10 0.19360282
17 10 0.12414594
18 10 0.09153729
19 10 0.04907912
20 10 0.09183148
21 10 0.007899291
22 10 0.012737256
23 10 0.10598673
24 10 0.1353717
25 10 0.14992368
26 10 0.1596023
27 10 0.16680211
28 10 0.17250606
29 10 0.17727834
30 10 0.18125595
0 11 0.17818022
1 11 0.18534829
2 11 0.1893967
3 11 0.19249636
4 11 0.19494365
5 11 0.19703157
6 11 0.19897619
7 11 0.20072621
8 11 0.20241082
9 11 0.20409492
10 11 0.20546554
11 11 0.20664012
12 11 0.208032
13 11 0.20930056
14 11 0.21068853
15 11 0.1805411
16 11 0.18821552
17 11 0.13503648
18 11 0.18175498
19 11 0.14754571
20 11 0.10688786
21 11 0.060583934
22 11 0.05012235
23 11 0.090133704
24 11 0.14062105
25 11 0.1558581
26 11 0.1649034
27 11 0.17135224
28 11 0.17632155
29 11 0.18033089
30 11 0.18378943
0 12 0.17612623
1 12 0.18228331
2 12 0.18679631
3 12 0.19006932
4 12 0.19251002
5 12 0.1946353
6 12 0.19651668
7 12 0.19831212
8 12 0.19996913
9 12 0.20145352
10 12 0.20281194
11 12 0.20409028
12 12 0.20513815
13 12 0.20645946
14 12 0.18363367
15 12 0.2003434
16 12 0.19850816
17 12 0.200694
18 12 0.18841133
19 12 0.15719675
20 12 0.07871507
21 12 0.019584527
22 12 0.011372977
23 12 0.0083248345
24 12 0.10113265
25 12 0.13177522
26 12 0.14568777
27 12 0.1546723
28 12 0.16121683
29 12 0.16638292
30 12 0.17063078
0 13 0.1665963
1 13 0.1737446
2 13 0.17808695
3 13 0.18126962
4 13 0.1838097
5 13 0.18602555
6 13 0.18804488
7 13 0.1899282
8 13 0.19169678
9 13 0.19339333
10 13 0.1949627
11 13 0.19627863
12 13 0.19761972
13 13 0.19901524
14 13 0.18957467
15 13 0.1958858
16 13 0.19874254
17 13 0.17230952
18 13 0.18785176
19 13 0.11664558
20 13 0.15824656
21 13 0.10558755
22 13 0.07044883
23 13 0.05449717
24 13 0.10567374
25 13 0.13882121
26 13 0.15196985
27 13 0.16014943
28 13 0.16599643
29 13 0.17056046
30 13 0.17424583
0 14 0.17411937
1 14 0.17873076
2 14 0.1823026
3 14 0.18509902
4 14 0.18719012
5 14 0.18900484
6 14 0.19063866
7 14 0.19220948
8 14 0.19384646
9 14 0.19523712
10 14 0.19652376
11 14 0.19766635
12 14 0.19885826
13 14 0.19726986
14 14 0.20024672
15 14 0.20156778
16 14 0.14521804
17 14 0.13650794
18 14 0.10726043
19 14 0.10960812
20 14 0.17165107
21 14 0.11205421
22 14 0.085995704
23 14 0.069014
24 14 0.10860762
25 14 0.14794245
26 14 0.16012672
27 14 0.16738097
28 14 0.17252631
29 14 0.17652443
30 14 0.17985578
0 15 0.17464647
1 15 0.18122372
2 15 0.18508804
3 15 0.18792427
4 15 0.1900178
5 15 0.19177124
6 15 0.19333792
7 15 0.19492973
8 15 0.19629304
9 15 0.19798668
10 15 0.19926623
11 15 0.20018715
12 15 0.20117226
13 15 0.20207927
14 15 0.1980272
15 15 0.19926281
16 15 0.2000873
17 15 0.20138687
18 15 0.1889648
19 15 0.110882066
20 15 0.10768793
21 15 0.11483452
22 15 0.10680803
23 15 0.03306984
24 15 0.10317321
25 15 0.14150876
26 15 0.155049
27 15 0.163242
28 15 0.16905923
29 15 0.17357345
30 15 0.17727469
0 16 0.1753435
1 16 0.17994416
2 16 0.18337195
3 16 0.18611075
4 16 0.18812153
5 16 0.18986619
6 16 0.19140063
7 16 0.1928423
8 16 0.19425151
9 16 0.19591682
10 16 0.19709359
11 16 0.19806236
12 16 0.19905993
13 16 0.19885948
14 16 0.1770054
15 16 0.1307647
16 16 0.18150376
17 16 0.18865962
18 16 0.19513068
19 16 0.13959588
20 16 0.15556952
21 16 0.12130923
22 16 0.090950124
23 16 0.05179449
24 16 0.11082787
25 16 0.14480935
26 16 0.15774924
27 16 0.16567148
28 16 0.17139618
29 16 0.1758645
30 16 0.17943317
0 17 0.17823784
1 17 0.1822816
2 17 0.18533316
3 17 0.18783149
4 17 0.18958053
5 17 0.19113402
6 17 0.19251736
7 17 0.19397464
8 17 0.19520368
9 17 0.19672908
10 17 0.19793907
11 17 0.19873106
12 17 0.19966687
13 17 0.20054872
14 17 0.20018934
15 17 0.19898912
16 17 0.20125723
17 17 0.20227751
18 17 0.2038061
19 17 0.204748
20 17 0.18335754
21 17 0.068564035
22 17 0.119979374
23 17 0.024463998
24 17 0.12454438
25 17 0.15119396
26 17 0.16307037
27 17 0.17047234
28 17 0.17573804
29 17 0.17978302
30 17 0.18312903
0 18 0.1834237
1 18 0.18766278
2 18 0.19026634
3 18 0.19230324
4 18 0.19392924
5 18 0.19519146
6 18 0.19641292
7 18 0.1976102
8 18 0.19878869
9 18 0.19987391
10 18 0.20089638
11 18 0.20166324
12 18 0.20272014
13 18 0.20356244
14 18 0.20433906
15 18 0.20507784
16 18 0.20050965
17 18 0.20609154
18 18 0.20602976
19 18 0.20767383
20 18 0.204154
21 18 0.11467778
22 18 0.11131249
23 18 0.15247694
24 18 0.17223945
25 18 0.18072298
26 18 0.18606266
27 18 0.1898613
28 18 0.192761
29 18 0.19514947
30 18 0.19714315
0 19 0.19372733
1 19 0.19730575
2 19 0.19962855
3 19 0.20139322
4 19 0.20261736
5 19 0.20366205
6 19 0.20460762
7 19 0.20558737
8 19 0.20651342
9 19 0.20733447
10 19 0.20815308
11 19 0.20870632
12 19 0.20957205
13 19 0.21039335
14 19 0.21105108
15 19 0.2117525
16 19 0.21234944
17 19 0.21237336
18 19 0.21353231
19 19 0.21421544
20 19 0.21493225
21 19 0.14049238
22 19 0.14837386
23 19 0.1842201
24 19 0.19284134
25 19 0.19780576
26 19 0.20112735
27 19 0.20368011
28 19 0.20570065
29 19 0.20742065
30 19 0.20888893
0 20 0.20600754
1 20 0.20896927
2 20 0.2109085
3 20 0.21243684
4 20 0.21351987
5 20 0.21430308
6 20 0.2151068
7 20 0.21593373
8 20 0.21660756
9 20 0.21720205
10 20 0.21779679
11 20 0.21826969
12 20 0.21905658
13 20 0.21960394
14 20 0.22021797
15 20 0.22079195
16 20 0.21570593
17 20 0.22107834
18 20 0.20801343
19 20 0.21990326
20 20 0.2215361
21 20 0.2225095
22 20 0.22330102
23 20 0.2241592
24 20 0.22482106
25 20 0.22541165
26 20 0.22606547
27 20 0.22660089
28 20 0.22712384
29 20 0.22764093
30 20 0.22812702
0 21 0.22649516
1 21 0.22803742
2 21 0.22909652
3 21 0.2300958
4 21 0.23059118
5 21 0.23102233
6 21 0.23131701
7 21 0.23162903
8 21 0.23206922
9 21 0.23215955
10 21 0.23239417
11 21 0.23260342
12 21 0.23299502
13 21 0.23337613
14 21 0.23374234
15 21 0.23412369
16 21 0.23443328
17 21 0.23471697
18 21 0.23510297
19 21 0.23534442
20 21 0.2356203
21 21 0.2359543
22 21 0.23618647
23 21 0.23654781
24 21 0.23679292
25 21 0.23710983
26 21 0.23735105
27 21 0.23761813
28 21 0.23787522
29 21 0.23811278
30 21 0.23833202
0 22 0.23957886
1 22 0.24050368
2 22 0.24089724
3 22 0.24148391
4 22 0.24164969
5 22 0.24181034
6 22 0.24200884
7 22 0.24211478
8 22 0.24212724
9 22 0.24213994
10 22 0.24233964
11 22 0.24240655
12 22 0.24265483
13 22 0.24299762
14 22 0.24316925
15 22 0.24342681
16 22 0.24363458
17 22 0.24388923
18 22 0.24408771
19 22 0.24431527
20 22 0.24450324
21 22 0.2446556
22 22 0.24489023
23 22 0.24524765
24 22 0.24535458
25 22 0.2455875
26 22 0.24570395
27 22 0.24602574
28 22 0.24625841
29 22 0.24618809
30 22 0.24654284
0 23 0.24690881
1 23 0.24765344
2 23 0.24810706
3 23 0.24863636
4 23 0.24885537
5 23 0.24900869
6 23 0.24912979
7 23 0.24921963
8 23 0.2492355
9 23 0.2493837
10 23 0.24951163
11 23 0.24965177
12 23 0.24999137
13 23 0.25031632
14 23 0.2505983
15 23 0.2508161
16 23 0.25111297
17 23 0.25125164
18 23 0.25149116
19 23 0.25170112
20 23 0.2519494
21 23 0.25213984
22 23 0.25233346
23 23 0.25246796
24 23 0.25267208
25 23 0.25287887
26 23 0.25313228
27 23 0.25324678
28 23 0.25341916
29 23 0.25363767
30 23 0.253822
0 24 0.2542368
1 24 0.25470996
2 24 0.25515428
3 24 0.25589064
4 24 0.25613332
5 24 0.2561477
6 24 0.2561858
7 24 0.25629884
8 24 0.25630566
9 24 0.25645754
10 24 0.2565403
11 24 0.25674734
12 24 0.2569822
13 24 0.25719535
14 24 0.25744045
15 24 0.25765872
16 24 0.25787064
17 24 0.25815335
18 24 0.25828153
19 24 0.25845706
20 24 0.25864702
21 24 0.2587349
22 24 0.25892192
23 24 0.25914752
24 24 0.2592325
25 24 0.25940827
26 24 0.25955474
27 24 0.25965607
28 24 0.25977913
29 24 0.2599273
30 24 0.26011506
0 25 0.2597142
1 25 0.26016706
2 25 0.260566
3 25 0.26115608
4 25 0.26134238
5 25 0.26144564
6 25 0.26153085
7 25 0.26163706
8 25 0.2616256
9 25 0.26165757
10 25 0.26169664
11 25 0.26186192
12 25 0.26210287
13 25 0.2622584
14 25 0.26259458
15 25 0.26281163
16 25 0.26298255
17 25 0.26315978
18 25 0.26334387
19 25 0.2632035
20 25 0.26351136
21 25 0.2636671
22 25 0.2638534
23 25 0.2641012
24 25 0.26418716
25 25 0.26433924
26 25 0.26453945
27 25 0.26466468
28 25 0.26480922
29 25 0.2649557
30 25 0.26515737
0 26 0.2652675
1 26 0.26566714
2 26 0.2659472
3 26 0.26646674
4 26 0.26666692
5 26 0.26674578
6 26 0.26683098
7 26 0.26688373
8 26 0.26685688
9 26 0.26689252
10 26 0.2669362
11 26 0.2671005
12 26 0.2671733
13 26 0.26736006
14 26 0.267644
15 26 0.26773116
16 26 0.26793817
17 26 0.26814863
18 26 0.26817793
19 26 0.26834932
20 26 0.26844797
21 26 0.26862204
22 26 0.26868892
23 26 0.2688603
24 26 0.26903462
25 26 0.26916915
26 26 0.26922727
27 26 0.26939207
28 26 0.26952854
29 26 0.26981077
30 26 0.2699033
0 27 0.26940867
1 27 0.26996627
2 27 0.26976633
3 27 0.27099097
4 27 0.27117798
5 27 0.2713015
6 27 0.27139965
7 27 0.27144116
8 27 0.27141798
9 27 0.271428
10 27 0.27150708
11 27 0.2716704
12 27 0.27178738
13 27 0.27197585
14 27 0.2721819
15 27 0.27228272
16 27 0.27239895
17 27 0.2725796
18 27 0.2727039
19 27 0.27291116
20 27 0.27301222
21 27 0.27317533
22 27 0.27323318
23 27 0.27340508
24 27 0.27355376
25 27 0.27367947
26 27 0.27386087
27 27 0.27399272
28 27 0.274169
29 27 0.27419928
30 27 0.27429178
0 28 0.27280155
1 28 0.27349636
2 28 0.27339873
3 28 0.27454278
4 28 0.27477592
5 28 0.27493513
6 28 0.2750335
7 28 0.27505547
8 28 0.27495268
9 28 0.27496
10 28 0.2750667
11 28 0.2751668
12 28 0.2751844
13 28 0.2752569
14 28 0.2754212
15 28 0.27549177
16 28 0.27556232
17 28 0.27569515
18 28 0.27572712
19 28 0.2758206
20 28 0.27590704
21 28 0.27606234
22 28 0.27614877
23 28 0.2761832
24 28 0.2761966
25 28 0.27627352
26 28 0.2763907
27 28 0.27643198
28 28 0.27650082
29 28 0.27661142
30 28 0.27667293
0 29 0.2747515
1 29 0.27544466
2 29 0.2752818
3 29 0.27642
4 29 0.27667
5 29 0.2767484
6 29 0.27682406
7 29 0.2768756
8 29 0.27682602
9 29 0.27681258
10 29 0.2768641
11 29 0.2769188
12 29 0.2770931
13 29 0.27718735
14 29 0.27733162
15 29 0.27744126
16 29 0.2776009
17 29 0.2776837
18 29 0.2777296
19 29 0.2778702
20 29 0.2779271
21 29 0.27799425
22 29 0.2781346
23 29 0.27818322
24 29 0.27818882
25 29 0.278202
26 29 0.27839318
27 29 0.27837706
28 29 0.27842003
29 29 0.2784508
30 29 0.2784906
0 30 0.27591732
1 30 0.2766905
2 30 0.27657673
3 30 0.27777404
4 30 0.27819005
5 30 0.27836168
6 30 0.2784767
7 30 0.2786527
8 30 0.27866882
9 30 0.2787064
10 30 0.27883726
11 30 0.27901575
12 30 0.27920055
13 30 0.27941784
14 30 0.27967444
15 30 0.27986926
16 30 0.28019056
17 30 0.28023866
18 30 0.28040737
19 30 0.28053725
20 30 0.28068668
21 30 0.28075308
22 30 0.2809462
23 30 0.28113028
24 30 0.2811923
25 30 0.28122988
26 30 0.28133366
27 30 0.2814247
28 30 0.28149453
29 30 0.28163663
30 30 0.28169376
