0 0 0.4050992
1 0 0.40615222
2 0 0.4071742
3 0 0.40838492
4 0 0.40952116
5 0 0.41147235
6 0 0.41309178
7 0 0.41502684
8 0 0.41678885
9 0 0.4185843
10 0 0.42022568
11 0 0.42178014
12 0 0.42337
13 0 0.42510173
14 0 0.4264538
15 0 0.42791182
16 0 0.4291257
17 0 0.4301472
18 0 0.4313462
19 0 0.43254665
20 0 0.43370414
21 0 0.43471318
22 0 0.43549666
23 0 0.43639803
24 0 0.4372645
25 0 0.43799376
26 0 0.43851575
27 0 0.43898693
28 0 0.4392843
29 0 0.43951747
30 0 0.43981287
0 1 0.4411984
1 1 0.44028383
2 1 0.43926796
3 1 0.438557
4 1 0.43849376
5 1 0.4382308
6 1 0.43790343
7 1 0.43749228
8 1 0.43749863
9 1 0.43831334
10 1 0.43849108
11 1 0.43950745
12 1 0.43971816
13 1 0.44071305
14 1 0.44147795
15 1 0.4420551
16 1 0.44248188
17 1 0.44265863
18 1 0.44301802
19 1 0.44350043
20 1 0.4440029
21 1 0.444499
22 1 0.44467354
23 1 0.4447651
24 1 0.44514352
25 1 0.4455046
26 1 0.44574484
27 1 0.44607788
28 1 0.44649535
29 1 0.4472256
30 1 0.44793728
0 2 0.4525289
1 2 0.45153815
2 2 0.45078424
3 2 0.45030695
4 2 0.45015508
5 2 0.45019975
6 2 0.45030034
7 2 0.45052764
8 2 0.4513255
9 2 0.4521666
10 2 0.45295492
11 2 0.45373327
12 2 0.45422107
13 2 0.45473155
14 2 0.45529968
15 2 0.45586878
16 2 0.45651576
17 2 0.4570314
18 2 0.4575617
19 2 0.45843205
20 2 0.45902607
21 2 0.45973065
22 2 0.46053782
23 2 0.46125463
24 2 0.46184275
25 2 0.46267286
26 2 0.46352905
27 2 0.46322194
28 2 0.4639165
29 2 0.4646968
30 2 0.46558282
0 3 0.46794808
1 3 0.4670992
2 3 0.4665379
3 3 0.4660799
4 3 0.46556863
5 3 0.46544805
6 3 0.4647737
7 3 0.46465358
8 3 0.46518144
9 3 0.46599564
10 3 0.46661848
11 3 0.4672862
12 3 0.4677584
13 3 0.46809286
14 3 0.46854183
15 3 0.46886873
16 3 0.46922886
17 3 0.46959117
18 3 0.4700111
19 3 0.47036168
20 3 0.47086537
21 3 0.4712091
22 3 0.47174257
23 3 0.47204483
24 3 0.47226357
25 3 0.47255948
26 3 0.47308683
27 3 0.4735878
28 3 0.47393376
29 3 0.47429192
30 3 0.47456244
0 4 0.47971973
1 4 0.47903273
2 4 0.47817943
3 4 0.47759104
4 4 0.47716722
5 4 0.47659835
6 4 0.47575605
7 4 0.47582272
8 4 0.47657466
9 4 0.47725242
10 4 0.47804418
11 4 0.47859716
12 4 0.4790696
13 4 0.4793894
14 4 0.4795757
15 4 0.47987598
16 4 0.48013502
17 4 0.48044142
18 4 0.48056692
19 4 0.48087406
20 4 0.4812349
21 4 0.48154446
22 4 0.48158255
23 4 0.48186383
24 4 0.48216337
25 4 0.48213896
26 4 0.4825772
27 4 0.48281133
28 4 0.48307258
29 4 0.4833172
30 4 0.4835809
0 5 0.48958927
1 5 0.48871744
2 5 0.48759732
3 5 0.48662025
4 5 0.4862169
5 5 0.4856129
6 5 0.4843094
7 5 0.48404086
8 5 0.4846412
9 5 0.48542222
10 5 0.4862091
11 5 0.48711976
12 5 0.4880016
13 5 0.4887687
14 5 0.48973137
15 5 0.49054316
16 5 0.49136397
17 5 0.4922226
18 5 0.49296358
19 5 0.4935752
20 5 0.49417236
21 5 0.49470264
22 5 0.49522778
23 5 0.49563086
24 5 0.4960784
25 5 0.49643314
26 5 0.49687895
27 5 0.49712822
28 5 0.4975462
29 5 0.49777985
30 5 0.49805573
0 6 0.50415957
1 6 0.5029408
2 6 0.50205284
3 6 0.5013414
4 6 0.5009356
5 6 0.5005863
6 6 0.5001766
7 6 0.50065464
8 6 0.5008834
9 6 0.50160336
10 6 0.50208265
11 6 0.50267565
12 6 0.50302774
13 6 0.5032272
14 6 0.5036969
15 6 0.50409365
16 6 0.504422
17 6 0.50470936
18 6 0.5050424
19 6 0.5054677
20 6 0.5058293
21 6 0.5061752
22 6 0.5066191
23 6 0.5069235
24 6 0.5072724
25 6 0.50765646
26 6 0.5078891
27 6 0.50822186
28 6 0.5085268
29 6 0.5087375
30 6 0.50906616
0 7 0.51483357
1 7 0.5137627
2 7 0.5128523
3 7 0.5121856
4 7 0.51204664
5 7 0.5116321
6 7 0.5116301
7 7 0.5121707
8 7 0.51268506
9 7 0.5132271
10 7 0.51377445
11 7 0.5143204
12 7 0.51464313
13 7 0.5133111
14 7 0.5137061
15 7 0.5145882
16 7 0.51513803
17 7 0.5156458
18 7 0.51615655
19 7 0.5166832
20 7 0.5173636
21 7 0.5178619
22 7 0.5182933
23 7 0.51868886
24 7 0.5191429
25 7 0.51962805
26 7 0.5199035
27 7 0.52017736
28 7 0.5203815
29 7 0.5206635
30 7 0.5209418
0 8 0.5267044
1 8 0.5257114
2 8 0.52487886
3 8 0.524228
4 8 0.5241457
5 8 0.52406025
6 8 0.5239616
7 8 0.5245837
8 8 0.5251672
9 8 0.52582395
10 8 0.52638453
11 8 0.5269336
12 8 0.5273294
13 8 0.5277051
14 8 0.5282017
15 8 0.5286385
16 8 0.5288616
17 8 0.5292972
18 8 0.52967024
19 8 0.5299876
20 8 0.5305662
21 8 0.5308829
22 8 0.5313035
23 8 0.5317274
24 8 0.53216195
25 8 0.53267074
26 8 0.5328006
27 8 0.533058
28 8 0.5331727
29 8 0.5335985
30 8 0.53395444
0 9 0.53958005
1 9 0.5385087
2 9 0.53767055
3 9 0.5369989
4 9 0.5368827
5 9 0.53668255
6 9 0.5367682
7 9 0.53752553
8 9 0.5380412
9 9 0.53868645
10 9 0.5392331
11 9 0.53983396
12 9 0.5402302
13 9 0.5406845
14 9 0.5411601
15 9 0.541438
16 9 0.54163307
17 9 0.22412892
18 9 0.2705847
19 9 0.23252113
20 9 0.27448907
21 9 0.30199388
22 9 0.26544204
23 9 0.18672161
24 9 0.36262444
25 9 0.41109636
26 9 0.4337884
27 9 0.44908693
28 9 0.46046725
29 9 0.4696212
30 9 0.47717747
0 10 0.4973758
1 10 0.50089145
2 10 0.50393933
3 10 0.50622064
4 10 0.50837815
5 10 0.50972754
6 10 0.5115613
7 10 0.51353914
8 10 0.515627
9 10 0.5173568
10 10 0.5189806
11 10 0.5206105
12 10 0.52187663
13 10 0.5233679
14 10 0.52452314
15 10 0.5253755
16 10 0.20648436
17 10 0.37839496
18 10 0.45213386
19 10 0.47812986
20 10 0.49077046
21 10 0.49898565
22 10 0.5047755
23 10 0.50917065
24 10 0.51326764
25 10 0.5149241
26 10 0.5179554
27 10 0.519933
28 10 0.5215746
29 10 0.5231325
30 10 0.52468085
0 11 0.51815635
1 11 0.5208175
2 11 0.52209514
3 11 0.52215177
4 11 0.52367574
5 11 0.52514255
6 11 0.5266231
7 11 0.527916
8 11 0.52918386
9 11 0.53056353
10 11 0.5317872
11 11 0.5328424
12 11 0.53366244
13 11 0.534672
14 11 0.5352252
15 11 0.5357655
16 11 0.3875218
17 11 0.44872218
18 11 0.49509668
19 11 0.26849726
20 11 0.20245744
21 11 0.41092157
22 11 0.45057037
23 11 0.46806818
24 11 0.48028615
25 11 0.4129658
26 11 0.4526573
27 11 0.47801074
28 11 0.48892814
29 11 0.49627858
30 11 0.50185096
0 12 0.49949545
1 12 0.504453
2 12 0.5074338
3 12 0.5091631
4 12 0.511679
5 12 0.51403743
6 12 0.5162706
7 12 0.5181808
8 12 0.52018523
9 12 0.52199847
10 12 0.523768
11 12 0.52565455
12 12 0.52683717
13 12 0.52797806
14 12 0.52895
15 12 0.23908764
16 12 0.18612003
17 12 0.43287626
18 12 0.46885604
19 12 0.48500156
20 12 0.49504322
21 12 0.0028730908
22 12 0.27926818
23 12 0.38508818
24 12 0.4245116
25 12 0.28410104
26 12 0.27297926
27 12 0.390088
28 12 0.4280615
29 12 0.4469707
30 12 0.45982003
0 13 0.48110014
1 13 0.48793203
2 13 0.49164498
3 13 0.49302757
4 13 0.49617165
5 13 0.4990716
6 13 0.5019012
7 13 0.5044367
8 13 0.5069619
9 13 0.50937426
10 13 0.51125294
11 13 0.51318926
12 13 0.51510775
13 13 0.5163804
14 13 0.35646346
15 13 0.29306528
16 13 0.31286222
17 13 0.38994738
18 13 0.45849016
19 13 0.4752934
20 13 0.4854266
21 13 0.49208614
22 13 0.49788067
23 13 0.50069714
24 13 0.5041505
25 13 0.506446
26 13 0.16714025
27 13 0.4026944
28 13 0.45137873
29 13 0.46992564
30 13 0.48132622
0 14 0.49142158
1 14 0.49549195
2 14 0.49954915
3 14 0.50098914
4 14 0.50358534
5 14 0.50632465
6 14 0.50880903
7 14 0.5111206
8 14 0.5132156
9 14 0.51494145
10 14 0.5167799
11 14 0.51866734
12 14 0.5198268
13 14 0.52083266
14 14 0.054712996
15 14 0.28138468
16 14 0.30935606
17 14 0.37554213
18 14 0.42193174
19 14 0.4108156
20 14 0.4544325
21 14 0.4657962
22 14 0.47581148
23 14 0.4817735
24 14 0.48663145
25 14 0.4906972
26 14 0.4711747
27 14 0.49469897
28 14 0.4987115
29 14 0.5016681
30 14 0.50451624
0 15 0.4935532
1 15 0.49806425
2 15 0.5012567
3 15 0.50221545
4 15 0.50447327
5 15 0.50696576
6 15 0.5088569
7 15 0.5108247
8 15 0.51259106
9 15 0.5144478
10 15 0.51618683
11 15 0.5179037
12 15 0.51899624
13 15 0.5201034
14 15 0.5200385
15 15 0.52165425
16 15 0.5225988
17 15 0.52331734
18 15 0.5242282
19 15 0.5252285
20 15 0.52641505
21 15 0.5272424
22 15 0.52788013
23 15 0.5281394
24 15 0.52861136
25 15 0.52892804
26 15 0.5293284
27 15 0.52972883
28 15 0.5303682
29 15 0.5311033
30 15 0.5317801
0 16 0.52088934
1 16 0.5231423
2 16 0.52502316
3 16 0.5248603
4 16 0.52550805
5 16 0.52672535
6 16 0.52779543
7 16 0.52899295
8 16 0.53012675
9 16 0.531213
10 16 0.53209454
11 16 0.53266877
12 16 0.5331722
13 16 0.53367835
14 16 0.5339686
15 16 0.53459996
16 16 0.5349044
17 16 0.5353546
18 16 0.5358915
19 16 0.5364357
20 16 0.537184
21 16 0.5376938
22 16 0.53814715
23 16 0.5385412
24 16 0.5387873
25 16 0.5391845
26 16 0.53920794
27 16 0.53962815
28 16 0.5397851
29 16 0.54014325
30 16 0.54059863
0 17 0.54088867
1 17 0.5399655
2 17 0.54010516
3 17 0.5383371
4 17 0.5379037
5 17 0.53816205
6 17 0.53843546
7 17 0.53912836
8 17 0.5396755
9 17 0.5402031
10 17 0.5406599
11 17 0.54089767
12 17 0.5410664
13 17 0.54120165
14 17 0.54131395
15 17 0.54108715
16 17 0.54175806
17 17 0.54212135
18 17 0.542355
19 17 0.54278004
20 17 0.54330957
21 17 0.5436936
22 17 0.54389113
23 17 0.5441631
24 17 0.544324
25 17 0.5446802
26 17 0.54469585
27 17 0.54472417
28 17 0.5448228
29 17 0.54518706
30 17 0.5452686
0 18 0.5460096
1 18 0.54535526
2 18 0.5452701
3 18 0.5434341
4 18 0.5429231
5 18 0.5428638
6 18 0.5430166
7 18 0.54371
8 18 0.5440528
9 18 0.54463917
10 18 0.54489845
11 18 0.54515654
12 18 0.54504836
13 18 0.54513067
14 18 0.5452139
15 18 0.5454124
16 18 0.54275537
17 18 0.54346436
18 18 0.544282
19 18 0.54507965
20 18 0.5458223
21 18 0.54632425
22 18 0.5466988
23 18 0.5468585
24 18 0.5471417
25 18 0.5472218
26 18 0.54747105
27 18 0.54768854
28 18 0.5478253
29 18 0.5482474
30 18 0.5484347
0 19 0.54921204
1 19 0.54819787
2 19 0.54833674
3 19 0.5463206
4 19 0.54575396
5 19 0.5456844
6 19 0.54595536
7 19 0.54669535
8 19 0.54653376
9 19 0.546782
10 19 0.5473172
11 19 0.5473106
12 19 0.54722446
13 19 0.5472962
14 19 0.547523
15 19 0.5476155
16 19 0.5477066
17 19 0.5477828
18 19 0.5480013
19 19 0.548381
20 19 0.5487164
21 19 0.5489852
22 19 0.5492032
23 19 0.54923475
24 19 0.5492901
25 19 0.549692
26 19 0.5498902
27 19 0.55018836
28 19 0.5502699
29 19 0.55069053
30 19 0.55083215
0 20 0.5516298
1 20 0.55069834
2 20 0.5509655
3 20 0.54976135
4 20 0.5491605
5 20 0.54881454
6 20 0.54920226
7 20 0.5494986
8 20 0.5496085
9 20 0.54970616
10 20 0.54984164
11 20 0.5499029
12 20 0.54999864
13 20 0.55005556
14 20 0.5501971
15 20 0.5502694
16 20 0.55024475
17 20 0.5502662
18 20 0.55034167
19 20 0.5507062
20 20 0.550996
21 20 0.55121106
22 20 0.55123377
23 20 0.5513012
24 20 0.55157167
25 20 0.55194646
26 20 0.5522504
27 20 0.55239886
28 20 0.5527116
29 20 0.55280584
30 20 0.5530021
0 21 0.5535363
1 21 0.5529108
2 21 0.5522592
3 21 0.552143
4 21 0.55084926
5 21 0.5500233
6 21 0.5503737
7 21 0.5507174
8 21 0.5511776
9 21 0.5514589
10 21 0.5517228
11 21 0.55187976
12 21 0.5519459
13 21 0.55197084
14 21 0.55215126
15 21 0.5522575
16 21 0.5523571
17 21 0.5524606
18 21 0.55244887
19 21 0.552674
20 21 0.55276775
21 21 0.5529709
22 21 0.55319697
23 21 0.55324334
24 21 0.553684
25 21 0.55396456
26 21 0.5542016
27 21 0.5542387
28 21 0.55452704
29 21 0.55471796
30 21 0.5548674
0 22 0.5552375
1 22 0.5546921
2 22 0.554424
3 22 0.5540717
4 22 0.5545434
5 22 0.55330974
6 22 0.5531032
7 22 0.5530905
8 22 0.5532721
9 22 0.55365056
10 22 0.5539367
11 22 0.5540615
12 22 0.5540798
13 22 0.55403507
14 22 0.55417156
15 22 0.55429024
16 22 0.5544186
17 22 0.5545373
18 22 0.55463153
19 22 0.55473554
20 22 0.5550187
21 22 0.5552456
22 22 0.55536103
23 22 0.55541867
24 22 0.5556533
25 22 0.55585104
26 22 0.5560637
27 22 0.55620724
28 22 0.55624044
29 22 0.55641234
30 22 0.55665475
0 23 0.55660224
1 23 0.55559176
2 23 0.55539644
3 23 0.555184
4 23 0.5560593
5 23 0.554019
6 23 0.553486
7 23 0.5537223
8 23 0.5542028
9 23 0.55461174
10 23 0.5548378
11 23 0.5550795
12 23 0.5551906
13 23 0.5552236
14 23 0.5554875
15 23 0.55573165
16 23 0.5559143
17 23 0.5559206
18 23 0.5560705
19 23 0.5562395
20 23 0.5565207
21 23 0.5567273
22 23 0.55674803
23 23 0.55681396
24 23 0.5570681
25 23 0.557282
26 23 0.5574138
27 23 0.557676
28 23 0.55769825
29 23 0.55773264
30 23 0.55784863
0 24 0.5590105
1 24 0.55826586
2 24 0.5580251
3 24 0.55791306
4 24 0.557791
5 24 0.5577395
6 24 0.5577217
7 24 0.5577168
8 24 0.5575681
9 24 0.5570129
10 24 0.5554309
11 24 0.5551821
12 24 0.5553818
13 24 0.55582416
14 24 0.5562832
15 24 0.5567285
16 24 0.5569631
17 24 0.5571811
18 24 0.5572956
19 24 0.5575727
20 24 0.55784935
21 24 0.55799973
22 24 0.5582109
23 24 0.5582263
24 24 0.55847484
25 24 0.558729
26 24 0.55881107
27 24 0.55890405
28 24 0.55897045
29 24 0.5591885
30 24 0.5592678
0 25 0.5607571
1 25 0.56011236
2 25 0.55982304
3 25 0.55972415
4 25 0.55971366
5 25 0.5596775
6 25 0.55962086
7 25 0.5595769
8 25 0.5595298
9 25 0.5604058
10 25 0.55846775
11 25 0.55754757
12 25 0.5574541
13 25 0.55777097
14 25 0.5582119
15 25 0.5587417
16 25 0.5589724
17 25 0.55915356
18 25 0.5592368
19 25 0.5594309
20 25 0.5597173
21 25 0.55990577
22 25 0.5599795
23 25 0.5599839
24 25 0.5601734
25 25 0.56034744
26 25 0.5605457
27 25 0.560649
28 25 0.560647
29 25 0.5607249
30 25 0.5607566
0 26 0.56178594
1 26 0.561096
2 26 0.56079715
3 26 0.56072634
4 26 0.56067973
5 26 0.56060624
6 26 0.5605359
7 26 0.5604983
8 26 0.56051296
9 26 0.5603887
10 26 0.56096363
11 26 0.55924976
12 26 0.558719
13 26 0.5587283
14 26 0.5592178
15 26 0.55979127
16 26 0.5599519
17 26 0.56024927
18 26 0.56039333
19 26 0.560666
20 26 0.5608262
21 26 0.5609661
22 26 0.56105936
23 26 0.56107306
24 26 0.5612535
25 26 0.5614612
26 26 0.56172025
27 26 0.5617459
28 26 0.561741
29 26 0.56192195
30 26 0.5621629
0 27 0.56280965
1 27 0.56226736
2 27 0.5622283
3 27 0.5621978
4 27 0.5621702
5 27 0.562117
6 27 0.5620882
7 27 0.56199783
8 27 0.56203103
9 27 0.56207794
10 27 0.56213653
11 27 0.56218827
12 27 0.5622154
13 27 0.5622444
14 27 0.5616297
15 27 0.56046563
16 27 0.56023365
17 27 0.5607132
18 27 0.56121075
19 27 0.5614698
20 27 0.5621492
21 27 0.56239486
22 27 0.5626363
23 27 0.56272566
24 27 0.5628111
25 27 0.5630413
26 27 0.5632257
27 27 0.5632298
28 27 0.5632794
29 27 0.5634007
30 27 0.56369025
0 28 0.5644769
1 28 0.56373787
2 28 0.56345856
3 28 0.5632972
4 28 0.563234
5 28 0.5632198
6 28 0.5631663
7 28 0.56307405
8 28 0.5630667
9 28 0.56306547
10 28 0.5631175
11 28 0.56313264
12 28 0.5631541
13 28 0.5631883
14 28 0.5639112
15 28 0.56192875
16 28 0.56128764
17 28 0.5613345
18 28 0.5617969
19 28 0.5624769
20 28 0.56281793
21 28 0.56296396
22 28 0.5631634
23 28 0.5632193
24 28 0.56327814
25 28 0.56370246
26 28 0.56373125
27 28 0.563733
28 28 0.5637535
29 28 0.56388485
30 28 0.56398225
0 29 0.5650492
1 29 0.564285
2 29 0.56397516
3 29 0.56382453
4 29 0.5637423
5 29 0.563731
6 29 0.5637154
7 29 0.5636678
8 29 0.56364316
9 29 0.56365997
10 29 0.5636849
11 29 0.5636956
12 29 0.5637064
13 29 0.56372786
14 29 0.5637274
15 29 0.5646483
16 29 0.5628055
17 29 0.5619363
18 29 0.5618521
19 29 0.5623333
20 29 0.56281257
21 29 0.5633094
22 29 0.5633946
23 29 0.5637159
24 29 0.5637452
25 29 0.5639676
26 29 0.5640089
27 29 0.56416464
28 29 0.5641783
29 29 0.56421417
30 29 0.5642752
0 30 0.56544447
1 30 0.56466854
2 30 0.5642874
3 30 0.5641991
4 30 0.56404036
5 30 0.5639713
6 30 0.5638951
7 30 0.563849
8 30 0.56384504
9 30 0.56384456
10 30 0.5638602
11 30 0.5638612
12 30 0.56389314
13 30 0.5639554
14 30 0.5640118
15 30 0.5641214
16 30 0.56417197
17 30 0.5642166
18 30 0.56424713
19 30 0.5649921
20 30 0.56336826
21 30 0.5627816
22 30 0.5627747
23 30 0.5633272
24 30 0.56376886
25 30 0.5642374
26 30 0.56442565
27 30 0.5646854
28 30 0.564597
29 30 0.5647928
30 30 0.5651307
