0 0 -0.19271462
1 0 -0.19279592
2 0 -0.19291481
3 0 -0.1930098
4 0 -0.19310354
5 0 -0.19322121
6 0 -0.19358109
7 0 -0.19397758
8 0 -0.1947105
9 0 -0.19627595
10 0 -0.19811143
11 0 -0.20052797
12 0 -0.20365082
13 0 -0.20742334
14 0 -0.21179157
15 0 -0.21655042
16 0 -0.22300366
17 0 -0.22767854
18 0 -0.23557977
19 0 -0.24209721
20 0 -0.24843007
20 1 -0.25409228
19 1 -0.25826544
18 1 -0.26008627
17 1 -0.25933844
16 1 -0.2565618
15 1 -0.25243527
14 1 -0.2472384
13 1 -0.23967358
12 1 -0.23301089
11 1 -0.22679351
10 1 -0.22131833
9 1 -0.21624354
8 1 -0.21142267
7 1 -0.20721826
6 1 -0.20396553
5 1 -0.20159073
4 1 -0.19967005
3 1 -0.19814707
2 1 -0.19698617
1 1 -0.19668636
0 1 -0.196722
0 2 -0.19740267
1 2 -0.19838536
2 2 -0.19959803
3 2 -0.20090444
4 2 -0.20233561
5 2 -0.20363349
6 2 -0.20456173
7 2 -0.20610593
8 2 -0.20847927
9 2 -0.21132183
10 2 -0.21476036
11 2 -0.21888152
12 2 -0.22404371
13 2 -0.22997373
14 2 -0.23647334
15 2 -0.24308428
16 2 -0.24956314
17 2 -0.25554198
18 2 -0.26176915
19 2 -0.26617497
20 2 -0.27009836
20 3 -0.27354178
19 3 -0.27632722
18 3 -0.2784796
17 3 -0.28023255
16 3 -0.28164443
15 3 -0.2828212
14 3 -0.28385028
13 3 -0.28469428
12 3 -0.28556028
11 3 -0.28598166
10 3 -0.28627026
9 3 -0.28590646
8 3 -0.28463912
7 3 -0.28177238
6 3 -0.27753183
5 3 -0.2725442
4 3 -0.26720744
3 3 -0.26215196
2 3 -0.2573543
1 3 -0.25521973
0 3 -0.2535107
0 4 -0.25320187
1 4 -0.25336716
2 4 -0.25359493
3 4 -0.25365257
4 4 -0.25355807
5 4 -0.25306368
6 4 -0.25220087
7 4 -0.25068718
8 4 -0.2487582
9 4 -0.24695104
10 4 -0.24571542
11 4 -0.24578208
12 4 -0.24721082
13 4 -0.24989958
14 4 -0.25326705
15 4 -0.25671193
16 4 -0.26000714
17 4 -0.26312023
18 4 -0.2662023
19 4 -0.2693264
20 4 -0.27318093
20 5 -0.27649105
19 5 -0.2794154
18 5 -0.28207877
17 5 -0.28445333
16 5 -0.28658032
15 5 -0.2886526
14 5 -0.29059795
13 5 -0.29243806
12 5 -0.2940919
11 5 -0.295871
10 5 -0.29677504
9 5 -0.29608387
8 5 -0.29126275
7 5 -0.28059
6 5 -0.26703826
5 5 -0.25572363
4 5 -0.24812587
3 5 -0.24333794
2 5 -0.24103177
1 5 -0.24098733
0 5 -0.24324152
0 6 -0.24567491
1 6 -0.24745154
2 6 -0.24786487
3 6 -0.2470592
4 6 -0.24523568
5 6 -0.242106
6 6 -0.23638253
7 6 -0.22580546
8 6 -0.21142511
9 6 -0.19546539
10 6 -0.1878747
11 6 -0.18369421
12 6 -0.18307604
13 6 -0.18592985
14 6 -0.19129272
15 6 -0.1980421
16 6 -0.2050024
17 6 -0.21163507
18 6 -0.21779874
19 6 -0.22341992
20 6 -0.22845052
20 7 -0.2336249
19 7 -0.23701926
18 7 -0.23961255
17 7 -0.24148221
16 7 -0.24313653
15 7 -0.24454793
14 7 -0.24567978
13 7 -0.24654137
12 7 -0.24616368
11 7 -0.24006666
10 7 -0.22367823
9 7 -0.20012367
8 7 -0.18410657
7 7 -0.17432883
6 7 -0.16873427
5 7 -0.16746594
4 7 -0.1693129
3 7 -0.17270991
2 7 -0.17693411
1 7 -0.18200377
0 7 -0.18776996
0 8 -0.19349271
1 8 -0.19824718
2 8 -0.20033339
3 8 -0.20052919
4 8 -0.1989469
5 8 -0.19524859
6 8 -0.18790936
7 8 -0.17698269
8 8 -0.16781898
9 8 -0.16149198
10 8 -0.15670137
11 8 -0.15353775
12 8 -0.15471354
13 8 -0.15869701
14 8 -0.1640655
15 8 -0.17009929
16 8 -0.17641334
17 8 -0.18287095
18 8 -0.18902169
19 8 -0.19460967
20 8 -0.19959754
20 9 -0.20401143
19 9 -0.20832887
18 9 -0.21129279
17 9 -0.21381553
16 9 -0.2160243
15 9 -0.21791935
14 9 -0.21960394
13 9 -0.2207209
12 9 -0.2198481
11 9 -0.21264364
10 9 -0.19888365
9 9 -0.18523844
8 9 -0.1714394
7 9 -0.16574717
6 9 -0.16173734
5 9 -0.1617537
4 9 -0.16460823
3 9 -0.16902065
2 9 -0.17469236
1 9 -0.1809371
0 9 -0.1871928
0 10 -0.19296755
1 10 -0.19752988
2 10 -0.20108731
3 10 -0.20402777
4 10 -0.204967
5 10 -0.20399725
6 10 -0.19935632
7 10 -0.19013254
8 10 -0.17952862
9 10 -0.17155707
10 10 -0.1668319
11 10 -0.1645489
12 10 -0.16526839
13 10 -0.16787341
14 10 -0.17180121
15 10 -0.17563891
16 10 -0.1798526
17 10 -0.18416542
18 10 -0.18835932
19 10 -0.19226807
20 10 -0.19587457
20 11 -0.19914928
19 11 -0.2021674
18 11 -0.20493868
17 11 -0.20788696
16 11 -0.21010624
15 11 -0.21218562
14 11 -0.21407114
13 11 -0.2158058
12 11 -0.2172416
11 11 -0.21683925
10 11 -0.21264803
9 11 -0.20484078
8 11 -0.19539069
7 11 -0.18708368
6 11 -0.18073958
5 11 -0.17870952
4 11 -0.17911725
3 11 -0.1815399
2 11 -0.18520474
1 11 -0.18930978
0 11 -0.19351834
0 12 -0.19760947
1 12 -0.20140786
2 12 -0.20488253
3 12 -0.20871072
4 12 -0.21154255
5 12 -0.21401793
6 12 -0.21625185
7 12 -0.21794084
8 12 -0.21828313
9 12 -0.21660073
10 12 -0.21278524
11 12 -0.20829713
12 12 -0.20473947
13 12 -0.20361322
14 12 -0.20411445
15 12 -0.20619212
16 12 -0.20879616
17 12 -0.21137848
18 12 -0.21394956
19 12 -0.2165077
20 12 -0.2188139
20 13 -0.2210505
19 13 -0.22324023
18 13 -0.22524343
17 13 -0.22712848
16 13 -0.22884384
15 13 -0.23083703
14 13 -0.23244008
13 13 -0.23389786
12 13 -0.23537372
11 13 -0.23678438
10 13 -0.23819676
9 13 -0.2396023
8 13 -0.24074416
7 13 -0.2417532
6 13 -0.2425064
5 13 -0.2432127
4 13 -0.24393171
3 13 -0.2447408
2 13 -0.24570616
1 13 -0.24696814
0 13 -0.24863198
0 14 -0.2506325
1 14 -0.2529648
2 14 -0.25563478
3 14 -0.2580491
4 14 -0.26054987
5 14 -0.26298448
6 14 -0.26607317
7 14 -0.26957542
8 14 -0.27191162
9 14 -0.27472147
10 14 -0.27776742
11 14 -0.28093374
12 14 -0.28426215
13 14 -0.28782302
14 14 -0.291774
15 14 -0.29585242
16 14 -0.300247
17 14 -0.30581743
18 14 -0.30923203
19 14 -0.31424627
20 14 -0.31830224
20 15 -0.32177398
19 15 -0.32529917
18 15 -0.32851967
17 15 -0.3315661
16 15 -0.33466747
15 15 -0.3379395
14 15 -0.341358
13 15 -0.3450402
12 15 -0.34982884
11 15 -0.35422808
10 15 -0.3588014
9 15 -0.36354804
8 15 -0.3684292
7 15 -0.37322372
6 15 -0.37828386
5 15 -0.38370508
4 15 -0.3893363
3 15 -0.39548504
2 15 -0.40228325
1 15 -0.41145504
0 15 -0.41966072
0 16 -0.4280107
1 16 -0.43575764
2 16 -0.44269964
3 16 -0.4486609
4 16 -0.45381626
5 16 -0.45842865
6 16 -0.4626267
7 16 -0.46656892
8 16 -0.47105506
9 16 -0.47457856
10 16 -0.477937
11 16 -0.48111892
12 16 -0.48416147
13 16 -0.48710632
14 16 -0.48984295
15 16 -0.49231467
16 16 -0.49449244
17 16 -0.4964063
18 16 -0.49805766
19 16 -0.49971786
20 16 -0.50075793
20 17 -0.50139487
19 17 -0.5021713
18 17 -0.503037
17 17 -0.5041354
16 17 -0.5055224
15 17 -0.5071804
14 17 -0.50898457
13 17 -0.5108914
12 17 -0.51337653
11 17 -0.515107
10 17 -0.5176041
9 17 -0.5196256
8 17 -0.52151555
7 17 -0.523416
6 17 -0.5253056
5 17 -0.5272529
4 17 -0.52911013
3 17 -0.53091997
2 17 -0.53280723
1 17 -0.53466636
0 17 -0.5364523
0 18 -0.5384025
1 18 -0.5398171
2 18 -0.5410373
3 18 -0.54204565
4 18 -0.5430005
5 18 -0.5439141
6 18 -0.54490286
7 18 -0.54594344
8 18 -0.5470677
9 18 -0.54822326
10 18 -0.5494642
11 18 -0.55050695
12 18 -0.5515983
13 18 -0.5526762
14 18 -0.5536593
15 18 -0.55463034
16 18 -0.5555112
17 18 -0.55636835
18 18 -0.55719554
19 18 -0.5578123
20 18 -0.55829346
20 19 -0.5584175
19 19 -0.55862206
18 19 -0.55885035
17 19 -0.5591475
16 19 -0.55963796
15 19 -0.5601487
14 19 -0.56075174
13 19 -0.56139773
12 19 -0.5621136
11 19 -0.56294465
10 19 -0.5637345
9 19 -0.56457335
8 19 -0.56529015
7 19 -0.56599814
6 19 -0.5667616
5 19 -0.5674242
4 19 -0.56801164
3 19 -0.5685387
2 19 -0.5690177
1 19 -0.56942743
0 19 -0.56978506
0 20 -0.5700082
1 20 -0.5702138
2 20 -0.5704211
3 20 -0.57075214
4 20 -0.5711123
5 20 -0.571468
6 20 -0.571938
7 20 -0.5724304
8 20 -0.57301193
9 20 -0.57356006
10 20 -0.5741621
11 20 -0.5748025
12 20 -0.575562
13 20 -0.5763223
14 20 -0.5770584
15 20 -0.57784426
16 20 -0.5785882
17 20 -0.57941025
18 20 -0.58027595
19 20 -0.58097374
20 20 -0.58131796
