0 0 0.35109007
1 0 0.34999827
2 0 0.34598577
3 0 0.34823555
4 0 0.38825032
5 0 0.4004673
6 0 0.43024316
7 0 0.47184047
8 0 0.51929945
9 0 0.60160637
10 0 0.5817149
11 0 0.59976506
12 0 0.60792506
13 0 0.5959925
14 0 0.55918384
15 0 0.58990943
16 0 0.520757
17 0 0.4906081
18 0 0.4567316
19 0 0.3889698
20 0 0.3779477
20 1 0.3408033
19 1 0.37863934
18 1 0.4169617
17 1 0.43906578
16 1 0.45546767
15 1 0.5463858
14 1 0.47876757
13 1 0.5036056
12 1 0.52240056
11 1 0.58750653
10 1 0.522999
9 1 0.515513
8 1 0.49198383
7 1 0.48062357
6 1 0.42581487
5 1 0.36211735
4 1 0.3238304
3 1 0.30016255
2 1 0.28133464
1 1 0.23933105
0 1 0.219185
0 2 0.19443022
1 2 0.2416785
2 2 0.2678342
3 2 0.27568927
4 2 0.31641498
5 2 0.37823626
6 2 0.4318826
7 2 0.5037921
8 2 0.5206832
9 2 0.5398159
10 2 0.5311534
11 2 0.5446541
12 2 0.58064926
13 2 0.5694208
14 2 0.6988979
15 2 0.63382024
16 2 0.57994294
17 2 0.53792816
18 2 0.48096684
19 2 0.4375482
20 2 0.3931237
20 3 0.41723442
19 3 0.45488465
18 3 0.47964722
17 3 0.52563524
16 3 0.57720584
15 3 0.6280228
14 3 0.6703709
13 3 0.71328926
12 3 0.85668886
11 3 0.76601857
10 3 0.7549254
9 3 0.86944056
8 3 0.80907
7 3 0.73692924
6 3 0.6806259
5 3 0.61208946
4 3 0.54826593
3 3 0.48420638
2 3 0.40970793
1 3 0.37201667
0 3 0.3308586
0 4 0.31168738
1 4 0.3179233
2 4 0.38978356
3 4 0.47239152
4 4 0.65703446
5 4 0.69911176
6 4 0.8041549
7 4 0.87217546
8 4 0.95531905
9 4 1.0301288
10 4 1.0281674
11 4 1.0374153
12 4 1.0063845
13 4 0.944731
14 4 0.8986346
15 4 0.7547728
16 4 0.65889484
17 4 0.6853479
18 4 0.612911
19 4 0.53543764
20 4 0.48643443
20 5 0.5141846
19 5 0.5444085
18 5 0.58459514
17 5 0.6448541
16 5 0.7176157
15 5 0.7712601
14 5 0.84292305
13 5 0.889228
12 5 0.9991598
11 5 1.0156596
10 5 1.0480336
9 5 1.031552
8 5 1.0517695
7 5 0.95311666
6 5 0.89718753
5 5 0.8380011
4 5 0.76629764
3 5 0.7130109
2 5 0.6935792
1 5 0.64366144
0 5 0.57253563
0 6 0.60515577
1 6 0.6560386
2 6 0.87359124
3 6 0.88983244
4 6 0.92851907
5 6 0.96886516
6 6 1.0729891
7 6 1.1860442
8 6 1.3078334
9 6 1.497123
10 6 1.3753287
11 6 1.4388595
12 6 1.2246977
13 6 1.1086208
14 6 0.99939543
15 6 0.9533063
16 6 0.80684
17 6 0.705856
18 6 0.66846776
19 6 0.58784246
20 6 0.5262082
20 7 0.54827404
19 7 0.56528795
18 7 0.6445321
17 7 0.7016765
16 7 0.7998692
15 7 0.89307445
14 7 1.0176586
13 7 1.1533242
12 7 1.3153825
11 7 1.4186604
10 7 1.4673774
9 7 1.4738575
8 7 1.439618
7 7 1.3679067
6 7 1.3623575
5 7 1.2425083
4 7 1.1066629
3 7 0.9425432
2 7 0.807278
1 7 0.7141701
0 7 0.67541265
0 8 0.74835473
1 8 0.7432089
2 8 0.7683233
3 8 0.84761137
4 8 0.92495555
5 8 1.0525287
6 8 1.2471294
7 8 1.3730947
8 8 1.4241104
9 8 1.4056925
10 8 1.3809518
11 8 1.3257024
12 8 1.2674909
13 8 1.1564772
14 8 1.0758768
15 8 0.91444147
16 8 0.8073205
17 8 0.69808954
18 8 0.6840605
19 8 0.6292589
20 8 0.5890676
20 9 0.5763477
19 9 0.6132342
18 9 0.66205454
17 9 0.74998707
16 9 0.8603015
15 9 1.0021559
14 9 1.1484526
13 9 1.3779185
12 9 1.5311519
11 9 1.5532564
10 9 1.572717
9 9 1.5745685
8 9 1.4867264
7 9 1.4367138
6 9 1.3825719
5 9 1.2526827
4 9 1.1298261
3 9 0.98018
2 9 0.89996105
1 9 0.816596
0 9 0.7545179
0 10 0.69675165
1 10 0.74435854
2 10 0.7725418
3 10 0.9053881
4 10 1.1771977
5 10 1.3266985
6 10 1.4620467
7 10 1.6192201
8 10 1.6604244
9 10 1.6807928
10 10 1.6052254
11 10 1.5469924
12 10 1.5324585
13 10 1.4190807
14 10 1.2539743
15 10 1.1359996
16 10 1.0248936
17 10 0.8860809
18 10 0.77346444
19 10 0.6622184
20 10 0.61393934
20 11 0.578419
19 11 0.6225896
18 11 0.73708475
17 11 0.793248
16 11 0.92362374
15 11 1.0453802
14 11 1.2427026
13 11 1.4387053
12 11 1.605049
11 11 1.6573308
10 11 1.6621871
9 11 1.658146
8 11 1.6061159
7 11 1.55606
6 11 1.4450128
5 11 1.3373586
4 11 1.1727611
3 11 0.9984337
2 11 0.8237626
1 11 0.72585
0 11 0.63109
0 12 0.6249366
1 12 0.652072
2 12 0.73136663
3 12 0.8546703
4 12 0.95677686
5 12 1.1108148
6 12 1.2816751
7 12 1.4429381
8 12 1.5259076
9 12 1.5949575
10 12 1.5719386
11 12 1.530628
12 12 1.4472668
13 12 1.305499
14 12 1.083979
15 12 0.94781405
16 12 0.815406
17 12 0.65002555
18 12 0.6172082
19 12 0.52956814
20 12 0.43857506
20 13 0.42698872
19 13 0.45454088
18 13 0.52500707
17 13 0.6141935
16 13 0.6828134
15 13 0.75965714
14 13 1.1448889
13 13 1.2342359
12 13 1.3600599
11 13 1.427748
10 13 1.4900004
9 13 1.4595785
8 13 1.4067539
7 13 1.2574592
6 13 1.1569188
5 13 1.0315504
4 13 0.9060615
3 13 0.78508013
2 13 0.68568385
1 13 0.6004135
0 13 0.5321468
0 14 0.5575432
1 14 0.55548483
2 14 0.6340959
3 14 0.7207837
4 14 0.8116899
5 14 0.89976865
6 14 1.0106454
7 14 1.1124841
8 14 1.3557597
9 14 1.3814992
10 14 1.2914509
11 14 1.2462859
12 14 1.1524385
13 14 1.0579722
14 14 0.9337909
15 14 0.84594506
16 14 0.79343206
17 14 0.64301836
18 14 0.5556716
19 14 0.4792029
20 14 0.380947
20 15 0.3291376
19 15 0.4382716
18 15 0.535142
17 15 0.616297
16 15 0.71367544
15 15 0.78887534
14 15 0.8848153
13 15 0.9773043
12 15 1.0948981
11 15 1.136926
10 15 1.1769738
9 15 1.1464267
8 15 1.1292194
7 15 1.0581949
6 15 0.99962884
5 15 0.9237627
4 15 0.80854046
3 15 0.7465786
2 15 0.6683596
1 15 0.6333788
0 15 0.5637523
0 16 0.52108246
1 16 0.5589065
2 16 0.6127796
3 16 0.66956544
4 16 0.7420365
5 16 0.7802524
6 16 0.81346875
7 16 0.9089832
8 16 1.0438411
9 16 0.99036694
10 16 0.9802108
11 16 0.9356979
12 16 0.88738173
13 16 0.8026798
14 16 0.7154587
15 16 0.65262717
16 16 0.55948246
17 16 0.4747375
18 16 0.37388146
19 16 0.29835784
20 16 0.21864006
20 17 0.14871809
19 17 0.1572944
18 17 0.214922
17 17 0.32219976
16 17 0.3854705
15 17 0.4984019
14 17 0.5665482
13 17 0.61121786
12 17 0.69672894
11 17 0.750834
10 17 0.7875726
9 17 0.8177254
8 17 0.8061056
7 17 0.8139914
6 17 0.7727091
5 17 0.7196775
4 17 0.6621637
3 17 0.5926614
2 17 0.54783356
1 17 0.49306124
0 17 0.47667965
0 18 0.40289435
1 18 0.45370176
2 18 0.473768
3 18 0.49620533
4 18 0.5276331
5 18 0.5354049
6 18 0.56016797
7 18 0.5687123
8 18 0.5663849
9 18 0.5637254
10 18 0.53095
11 18 0.51077366
12 18 0.45877215
13 18 0.40365192
14 18 0.36236614
15 18 0.3014663
16 18 0.24713074
17 18 0.19274001
18 18 0.15219617
19 18 0.08685948
20 18 0.051974915
20 19 -0.031375725
19 19 -0.015825193
18 19 0.053554773
17 19 0.107046805
16 19 0.13896576
15 19 0.1842953
14 19 0.26865083
13 19 0.26734295
12 19 0.31367546
11 19 0.32228813
10 19 0.31016198
9 19 0.3146225
8 19 0.31653464
7 19 0.21851286
6 19 0.16667345
5 19 0.07307192
4 19 0.02086775
3 19 -0.0073944004
2 19 -0.020954423
1 19 -0.010472816
0 19 -0.041162983
0 20 -0.118387796
1 20 -0.1311375
2 20 -0.13430992
3 20 -0.13879046
4 20 -0.14733185
5 20 -0.15758736
6 20 -0.17995709
7 20 -0.2171398
8 20 -0.24121487
9 20 -0.28398922
10 20 -0.2991723
11 20 -0.3513152
12 20 -0.4363348
13 20 -0.5275647
14 20 -0.63054556
15 20 -0.715321
16 20 -0.7412826
17 20 -0.80899894
18 20 -0.8385436
19 20 -0.8575693
20 20 -0.88756704
