0 0 0.480283
1 0 0.48059428
2 0 0.48080155
3 0 0.48189166
4 0 0.48236188
5 0 0.48257405
6 0 0.4826514
7 0 0.48281768
8 0 0.48282158
9 0 0.4830467
10 0 0.48331624
11 0 0.48362386
12 0 0.48396125
13 0 0.48457724
14 0 0.4850897
15 0 0.48557016
16 0 0.4860272
17 0 0.48657092
18 0 0.48705775
19 0 0.48735097
20 0 0.48761782
21 0 0.48811856
22 0 0.4885231
23 0 0.48883927
24 0 0.48933804
25 0 0.49000895
26 0 0.49064496
27 0 0.49110052
28 0 0.49168378
29 0 0.49229708
30 0 0.4928342
31 0 0.49354345
32 0 0.4940415
33 0 0.49457934
34 0 0.4949983
35 0 0.49556103
36 0 0.4961189
37 0 0.4967029
38 0 0.4975955
39 0 0.4982979
40 0 0.4990816
41 0 0.49979132
42 0 0.5006063
43 0 0.5012479
44 0 0.5020795
45 0 0.50280505
46 0 0.5035993
47 0 0.50425285
48 0 0.50498724
49 0 0.50577533
50 0 0.5065908
51 0 0.5071887
52 0 0.5079641
53 0 0.50865746
54 0 0.5093789
55 0 0.51010716
56 0 0.51074636
57 0 0.5114148
58 0 0.5120557
59 0 0.5126551
60 0 0.51332843
0 1 0.5183058
1 1 0.5178424
2 1 0.51763684
3 1 0.5176493
4 1 0.51772326
5 1 0.51776916
6 1 0.51780725
7 1 0.51786214
8 1 0.5179474
9 1 0.51807433
10 1 0.51821816
11 1 0.51844543
12 1 0.5186439
13 1 0.5188812
14 1 0.5192037
15 1 0.5196625
16 1 0.5200944
17 1 0.52059466
18 1 0.5209093
19 1 0.5213566
20 1 0.5217111
21 1 0.52214277
22 1 0.5226379
23 1 0.52300435
24 1 0.52359
25 1 0.5241186
26 1 0.52468085
27 1 0.52524924
28 1 0.5259233
29 1 0.52661866
30 1 0.5272278
31 1 0.5278091
32 1 0.52835256
33 1 0.5288894
34 1 0.52953935
35 1 0.53005964
36 1 0.5306644
37 1 0.5311812
38 1 0.5317447
39 1 0.53231895
40 1 0.53295714
41 1 0.53364146
42 1 0.5341669
43 1 0.53470325
44 1 0.53522986
45 1 0.53582144
46 1 0.53638196
47 1 0.53690714
48 1 0.537579
49 1 0.5381474
50 1 0.538706
51 1 0.5393881
52 1 0.53994554
53 1 0.5405932
54 1 0.54104733
55 1 0.5416728
56 1 0.54218215
57 1 0.54269314
58 1 0.54310304
59 1 0.5435432
60 1 0.5439175
0 2 0.5469808
1 2 0.5466646
2 2 0.5466978
3 2 0.5466929
4 2 0.5466421
5 2 0.5465416
6 2 0.546326
7 2 0.54625785
8 2 0.54622346
9 2 0.5462286
10 2 0.54622346
11 2 0.5462105
12 2 0.54619485
13 2 0.5460186
14 2 0.54612553
15 2 0.54605424
16 2 0.5460096
17 2 0.54615337
18 2 0.54611385
19 2 0.54620683
20 2 0.54621565
21 2 0.5461873
22 2 0.54613996
23 2 0.54596317
24 2 0.54582596
25 2 0.5457557
26 2 0.5457442
27 2 0.54571736
28 2 0.54571927
29 2 0.54572123
30 2 0.54577935
31 2 0.54583377
32 2 0.5459234
33 2 0.54605156
34 2 0.5461768
35 2 0.5462408
36 2 0.54639286
37 2 0.54657036
38 2 0.5466949
39 2 0.546805
40 2 0.5469285
41 2 0.5471966
42 2 0.54744464
43 2 0.54770076
44 2 0.54790413
45 2 0.5481754
46 2 0.54843026
47 2 0.5487218
48 2 0.5490023
49 2 0.54926866
50 2 0.5496539
51 2 0.54988855
52 2 0.5501798
53 2 0.5504274
54 2 0.550701
55 2 0.55088
56 2 0.5511661
57 2 0.55131364
58 2 0.5515416
59 2 0.5516957
60 2 0.55175525
0 3 0.5490111
1 3 0.5478729
2 3 0.5471883
3 3 0.5461544
4 3 0.54569
5 3 0.5458738
6 3 0.5461778
7 3 0.546086
8 3 0.5457432
9 3 0.5456939
10 3 0.5457078
11 3 0.5457261
12 3 0.5457967
13 3 0.5457676
14 3 0.54575884
15 3 0.5457481
16 3 0.5456949
17 3 0.54566604
18 3 0.54573685
19 3 0.5459219
20 3 0.5460511
21 3 0.5462012
22 3 0.5463853
23 3 0.54666877
24 3 0.54674715
25 3 0.5469815
26 3 0.54725254
27 3 0.547648
28 3 0.5478113
29 3 0.54816514
30 3 0.5483753
31 3 0.5487013
32 3 0.5488822
33 3 0.5491715
34 3 0.5493263
35 3 0.5495455
36 3 0.54975986
37 3 0.54987854
38 3 0.5499659
39 3 0.55009264
40 3 0.5502374
41 3 0.55051523
42 3 0.5507274
43 3 0.55100894
44 3 0.55129653
45 3 0.55171937
46 3 0.5520729
47 3 0.552466
48 3 0.5528175
49 3 0.55321354
50 3 0.5536203
51 3 0.5539032
52 3 0.55421305
53 3 0.5545055
54 3 0.5547431
55 3 0.5549995
56 3 0.5552248
57 3 0.5554216
58 3 0.5556804
59 3 0.5557275
60 3 0.5557746
0 4 0.5549367
1 4 0.55430585
2 4 0.5538825
3 4 0.55340105
4 4 0.5528112
5 4 0.5533752
6 4 0.55380803
7 4 0.5537512
8 4 0.5534577
9 4 0.5527431
10 4 0.55271304
11 4 0.55275357
12 4 0.55280656
13 4 0.55283314
14 4 0.5528642
15 4 0.55286735
16 4 0.552821
17 4 0.55274695
18 4 0.552821
19 4 0.5530727
20 4 0.5533256
21 4 0.553674
22 4 0.55385417
23 4 0.554111
24 4 0.5543937
25 4 0.554717
26 4 0.5549855
27 4 0.55528146
28 4 0.55568427
29 4 0.5558713
30 4 0.55606514
31 4 0.55627733
32 4 0.5564572
33 4 0.55664694
34 4 0.55670285
35 4 0.55672675
36 4 0.55678076
37 4 0.5568425
38 4 0.55689156
39 4 0.5569597
40 4 0.5570757
41 4 0.5572341
42 4 0.5574272
43 4 0.5577063
44 4 0.5579043
45 4 0.55820554
46 4 0.55853444
47 4 0.55884546
48 4 0.5592112
49 4 0.559554
50 4 0.55979687
51 4 0.56011623
52 4 0.5603401
53 4 0.5606929
54 4 0.5607952
55 4 0.5610181
56 4 0.5612613
57 4 0.5614668
58 4 0.5616839
59 4 0.56174344
60 4 0.5619073
0 5 0.56354964
1 5 0.5627894
2 5 0.56239676
3 5 0.5619495
4 5 0.56129813
5 5 0.56172806
6 5 0.5624046
7 5 0.56163067
8 5 0.56089777
9 5 0.56072295
10 5 0.56072146
11 5 0.56071365
12 5 0.56072295
13 5 0.56073487
14 5 0.5608157
15 5 0.56101173
16 5 0.5611014
17 5 0.5609998
18 5 0.5612154
19 5 0.5615596
20 5 0.5617935
21 5 0.56213605
22 5 0.56248105
23 5 0.56275886
24 5 0.5630301
25 5 0.5632679
26 5 0.56373227
27 5 0.56400424
28 5 0.5642909
29 5 0.5646544
30 5 0.56483775
31 5 0.5649779
32 5 0.56505334
33 5 0.5652284
34 5 0.56526184
35 5 0.5653563
36 5 0.56543005
37 5 0.56544447
38 5 0.56552964
39 5 0.56543565
40 5 0.5653556
41 5 0.5652772
42 5 0.5653861
43 5 0.5655338
44 5 0.5657308
45 5 0.56590027
46 5 0.5662201
47 5 0.56651866
48 5 0.5668568
49 5 0.56721985
50 5 0.5674923
51 5 0.56775063
52 5 0.567976
53 5 0.5682423
54 5 0.5684938
55 5 0.56873626
56 5 0.56894916
57 5 0.5692265
58 5 0.5693686
59 5 0.5696193
60 5 0.5697426
0 6 0.5715175
1 6 0.5707983
2 6 0.570433
3 6 0.5700219
4 6 0.5692985
5 6 0.5692809
6 6 0.569852
7 6 0.56934756
8 6 0.5687494
9 6 0.5683422
10 6 0.5682372
11 6 0.56823087
12 6 0.56844056
13 6 0.5683017
14 6 0.5682433
15 6 0.5682211
16 6 0.5680346
17 6 0.5677799
18 6 0.5677843
19 6 0.56798697
20 6 0.5682157
21 6 0.56833875
22 6 0.56856805
23 6 0.56875944
24 6 0.5689557
25 6 0.5690885
26 6 0.5692829
27 6 0.569478
28 6 0.56966764
29 6 0.56975484
30 6 0.56992424
31 6 0.5701249
32 6 0.5702487
33 6 0.570353
34 6 0.57044303
35 6 0.57049215
36 6 0.57052827
37 6 0.57052165
38 6 0.57039666
39 6 0.5702619
40 6 0.5700951
41 6 0.56994355
42 6 0.5697963
43 6 0.5697458
44 6 0.5697402
45 6 0.56974506
46 6 0.5697836
47 6 0.5699323
48 6 0.57014495
49 6 0.57030874
50 6 0.57059735
51 6 0.5707509
52 6 0.5709389
53 6 0.5711682
54 6 0.57129854
55 6 0.57157075
56 6 0.57174724
57 6 0.57190084
58 6 0.5720927
59 6 0.5722497
60 6 0.5723725
0 7 0.57431495
1 7 0.5737517
2 7 0.57330054
3 7 0.5728613
4 7 0.57226753
5 7 0.5723169
6 7 0.5728406
7 7 0.57274413
8 7 0.5716828
9 7 0.57112277
10 7 0.57085663
11 7 0.5707702
12 7 0.57089376
13 7 0.5711613
14 7 0.5712055
15 7 0.5712417
16 7 0.57124555
17 7 0.5710839
18 7 0.5710727
19 7 0.5713449
20 7 0.5716814
21 7 0.57176507
22 7 0.57198924
23 7 0.57224995
24 7 0.5725051
25 7 0.5727231
26 7 0.5729238
27 7 0.5731001
28 7 0.5732368
29 7 0.5734944
30 7 0.57377195
31 7 0.57398707
32 7 0.57421315
33 7 0.57428855
34 7 0.57464695
35 7 0.57474905
36 7 0.57486254
37 7 0.5748228
38 7 0.5749627
39 7 0.5749253
40 7 0.5747732
41 7 0.5747302
42 7 0.57453567
43 7 0.5743506
44 7 0.57426125
45 7 0.57425195
46 7 0.57435596
47 7 0.5743196
48 7 0.5742793
49 7 0.5744907
50 7 0.5746316
51 7 0.5747571
52 7 0.5749768
53 7 0.5752561
54 7 0.57551515
55 7 0.5757566
56 7 0.57597756
57 7 0.5762359
58 7 0.57639235
59 7 0.5766424
60 7 0.57675445
0 8 0.5797015
1 8 0.5791417
2 8 0.5787623
3 8 0.57814485
4 8 0.5772852
5 8 0.5772637
6 8 0.5773172
7 8 0.5769385
8 8 0.5763653
9 8 0.5750537
10 8 0.5738254
11 8 0.57284445
12 8 0.5717917
13 8 0.57124484
14 8 0.56785953
15 8 0.5672089
16 8 0.5668568
17 8 0.56723595
18 8 0.5679452
19 8 0.5687897
20 8 0.5697917
21 8 0.5707319
22 8 0.5713625
23 8 0.57219136
24 8 0.5728286
25 8 0.5735576
26 8 0.57410645
27 8 0.5747466
28 8 0.5751458
29 8 0.5755508
30 8 0.5760779
31 8 0.5764424
32 8 0.5767632
33 8 0.5769358
34 8 0.57719
35 8 0.5774959
36 8 0.57774884
37 8 0.5778384
38 8 0.5779146
39 8 0.57791656
40 8 0.57782304
41 8 0.5777293
42 8 0.5774727
43 8 0.57727545
44 8 0.5771519
45 8 0.5770069
46 8 0.57695484
47 8 0.57692873
48 8 0.576959
49 8 0.5770147
50 8 0.5771314
51 8 0.5772574
52 8 0.5774156
53 8 0.5776905
54 8 0.5778006
55 8 0.5779966
56 8 0.5782208
57 8 0.57835966
58 8 0.5785833
59 8 0.57875204
60 8 0.5788082
0 9 0.5812455
1 9 0.5809056
2 9 0.580753
3 9 0.5804205
4 9 0.5799786
5 9 0.57997763
6 9 0.5796551
7 9 0.5791905
8 9 0.57873297
9 9 0.57826716
10 9 0.57798856
11 9 0.5777945
12 9 0.57769465
13 9 0.57758355
14 9 0.57761115
15 9 0.5776058
16 9 0.57751715
17 9 0.57730377
18 9 0.57748467
19 9 0.5774483
20 9 0.57775104
21 9 0.5778328
22 9 0.57805866
23 9 0.57823735
24 9 0.5782857
25 9 0.5784029
26 9 0.57860553
27 9 0.57862115
28 9 0.57876104
29 9 0.5788174
30 9 0.578939
31 9 0.5790582
32 9 0.5792244
33 9 0.57929987
34 9 0.5794251
35 9 0.57969904
36 9 0.57974863
37 9 0.57978326
38 9 0.5797767
39 9 0.5797574
40 9 0.57969147
41 9 0.5794537
42 9 0.5792674
43 9 0.5789991
44 9 0.5788336
45 9 0.5786851
46 9 0.578544
47 9 0.5784937
48 9 0.5785645
49 9 0.5787242
50 9 0.5787769
51 9 0.57894295
52 9 0.579151
53 9 0.57930964
54 9 0.57961506
55 9 0.5797801
56 9 0.58000594
57 9 0.5802418
58 9 0.58036435
59 9 0.5806207
60 9 0.5807613
0 10 0.5828185
1 10 0.5822911
2 10 0.5820018
3 10 0.58173597
4 10 0.581256
5 10 0.5812882
6 10 0.5815426
7 10 0.58131504
8 10 0.5810177
9 10 0.58064485
10 10 0.58026546
11 10 0.5801371
12 10 0.5800643
13 10 0.5800345
14 10 0.5800474
15 10 0.5801036
16 10 0.58011335
17 10 0.5800064
18 10 0.58000326
19 10 0.5801236
20 10 0.5802794
21 10 0.5804222
22 10 0.5806744
23 10 0.58076376
24 10 0.5808426
25 10 0.58096397
26 10 0.5810555
27 10 0.58121103
28 10 0.581275
29 10 0.5812604
30 10 0.5813082
31 10 0.5815602
32 10 0.5816088
33 10 0.5817086
34 10 0.5818138
35 10 0.581994
36 10 0.58210534
37 10 0.58224916
38 10 0.5822682
39 10 0.5822599
40 10 0.5821803
41 10 0.5819923
42 10 0.58178186
43 10 0.58155286
44 10 0.58127254
45 10 0.58107114
46 10 0.5809515
47 10 0.58080184
48 10 0.5807862
49 10 0.58082455
50 10 0.580942
51 10 0.5810499
52 10 0.5812623
53 10 0.5814708
54 10 0.5817484
55 10 0.58192
56 10 0.5822294
57 10 0.58237314
58 10 0.58273154
59 10 0.5828612
60 10 0.5830368
0 11 0.58464175
1 11 0.58426994
2 11 0.5840817
3 11 0.5837733
4 11 0.583111
5 11 0.5832912
6 11 0.58377576
7 11 0.5834821
8 11 0.58327967
9 11 0.58304405
10 11 0.58281654
11 11 0.5827328
12 11 0.5825243
13 11 0.5824259
14 11 0.5823717
15 11 0.5823739
16 11 0.58236194
17 11 0.582266
18 11 0.5820216
19 11 0.5820714
20 11 0.5822555
21 11 0.58241296
22 11 0.5826481
23 11 0.58277017
24 11 0.5828905
25 11 0.58301574
26 11 0.58319324
27 11 0.5832714
28 11 0.5833676
29 11 0.58348745
30 11 0.58359
31 11 0.583745
32 11 0.58377653
33 11 0.5840067
34 11 0.5841796
35 11 0.58428043
36 11 0.58440053
37 11 0.58459735
38 11 0.5846906
39 11 0.58466566
40 11 0.58452773
41 11 0.58431995
42 11 0.5841571
43 11 0.5838759
44 11 0.58371204
45 11 0.58336514
46 11 0.583195
47 11 0.58300966
48 11 0.58292764
49 11 0.5829222
50 11 0.58299524
51 11 0.58314514
52 11 0.5832785
53 11 0.58350575
54 11 0.58376455
55 11 0.5839811
56 11 0.58426213
57 11 0.58446866
58 11 0.5847672
59 11 0.58492494
60 11 0.58510464
0 12 0.58634317
1 12 0.58606756
2 12 0.58580196
3 12 0.5854784
4 12 0.5849933
5 12 0.58495206
6 12 0.5852282
7 12 0.58525825
8 12 0.5850558
9 12 0.5848329
10 12 0.5847629
11 12 0.5846581
12 12 0.5846591
13 12 0.58471966
14 12 0.58476824
15 12 0.5848371
16 12 0.58472526
17 12 0.5844003
18 12 0.5842816
19 12 0.5843854
20 12 0.5846442
21 12 0.58477944
22 12 0.5849494
23 12 0.5851144
24 12 0.5852692
25 12 0.5853349
26 12 0.58545864
27 12 0.5855539
28 12 0.58567446
29 12 0.5857624
30 12 0.58578044
31 12 0.5858637
32 12 0.58596504
33 12 0.5860461
34 12 0.5861833
35 12 0.58627045
36 12 0.58633345
37 12 0.58642375
38 12 0.58646894
39 12 0.5863854
40 12 0.58629364
41 12 0.58611053
42 12 0.5858644
43 12 0.585674
44 12 0.5853388
45 12 0.58512956
46 12 0.5849672
47 12 0.58486146
48 12 0.5848344
49 12 0.5848815
50 12 0.58501923
51 12 0.58523697
52 12 0.58542156
53 12 0.5857531
54 12 0.5859181
55 12 0.5862077
56 12 0.58641255
57 12 0.5867402
58 12 0.5868725
59 12 0.5870705
60 12 0.587269
0 13 0.58736956
1 13 0.58707243
2 13 0.58692646
3 13 0.5867648
4 13 0.5862585
5 13 0.5862836
6 13 0.5863923
7 13 0.586164
8 13 0.5860397
9 13 0.5858029
10 13 0.5856183
11 13 0.58539104
12 13 0.5853371
13 13 0.5853273
14 13 0.5853732
15 13 0.58560956
16 13 0.58554316
17 13 0.5853456
18 13 0.5853249
19 13 0.5855666
20 13 0.5857729
21 13 0.58594793
22 13 0.5862045
23 13 0.5863205
24 13 0.586499
25 13 0.58670676
26 13 0.5867756
27 13 0.5868137
28 13 0.58689034
29 13 0.5869841
30 13 0.5870949
31 13 0.5872575
32 13 0.5873105
33 13 0.5874541
34 13 0.58761346
35 13 0.58776116
36 13 0.58778197
37 13 0.5878183
38 13 0.5878457
39 13 0.58781904
40 13 0.58776486
41 13 0.5874655
42 13 0.5872336
43 13 0.5869174
44 13 0.5867336
45 13 0.5863654
46 13 0.5862597
47 13 0.58603776
48 13 0.58583003
49 13 0.58583635
50 13 0.58593374
51 13 0.58605045
52 13 0.5862751
53 13 0.5865041
54 13 0.58676654
55 13 0.58695674
56 13 0.5872258
57 13 0.58740085
58 13 0.58771384
59 13 0.58783245
60 13 0.588009
0 14 0.58816963
1 14 0.58776706
2 14 0.5874221
3 14 0.58726215
4 14 0.58679414
5 14 0.58674455
6 14 0.58719087
7 14 0.5872856
8 14 0.5870583
9 14 0.58679366
10 14 0.5866611
11 14 0.58640397
12 14 0.5863078
13 14 0.5862778
14 14 0.5862551
15 14 0.58623844
16 14 0.58617693
17 14 0.5859872
18 14 0.5857597
19 14 0.58587736
20 14 0.58609784
21 14 0.586289
22 14 0.58654755
23 14 0.58676654
24 14 0.5867895
25 14 0.5869155
26 14 0.5870122
27 14 0.58709884
28 14 0.58720577
29 14 0.5872604
30 14 0.58729416
31 14 0.5873542
32 14 0.5874665
33 14 0.5876047
34 14 0.587769
35 14 0.58782905
36 14 0.58797455
37 14 0.5880642
38 14 0.5881447
39 14 0.58811545
40 14 0.5880217
41 14 0.58785224
42 14 0.5876728
43 14 0.5872753
44 14 0.5870417
45 14 0.5867756
46 14 0.5865422
47 14 0.5863583
48 14 0.58628654
49 14 0.5862956
50 14 0.58639425
51 14 0.586569
52 14 0.5867741
53 14 0.58694357
54 14 0.58717793
55 14 0.5874245
56 14 0.5877575
57 14 0.58793306
58 14 0.58815795
59 14 0.5883186
60 14 0.5885566
0 15 0.5895981
1 15 0.5892956
2 15 0.5892417
3 15 0.5890439
4 15 0.5885217
5 15 0.5815499
6 15 0.5650084
7 15 0.5561313
8 15 0.5523107
9 15 0.5509103
10 15 0.5507101
11 15 0.55115104
12 15 0.55200624
13 15 0.5531222
14 15 0.5547873
15 15 0.5563789
16 15 0.557739
17 15 0.55961037
18 15 0.561324
19 15 0.563181
20 15 0.5649391
21 15 0.566712
22 15 0.5683422
23 15 0.57003266
24 15 0.5716479
25 15 0.5733569
26 15 0.57483715
27 15 0.57619727
28 15 0.5773047
29 15 0.57859236
30 15 0.5797125
31 15 0.5807335
32 15 0.58168226
33 15 0.58259386
34 15 0.5834071
35 15 0.5842094
36 15 0.58499163
37 15 0.585674
38 15 0.58611417
39 15 0.5864841
40 15 0.5867741
41 15 0.5868842
42 15 0.5869714
43 15 0.58698946
44 15 0.5869523
45 15 0.5868928
46 15 0.58683467
47 15 0.586799
48 15 0.5868205
49 15 0.58694404
50 15 0.5870964
51 15 0.5872951
52 15 0.5875815
53 15 0.58780366
54 15 0.5880678
55 15 0.58832955
56 15 0.5887011
57 15 0.58886325
58 15 0.58913404
59 15 0.58932835
60 15 0.58958375
0 16 0.59061867
1 16 0.59032154
2 16 0.5902893
3 16 0.59004515
4 16 0.58970284
5 16 0.58948654
6 16 0.59007055
7 16 0.5898467
8 16 0.5897302
9 16 0.589426
10 16 0.58913547
11 16 0.58859056
12 16 0.5887746
13 16 0.5887929
14 16 0.58886373
15 16 0.58889914
16 16 0.5889045
17 16 0.588916
18 16 0.58880615
19 16 0.588831
20 16 0.5890178
21 16 0.58924925
22 16 0.58937645
23 16 0.58933955
24 16 0.5896658
25 16 0.58979416
26 16 0.5898984
27 16 0.58997214
28 16 0.5901001
29 16 0.5902087
30 16 0.59026974
31 16 0.59031224
32 16 0.5902302
33 16 0.59032106
34 16 0.59050393
35 16 0.5906975
36 16 0.59078103
37 16 0.5907678
38 16 0.5905935
39 16 0.59040064
40 16 0.5902754
41 16 0.5900681
42 16 0.589875
43 16 0.5897563
44 16 0.5894514
45 16 0.5892717
46 16 0.5890544
47 16 0.58896655
48 16 0.5888918
49 16 0.588926
50 16 0.58899534
51 16 0.5891789
52 16 0.5893369
53 16 0.5896355
54 16 0.5898225
55 16 0.59006613
56 16 0.59030443
57 16 0.5905769
58 16 0.5907832
59 16 0.5909265
60 16 0.5911101
0 17 0.5913606
1 17 0.5909646
2 17 0.5907822
3 17 0.59054124
4 17 0.58976537
5 17 0.58930564
6 17 0.5894099
7 17 0.58962744
8 17 0.58960426
9 17 0.5894629
10 17 0.58935595
11 17 0.58931905
12 17 0.589333
13 17 0.58936495
14 17 0.58939743
15 17 0.5894433
16 17 0.5893437
17 17 0.58922774
18 17 0.5889448
19 17 0.5889563
20 17 0.5890339
21 17 0.58924973
22 17 0.58936447
23 17 0.58967894
24 17 0.5897868
25 17 0.5898523
26 17 0.5899878
27 17 0.5900574
28 17 0.59006906
29 17 0.5900278
30 17 0.5900608
31 17 0.59005344
32 17 0.59014255
33 17 0.5902468
34 17 0.5903108
35 17 0.5904729
36 17 0.5906675
37 17 0.09838285
38 17 0.3661799
39 17 0.4567975
40 17 0.48586926
41 17 0.50240123
42 17 0.5144444
43 17 0.5239609
44 17 0.5314915
45 17 0.53764886
46 17 0.54286915
47 17 0.5472774
48 17 0.55103576
49 17 0.5542187
50 17 0.55754
51 17 0.5599661
52 17 0.56213015
53 17 0.56401324
54 17 0.5657125
55 17 0.56733507
56 17 0.5686588
57 17 0.56988907
58 17 0.5710056
59 17 0.57209814
60 17 0.5729573
0 18 0.57800496
1 18 0.5779793
2 18 0.5780489
3 18 0.5781932
4 18 0.57786894
5 18 0.5782415
6 18 0.57883066
7 18 0.579097
8 18 0.57897
9 18 0.57903326
10 18 0.57923347
11 18 0.5793282
12 18 0.5796119
13 18 0.5797794
14 18 0.58001935
15 18 0.5802557
16 18 0.58039
17 18 0.5805074
18 18 0.58061534
19 18 0.58080256
20 18 0.5811329
21 18 0.58153427
22 18 0.58188295
23 18 0.58226454
24 18 0.58257383
25 18 0.5827858
26 18 0.58298695
27 18 0.58317345
28 18 0.58326554
29 18 0.58336926
30 18 0.5834679
31 18 0.5834581
32 18 0.5835705
33 18 0.5837768
34 18 0.58405876
35 18 0.5842865
36 18 0.5844245
37 18 0.58419377
38 18 0.58307433
39 18 0.5066835
40 18 0.4413422
41 18 0.4900766
42 18 0.48294806
43 18 0.5189909
44 18 0.52992827
45 18 0.53772354
46 18 0.543855
47 18 0.5487811
48 18 0.55287343
49 18 0.55632836
50 18 0.55928296
51 18 0.5618287
52 18 0.56405675
53 18 0.5662948
54 18 0.56790274
55 18 0.5694059
56 18 0.5707502
57 18 0.5718791
58 18 0.57283324
59 18 0.57375973
60 18 0.57464236
0 19 0.578775
1 19 0.5787503
2 19 0.57878935
3 19 0.57879424
4 19 0.5786832
5 19 0.5790296
6 19 0.57959527
7 19 0.58001715
8 19 0.5802418
9 19 0.5802198
10 19 0.5802164
11 19 0.580181
12 19 0.58023006
13 19 0.5803348
14 19 0.5806561
15 19 0.5808248
16 19 0.5810074
17 19 0.5810758
18 19 0.5810848
19 19 0.5812547
20 19 0.5817128
21 19 0.5820013
22 19 0.5823102
23 19 0.58276993
24 19 0.582985
25 19 0.58324987
26 19 0.58336294
27 19 0.5835189
28 19 0.5836539
29 19 0.5836105
30 19 0.54939806
31 19 0.56698084
32 19 0.57240134
33 19 0.575626
34 19 0.57800764
35 19 0.5794295
36 19 0.58029014
37 19 0.5793448
38 19 0.41262862
39 19 0.44873637
40 19 0.18286388
41 19 0.42844138
42 19 0.47135267
43 19 0.3942714
44 19 0.4692164
45 19 0.49812067
46 19 0.51080763
47 19 0.5202392
48 19 0.52792823
49 19 0.53431576
50 19 0.5397519
51 19 0.54426956
52 19 0.5480052
53 19 0.55130213
54 19 0.5541591
55 19 0.55668163
56 19 0.5592146
57 19 0.56104547
58 19 0.5627076
59 19 0.564119
60 19 0.56529844
0 20 0.5622078
1 20 0.56452376
2 20 0.565909
3 20 0.5668065
4 20 0.5673148
5 20 0.56816834
6 20 0.5687421
7 20 0.56955874
8 20 0.5697465
9 20 0.56999797
10 20 0.5703171
11 20 0.57070404
12 20 0.57093793
13 20 0.57126164
14 20 0.57164985
15 20 0.57197654
16 20 0.5722563
17 20 0.5723828
18 20 0.5724892
19 20 0.5727466
20 20 0.57330465
21 20 0.57391894
22 20 0.5745591
23 20 0.5750669
24 20 0.57560796
25 20 0.5759693
26 20 0.57627666
27 20 0.5766289
28 20 0.5767632
29 20 0.5769385
30 20 0.57728153
31 20 0.5775904
32 20 0.5778106
33 20 0.5775696
34 20 0.5778736
35 20 0.5786175
36 20 0.579088
37 20 0.5773411
38 20 0.3281813
39 20 0.41727468
40 20 0.35116896
41 20 0.4568373
42 20 0.46713704
43 20 0.3521819
44 20 0.39201626
45 20 0.45286873
46 20 0.46108958
47 20 0.48672816
48 20 0.49937263
49 20 0.5092175
50 20 0.5171959
51 20 0.5239531
52 20 0.5297024
53 20 0.53451014
54 20 0.5387844
55 20 0.5423506
56 20 0.54550517
57 20 0.5482113
58 20 0.5488031
59 20 0.55102843
60 20 0.5543166
0 21 0.5491461
1 21 0.5527636
2 21 0.55519575
3 21 0.5569109
4 21 0.5579587
5 21 0.55932766
6 21 0.5601045
7 21 0.5608567
8 21 0.5616705
9 21 0.5622806
10 21 0.56295466
11 21 0.5637364
12 21 0.5645228
13 21 0.56516856
14 21 0.56575376
15 21 0.5663146
16 21 0.5668231
17 21 0.56732315
18 21 0.56769913
19 21 0.56797814
20 21 0.5686979
21 21 0.5694184
22 21 0.56980073
23 21 0.570517
24 21 0.5710561
25 21 0.5714609
26 21 0.5717534
27 21 0.57188374
28 21 0.56724966
29 21 0.5702153
30 21 0.57118064
31 21 0.56884295
32 21 0.56740123
33 21 0.5664774
34 21 0.56904554
35 21 0.5359679
36 21 0.55335027
37 21 0.5546408
38 21 0.15931615
39 21 0.30950376
40 21 0.22391431
41 21 0.35915026
42 21 0.40947893
43 21 0.39826587
44 21 0.42936692
45 21 0.179377
46 21 0.32965934
47 21 0.15854686
48 21 0.31546724
49 21 0.384897
50 21 0.40957144
51 21 0.42721087
52 21 0.44136003
53 21 0.45310947
54 21 0.46331054
55 21 0.47228065
56 21 0.48022097
57 21 0.4872196
58 21 0.4934326
59 21 0.5000262
60 21 0.50480413
0 22 0.5075097
1 22 0.514033
2 22 0.5188158
3 22 0.5222624
4 22 0.5247878
5 22 0.5272793
6 22 0.528949
7 22 0.5312474
8 22 0.5327523
9 22 0.5341683
10 22 0.535556
11 22 0.5367633
12 22 0.5380514
13 22 0.53928435
14 22 0.5405925
15 22 0.54172707
16 22 0.5427231
17 22 0.54363304
18 22 0.5444131
19 22 0.54490846
20 22 0.5459996
21 22 0.5469837
22 22 0.5479598
23 22 0.5488651
24 22 0.5496293
25 22 0.5496993
26 22 0.5505031
27 22 0.34821528
28 22 0.511085
29 22 0.5275823
30 22 0.5320179
31 22 0.53633094
32 22 0.5398276
33 22 0.5425005
34 22 0.54439896
35 22 0.5464544
36 22 0.5481739
37 22 0.5492928
38 22 0.5492833
39 22 0.54645365
40 22 0.19630696
41 22 0.10760443
42 22 0.34681365
43 22 0.40013918
44 22 0.0087286495
45 22 0.30156198
46 22 0.3483486
47 22 0.38959044
48 22 0.40633336
49 22 0.42697698
50 22 0.44171843
51 22 0.45365855
52 22 0.4657266
53 22 0.47438446
54 22 0.48183087
55 22 0.4884457
56 22 0.49428198
57 22 0.49946493
58 22 0.50404435
59 22 0.5079675
60 22 0.5114873
0 23 0.5060617
1 23 0.51178396
2 23 0.5160079
3 23 0.5192926
4 23 0.5218276
5 23 0.52437323
6 23 0.5269236
7 23 0.52870166
8 23 0.5301663
9 23 0.5315311
10 23 0.53269714
11 23 0.5340177
12 23 0.5351376
13 23 0.5362233
14 23 0.5373119
15 23 0.53835833
16 23 0.5392714
17 23 0.5401103
18 23 0.5407446
19 23 0.54134715
20 23 0.5422969
21 23 0.5429133
22 23 0.54370266
23 23 0.5444473
24 23 0.54514605
25 23 0.5457403
26 23 0.5463206
27 23 0.52259004
28 23 0.5369162
29 23 0.5406914
30 23 0.540999
31 23 0.54320043
32 23 0.5446106
33 23 0.54587555
34 23 0.54705083
35 23 0.54812044
36 23 0.5486588
37 23 0.5489498
38 23 0.54898226
39 23 0.5219628
40 23 0.5324422
41 23 0.46964318
42 23 0.50753194
43 23 0.4225758
44 23 0.46047312
45 23 0.051341604
46 23 0.34632367
47 23 0.40568784
48 23 0.023395622
49 23 0.326651
50 23 0.38582817
51 23 0.41187838
52 23 0.42959154
53 23 0.44341353
54 23 0.45673135
55 23 0.46615142
56 23 0.47440693
57 23 0.4815042
58 23 0.48779726
59 23 0.49329954
60 23 0.49819145
0 24 0.5031298
1 24 0.5087285
2 24 0.51322365
3 24 0.5161202
4 24 0.51836586
5 24 0.52042836
6 24 0.5222187
7 24 0.52433884
8 24 0.5259758
9 24 0.52742994
10 24 0.5287276
11 24 0.5300076
12 24 0.5314639
13 24 0.5326507
14 24 0.5337025
15 24 0.53476524
16 24 0.5357411
17 24 0.5366298
18 24 0.53719765
19 24 0.53780264
20 24 0.53854585
21 24 0.5387651
22 24 0.53962886
23 24 0.5405644
24 24 0.54142797
25 24 0.54214257
26 24 0.54049754
27 24 0.5425686
28 24 0.54294825
29 24 0.54319066
30 24 0.5397729
31 24 0.5405322
32 24 0.5426748
33 24 0.5438374
34 24 0.5446973
35 24 0.5452725
36 24 0.54582596
37 24 0.5461954
38 24 0.5459246
39 24 0.5443914
40 24 0.5432935
41 24 0.53552336
42 24 0.39724118
43 24 0.49722317
44 24 0.4619453
45 24 0.5199608
46 24 0.52761304
47 24 0.53106624
48 24 0.51864487
49 24 0.45314193
50 24 0.5041054
51 24 0.5160955
52 24 0.52292985
53 24 0.5278616
54 24 0.53164536
55 24 0.5352352
56 24 0.5376774
57 24 0.53973943
58 24 0.5415229
59 24 0.5429524
60 24 0.54423463
0 25 0.53252524
1 25 0.53651136
2 25 0.53910124
3 25 0.5411545
4 25 0.5425005
5 25 0.543794
6 25 0.5451199
7 25 0.5456563
8 25 0.5464224
9 25 0.547129
10 25 0.5477427
11 25 0.54835045
12 25 0.54891956
13 25 0.5495453
14 25 0.550233
15 25 0.55079824
16 25 0.55125797
17 25 0.5516637
18 25 0.55192345
19 25 0.5521725
20 25 0.5526188
21 25 0.5529699
22 25 0.55345356
23 25 0.5537194
24 25 0.55407315
25 25 0.5545344
26 25 0.5177743
27 25 0.32949382
28 25 0.47719944
29 25 0.50387734
30 25 0.48418027
31 25 0.50419813
32 25 0.51515996
33 25 0.5226286
34 25 0.52792436
35 25 0.53192586
36 25 0.5354679
37 25 0.53776896
38 25 0.538937
39 25 0.53972554
40 25 0.53848433
41 25 0.54054487
42 25 0.5356132
43 25 0.5408335
44 25 0.54261816
45 25 0.5436675
46 25 0.54453784
47 25 0.54532915
48 25 0.5460745
49 25 0.54671884
50 25 0.547347
51 25 0.5480362
52 25 0.5487237
53 25 0.5493961
54 25 0.55010754
55 25 0.550756
56 25 0.5513944
57 25 0.55216056
58 25 0.5527189
59 25 0.5532277
60 25 0.553735
0 26 0.538299
1 26 0.5424441
2 26 0.5449507
3 26 0.54672295
4 26 0.5480841
5 26 0.5494344
6 26 0.55080676
7 26 0.55161756
8 26 0.5520995
9 26 0.5525812
10 26 0.5529948
11 26 0.5535524
12 26 0.5540002
13 26 0.5545285
14 26 0.5550085
15 26 0.5556379
16 26 0.55596673
17 26 0.55624604
18 26 0.5564607
19 26 0.556571
20 26 0.556841
21 26 0.55721897
22 26 0.5576037
23 26 0.5578957
24 26 0.55815136
25 26 0.5583108
26 26 0.5583218
27 26 0.558355
28 26 0.5583447
29 26 0.5582839
30 26 0.55822337
31 26 0.55840355
32 26 0.5590022
33 26 0.5597576
34 26 0.5602293
35 26 0.5603308
36 26 0.5602332
37 26 0.56022096
38 26 0.5596155
39 26 0.5589558
40 26 0.54051757
41 26 0.5498783
42 26 0.54064643
43 26 0.5495262
44 26 0.55178624
45 26 0.55290765
46 26 0.55371207
47 26 0.5542758
48 26 0.55495113
49 26 0.5555063
50 26 0.5560151
51 26 0.55665475
52 26 0.5571557
53 26 0.55772585
54 26 0.5582522
55 26 0.5588086
56 26 0.55933595
57 26 0.559856
58 26 0.5603052
59 26 0.56078374
60 26 0.5612032
0 27 0.54772663
1 27 0.5506168
2 27 0.5522963
3 27 0.553318
4 27 0.55421305
5 27 0.55535716
6 27 0.5567097
7 27 0.5577331
8 27 0.55823046
9 27 0.5585764
10 27 0.55875564
11 27 0.55899364
12 27 0.5592495
13 27 0.55969995
14 27 0.5599803
15 27 0.5603909
16 27 0.56075466
17 27 0.56105155
18 27 0.5612273
19 27 0.5612952
20 27 0.5615872
21 27 0.5618328
22 27 0.5622225
23 27 0.56246245
24 27 0.56273276
25 27 0.5628333
26 27 0.5629134
27 27 0.56276715
28 27 0.56273127
29 27 0.5626817
30 27 0.56262237
31 27 0.5627103
32 27 0.5629544
33 27 0.5637423
34 27 0.5645623
35 27 0.52266693
36 27 0.5426738
37 27 0.5488993
38 27 0.5523432
39 27 0.5544279
40 27 0.47315934
41 27 0.08666685
42 27 0.04459199
43 27 0.3213987
44 27 0.37280428
45 27 0.40387312
46 27 0.40518126
47 27 0.4317847
48 27 0.3676848
49 27 0.40608555
50 27 0.41280025
51 27 0.44208464
52 27 0.45855683
53 27 0.46880648
54 27 0.4772607
55 27 0.4845516
56 27 0.49093965
57 27 0.4965081
58 27 0.501441
59 27 0.50576776
60 27 0.509634
0 28 0.5083403
1 28 0.51298636
2 28 0.51645714
3 28 0.51915103
4 28 0.5212785
5 28 0.5235424
6 28 0.5261375
7 28 0.52807325
8 28 0.52962625
9 28 0.53078866
10 28 0.53212047
11 28 0.53312755
12 28 0.53413
13 28 0.535099
14 28 0.53611076
15 28 0.5370292
16 28 0.53786856
17 28 0.5386706
18 28 0.539215
19 28 0.5397817
20 28 0.5407192
21 28 0.54154956
22 28 0.5422168
23 28 0.5428987
24 28 0.54360527
25 28 0.4565358
26 28 0.5011698
27 28 0.51769006
28 28 0.52466184
29 28 0.5290379
30 28 0.53207994
31 28 0.5345665
32 28 0.53621036
33 28 0.5377587
34 28 0.53951555
35 28 0.5398979
36 28 0.54010785
37 28 0.5413271
38 28 0.39683712
39 28 0.0049746856
40 28 0.17234151
41 28 0.0029819792
42 28 0.038329933
43 28 0.2123011
44 28 0.19204517
45 28 0.28529686
46 28 0.32614318
47 28 0.16801967
48 28 0.32033205
49 28 0.32332844
50 28 0.30328906
51 28 0.35139772
52 28 0.37269416
53 28 0.38782087
54 28 0.39996314
55 28 0.41026458
56 28 0.4193758
57 28 0.42753583
58 28 0.4349124
59 28 0.4416027
60 28 0.44758767
0 29 0.4648648
1 29 0.46973693
2 29 0.473798
3 29 0.47708005
4 29 0.48003176
5 29 0.48253667
6 29 0.48616758
7 29 0.48947868
8 29 0.49146113
9 29 0.4935388
10 29 0.4952793
11 29 0.496981
12 29 0.49863654
13 29 0.5002161
14 29 0.50177574
15 29 0.5032296
16 29 0.5046508
17 29 0.5059323
18 29 0.50715524
19 29 0.5082456
20 29 0.50991356
21 29 0.5111382
22 29 0.512397
23 29 0.5132852
24 29 0.033887725
25 29 0.30913755
26 29 0.3795212
27 29 0.40931728
28 29 0.42705584
29 29 0.44007924
30 29 0.45034966
31 29 0.45885053
32 29 0.46607867
33 29 0.4722792
34 29 0.4786748
35 29 0.48333675
36 29 0.4872853
37 29 0.43585336
38 29 0.2738306
39 29 0.10855342
40 29 3.9063096E-5
41 29 0.016496101
42 29 0.13322493
43 29 0.19277492
44 29 0.2827187
45 29 0.15650654
46 29 0.29624426
47 29 0.32230523
48 29 0.3437345
49 29 0.3599982
50 29 0.36956814
51 29 0.38552788
52 29 0.39624214
53 29 0.40529037
54 29 0.4148186
55 29 0.4219542
56 29 0.42852974
57 29 0.43448564
58 29 0.4399535
59 29 0.4448999
60 29 0.44944462
0 30 0.4517359
1 30 0.458382
2 30 0.46408057
3 30 0.46781868
4 30 0.47079578
5 30 0.47370768
6 30 0.4776782
7 30 0.4814363
8 30 0.48282403
9 30 0.4840992
10 30 0.4854669
11 30 0.48679554
12 30 0.48824868
13 30 0.4899362
14 30 0.4914985
15 30 0.49286765
16 30 0.49419114
17 30 0.4954187
18 30 0.49641678
19 30 0.4973504
20 30 0.49847296
21 30 0.4996456
22 30 0.5009498
23 30 0.5020238
24 30 0.5030575
25 30 0.4758896
26 30 0.49178022
27 30 0.49639577
28 30 0.49903375
29 30 0.50099593
30 30 0.5026583
31 30 0.5039882
32 30 0.50508195
33 30 0.50644577
34 30 0.5074787
35 30 0.50846285
36 30 0.508956
37 30 0.34101376
38 30 0.19865245
39 30 0.0020134586
40 30 0.13725258
41 30 0.0074505536
42 30 0.06002118
43 30 0.24654087
44 30 0.302718
45 30 0.3253297
46 30 0.33786112
47 30 0.353657
48 30 0.2957267
49 30 0.13947797
50 30 0.26956564
51 30 0.33787236
52 30 0.35972986
53 30 0.37503505
54 30 0.3871192
55 30 0.3973032
56 30 0.40615025
57 30 0.41394016
58 30 0.42095175
59 30 0.42731905
60 30 0.43306547
0 31 0.42487955
1 31 0.43619296
2 31 0.44398263
3 31 0.45002446
4 31 0.45490685
5 31 0.4592126
6 31 0.4641946
7 31 0.46759945
8 31 0.46978918
9 31 0.47192276
10 31 0.47455096
11 31 0.47662228
12 31 0.478406
13 31 0.48005617
14 31 0.48215556
15 31 0.48393124
16 31 0.48547766
17 31 0.48681775
18 31 0.4880739
19 31 0.4892006
20 31 0.49039617
21 31 0.49198383
22 31 0.4930981
23 31 0.49424633
24 31 0.49507788
25 31 0.4646934
26 31 0.4356822
27 31 0.46534988
28 31 0.47597408
29 31 0.47928077
30 31 0.48585534
31 31 0.48453793
32 31 0.4582072
33 31 0.4751867
34 31 0.48394197
35 31 0.48828578
36 31 0.49028167
37 31 0.015731197
38 31 0.08390192
39 31 0.044372506
40 31 0.14164133
41 31 0.033098407
42 31 0.033341575
43 31 0.1846493
44 31 0.27345657
45 31 0.3052266
46 31 0.2839499
47 31 0.3349646
48 31 0.14921567
49 31 0.30456057
50 31 0.34446377
51 31 0.36166495
52 31 0.37432408
53 31 0.38467726
54 31 0.39361465
55 31 0.40137357
56 31 0.40847623
57 31 0.4148667
58 31 0.42181554
59 31 0.4268503
60 31 0.43150538
0 32 0.42903
1 32 0.4378629
2 32 0.4441789
3 32 0.4488665
4 32 0.452608
5 32 0.45588148
6 32 0.4607009
7 32 0.4640486
8 32 0.46616608
9 32 0.46801302
10 32 0.469755
11 32 0.47154456
12 32 0.47317204
13 32 0.47475287
14 32 0.47629195
15 32 0.47767943
16 32 0.47909865
17 32 0.48062113
18 32 0.48178667
19 32 0.48301202
20 32 0.48420736
21 32 0.48556137
22 32 0.4868988
23 32 0.48809293
24 32 0.48901358
25 32 0.36097062
26 32 0.44905642
27 32 0.12855446
28 32 0.3415814
29 32 0.39733663
30 32 0.41772026
31 32 0.4308301
32 32 0.44065225
33 32 0.4483384
34 32 0.4543756
35 32 0.45887688
36 32 0.4647068
37 32 0.46860874
38 32 0.019098924
39 32 0.18063557
40 32 0.0105995275
41 32 0.00921059
42 32 0.12835133
43 32 0.16626401
44 32 0.2605611
45 32 0.29610756
46 32 0.21701309
47 32 0.20722045
48 32 0.20844655
49 32 0.29236433
50 32 0.2905496
51 32 0.32502133
52 32 0.3427379
53 32 0.3560562
54 32 0.36706764
55 32 0.37653872
56 32 0.38490507
57 32 0.39237002
58 32 0.39913404
59 32 0.40520835
60 32 0.41186446
0 33 0.40230986
1 33 0.41395554
2 33 0.4220316
3 33 0.42832613
4 33 0.4334805
5 33 0.43755627
6 33 0.4416723
7 33 0.4464143
8 33 0.45031843
9 33 0.45280796
10 33 0.45508605
11 33 0.45743424
12 33 0.45964083
13 33 0.46172288
14 33 0.46368018
15 33 0.46549588
16 33 0.4670589
17 33 0.46855062
18 33 0.46968174
19 33 0.47120985
20 33 0.4724584
21 33 0.47376776
22 33 0.47505975
23 33 0.47628903
24 33 0.47716624
25 33 0.06379736
26 33 0.28399286
27 33 0.33771366
28 33 0.34288707
29 33 0.37927046
30 33 0.39721164
31 33 0.41188398
32 33 0.42135996
33 33 0.42926046
34 33 0.4360367
35 33 0.44184563
36 33 0.13851188
37 33 0.33557862
38 33 0.008611948
39 33 0.017379904
40 33 0.031221913
41 33 -1.584497E-4
42 33 0.037041828
43 33 0.15441422
44 33 0.22142233
45 33 0.26162267
46 33 0.07452556
47 33 0.21656679
48 33 0.032714125
49 33 0.25937018
50 33 0.2889341
51 33 0.31153554
52 33 0.32720983
53 33 0.33971614
54 33 0.35042334
55 33 0.35980213
56 33 0.36812964
57 33 0.3756366
58 33 0.38243797
59 33 0.38980383
60 33 0.39433122
0 34 0.40603575
1 34 0.4137712
2 34 0.41916388
3 34 0.4234259
4 34 0.42701972
5 34 0.4300532
6 34 0.4326431
7 34 0.43526766
8 34 0.43775842
9 34 0.44048768
10 34 0.4425622
11 34 0.4445334
12 34 0.44576147
13 34 0.44776124
14 34 0.44982427
15 34 0.4516358
16 34 0.453274
17 34 0.45487854
18 34 0.45657533
19 34 0.45767033
20 34 0.45955366
21 34 0.46089986
22 34 0.46231958
23 34 0.46366724
24 34 0.46496364
25 34 0.4661778
26 34 0.41736722
27 34 0.44685817
28 34 0.45425403
29 34 0.46005148
30 34 0.45613515
31 34 0.46283007
32 34 0.465794
33 34 0.467992
34 34 0.4697108
35 34 0.46515605
36 34 0.46205664
37 34 0.012972122
38 34 0.31682026
39 34 0.057304587
40 34 0.005403647
41 34 0.0027546808
42 34 0.06739166
43 34 0.019617977
44 34 0.17671022
45 34 0.24936783
46 34 0.22867341
47 34 0.23958594
48 34 0.23367935
49 34 0.29824334
50 34 0.3198423
51 34 0.3352566
52 34 0.3476623
53 34 0.35821936
54 34 0.3674805
55 34 0.37566078
56 34 0.3830337
57 34 0.38971373
58 34 0.39580074
59 34 0.4012244
60 34 0.4071957
0 35 0.394341
1 35 0.40561435
2 35 0.4131113
3 35 0.41878474
4 35 0.42334414
5 35 0.4272402
6 35 0.43057007
7 35 0.43363628
8 35 0.43698227
9 35 0.43956995
10 35 0.4416967
11 35 0.4437763
12 35 0.445718
13 35 0.44761866
14 35 0.44956595
15 35 0.45117658
16 35 0.45279405
17 35 0.45445323
18 35 0.4561078
19 35 0.45794207
20 35 0.45916182
21 35 0.46061692
22 35 0.46194896
23 35 0.46322852
24 35 0.4645159
25 35 0.46561795
26 35 0.37478358
27 35 0.3836343
28 35 0.41742656
29 35 0.42974705
30 35 0.44073793
31 35 0.4467644
32 35 0.4339927
33 35 0.39758274
34 35 0.41664943
35 35 0.15081896
36 35 0.32113725
37 35 0.3739054
38 35 0.29114434
39 35 0.021553796
40 35 0.022975205
41 35 0.08963882
42 35 0.05183966
43 35 0.0108112
44 35 0.16588828
45 35 0.2557632
46 35 0.28397822
47 35 0.3019541
48 35 0.3004355
49 35 0.3318974
50 35 0.3451437
51 35 0.35592756
52 35 0.36519578
53 35 0.37337998
54 35 0.3807158
55 35 0.38737947
56 35 0.3934418
57 35 0.3989956
58 35 0.4040074
59 35 0.40865102
60 35 0.41372362
0 36 0.39086974
1 36 0.40346637
2 36 0.41196847
3 36 0.41820905
4 36 0.4232218
5 36 0.42733467
6 36 0.4308552
7 36 0.4340203
8 36 0.43742245
9 36 0.43982825
10 36 0.44209564
11 36 0.44366476
12 36 0.44578147
13 36 0.44787893
14 36 0.44957718
15 36 0.45120955
16 36 0.4527064
17 36 0.45412952
18 36 0.45562026
19 36 0.4572841
20 36 0.45851678
21 36 0.45971015
22 36 0.46103585
23 36 0.4621184
24 36 0.4631626
25 36 0.46429813
26 36 0.46530887
27 36 0.009459862
28 36 0.26442176
29 36 0.34444937
30 36 0.36564353
31 36 0.3852974
32 36 0.39498675
33 36 0.4068109
34 36 0.41562575
35 36 0.4227406
36 36 0.42873287
37 36 0.43387628
38 36 0.09274556
39 36 0.1357843
40 36 0.028944047
41 36 0.015291982
42 36 0.018165804
43 36 0.14553615
44 36 0.24861318
45 36 0.2908372
46 36 0.30924764
47 36 0.317582
48 36 0.3365557
49 36 0.3495139
50 36 0.36031947
51 36 0.36964554
52 36 0.3778664
53 36 0.38514262
54 36 0.39292789
55 36 0.39881226
56 36 0.40403473
57 36 0.40882656
58 36 0.41324413
59 36 0.41726053
60 36 0.4209354
0 37 0.4093964
1 37 0.4194986
2 37 0.42700848
3 37 0.43137574
4 37 0.43489924
5 37 0.43774253
6 37 0.44018105
7 37 0.44251457
8 37 0.4445224
9 37 0.4462981
10 37 0.4474563
11 37 0.44881034
12 37 0.45041242
13 37 0.45232406
14 37 0.45363584
15 37 0.45501477
16 37 0.45625064
17 37 0.4575053
18 37 0.45862615
19 37 0.459884
20 37 0.46099973
21 37 0.46202073
22 37 0.46314722
23 37 0.46448928
24 37 0.46516484
25 37 0.46639654
26 37 0.46722493
27 37 0.46806648
28 37 0.26018417
29 37 0.36264983
30 37 0.14415382
31 37 0.35841516
32 37 0.37425354
33 37 0.3871436
34 37 0.412373
35 37 0.33688527
36 37 0.3909208
37 37 0.41233906
38 37 0.11503423
39 37 0.15516058
40 37 0.22857308
41 37 0.0024868546
42 37 0.0014209201
43 37 0.040535532
44 37 0.19397415
45 37 0.23276089
46 37 0.22183055
47 37 0.28236124
48 37 0.3069886
49 37 0.32442734
50 37 0.34070346
51 37 0.35197976
52 37 0.36176115
53 37 0.37035063
54 37 0.3780241
55 37 0.3849424
56 37 0.391183
57 37 0.39681125
58 37 0.40188164
59 37 0.40659752
60 37 0.41167182
0 38 0.41181588
1 38 0.41967317
2 38 0.4248461
3 38 0.42870602
4 38 0.43181252
5 38 0.43445978
6 38 0.43669882
7 38 0.43878576
8 38 0.44064054
9 38 0.44269964
10 38 0.44432443
11 38 0.44532982
12 38 0.44670215
13 38 0.44830692
14 38 0.4497144
15 38 0.45111725
16 38 0.45248008
17 38 0.45366758
18 38 0.45505872
19 38 0.45668912
20 38 0.457705
21 38 0.45909297
22 38 0.4601467
23 38 0.46115133
24 38 0.46214283
25 38 0.46309423
26 38 0.46404248
27 38 0.46490213
28 38 0.46574467
29 38 0.4665518
30 38 0.3631762
31 38 0.03499199
32 38 0.28470185
33 38 0.3440226
34 38 0.3592545
35 38 0.37840837
36 38 0.3749906
37 38 0.39648506
38 38 0.40613317
39 38 0.29004398
40 38 0.06309496
41 38 0.010966476
42 38 0.0038115818
43 38 0.052403633
44 38 0.16434187
45 38 0.2093743
46 38 0.2671828
47 38 0.2964789
48 38 0.31957105
49 38 0.33429515
50 38 0.34651068
51 38 0.35701767
52 38 0.36620384
53 38 0.37434825
54 38 0.38155273
55 38 0.38813412
56 38 0.39406464
57 38 0.40040016
58 38 0.40511873
59 38 0.40945572
60 38 0.41339794
0 39 0.41342357
1 39 0.4209764
2 39 0.4258903
3 39 0.42951536
4 39 0.4325159
5 39 0.43545684
6 39 0.43716758
7 39 0.43948376
8 39 0.4407001
9 39 0.4422431
10 39 0.44393918
11 39 0.4453933
12 39 0.44672218
13 39 0.44815823
14 39 0.44951713
15 39 0.45073566
16 39 0.45219588
17 39 0.45332408
18 39 0.45444566
19 39 0.4555824
20 39 0.45677164
21 39 0.45791253
22 39 0.45893914
23 39 0.46009836
24 39 0.46107322
25 39 0.4620703
26 39 0.46302223
27 39 0.46408108
28 39 0.46497342
29 39 0.4657808
30 39 0.46657208
31 39 0.46735823
32 39 0.32451132
33 39 0.38539505
34 39 0.41829547
35 39 0.43101344
36 39 0.3950456
37 39 0.4315281
38 39 0.4405563
39 39 0.17597096
40 39 0.013311483
41 39 0.031331047
42 39 0.031009996
43 39 0.027344657
44 39 0.1908833
45 39 0.26775092
46 39 0.3003657
47 39 0.32142043
48 39 0.33778128
49 39 0.3510835
50 39 0.36236957
51 39 0.3725511
52 39 0.3813203
53 39 0.3888514
54 39 0.39560884
55 39 0.40143022
56 39 0.40689978
57 39 0.41180074
58 39 0.41687575
59 39 0.4200667
60 39 0.42444766
0 40 0.4222008
1 40 0.4294753
2 40 0.43426812
3 40 0.4375792
4 40 0.4402626
5 40 0.44251043
6 40 0.4443735
7 40 0.44600463
8 40 0.44802418
9 40 0.44950786
10 40 0.45007133
11 40 0.45148346
12 40 0.45282114
13 40 0.4541371
14 40 0.455443
15 40 0.45653775
16 40 0.45748648
17 40 0.45854217
18 40 0.4591362
19 40 0.46035886
20 40 0.4614006
21 40 0.46251756
22 40 0.46352124
23 40 0.46450272
24 40 0.4653731
25 40 0.46627057
26 40 0.46713117
27 40 0.46803743
28 40 0.46879917
29 40 0.46973985
30 40 0.47053918
31 40 0.47113514
32 40 0.4718202
33 40 0.47251603
34 40 0.47305068
35 40 0.4735878
36 40 0.47406828
37 40 0.21073297
38 40 0.29667982
39 40 0.037442468
40 40 0.0089925695
41 40 -0.0015310292
42 40 -1.7090105E-4
43 40 0.047509518
44 40 0.19445464
45 40 0.2605013
46 40 0.2919825
47 40 0.31323647
48 40 0.32961172
49 40 0.3430814
50 40 0.35453227
51 40 0.36444673
52 40 0.37484315
53 40 0.38248974
54 40 0.38939536
55 40 0.39560467
56 40 0.4011155
57 40 0.4062291
58 40 0.4108161
59 40 0.4149541
60 40 0.41872296
0 41 0.42464882
1 41 0.4306555
2 41 0.43452471
3 41 0.43737656
4 41 0.43980628
5 41 0.44194645
6 41 0.443623
7 41 0.4452424
8 41 0.4465747
9 41 0.44787014
10 41 0.44871193
11 41 0.45021465
12 41 0.45156622
13 41 0.45289534
14 41 0.45413512
15 41 0.4552953
16 41 0.4563744
17 41 0.45727628
18 41 0.4582409
19 41 0.4592453
20 41 0.46037886
21 41 0.46135226
22 41 0.46253148
23 41 0.46346852
24 41 0.46432447
25 41 0.465138
26 41 0.46603227
27 41 0.4669034
28 41 0.46772248
29 41 0.46855697
30 41 0.46927574
31 41 0.470047
32 41 0.4708739
33 41 0.4715624
34 41 0.47216347
35 41 0.472798
36 41 0.47347647
37 41 0.47404703
38 41 0.47457245
39 41 0.47506294
40 41 0.47562984
41 41 0.4761738
42 41 0.4766157
43 41 0.47726706
44 41 0.4779824
45 41 0.47864062
46 41 0.47933498
47 41 0.47996268
48 41 0.48058352
49 41 0.48109037
50 41 0.48158184
51 41 0.4822205
52 41 0.48277107
53 41 0.4832745
54 41 0.48383725
55 41 0.48425937
56 41 0.484691
57 41 0.48508334
58 41 0.48556015
59 41 0.48587754
60 41 0.48626623
0 42 0.4920339
1 42 0.49208272
2 42 0.49159956
3 42 0.4911579
4 42 0.49082294
5 42 0.49045232
6 42 0.4901147
7 42 0.48985246
8 42 0.48970523
9 42 0.48958975
10 42 0.48928335
11 42 0.4890331
12 42 0.4889579
13 42 0.48894277
14 42 0.488996
15 42 0.4890385
16 42 0.48903507
17 42 0.48905092
18 42 0.4891144
19 42 0.48933756
20 42 0.48962027
21 42 0.48992303
22 42 0.49022087
23 42 0.49058247
24 42 0.49089667
25 42 0.49119452
26 42 0.49158004
27 42 0.49182394
28 42 0.49211982
29 42 0.49254122
30 42 0.49276194
31 42 0.49308297
32 42 0.49341136
33 42 0.49367332
34 42 0.49404758
35 42 0.494406
36 42 0.4946604
37 42 0.49499318
38 42 0.495271
39 42 0.49559888
40 42 0.49586573
41 42 0.49617654
42 42 0.4962671
43 42 0.496636
44 42 0.49711308
45 42 0.49759892
46 42 0.49789482
47 42 0.49822393
48 42 0.49860406
49 42 0.49884918
50 42 0.49911603
51 42 0.49937433
52 42 0.49960333
53 42 0.4997796
54 42 0.49999985
55 42 0.5001583
56 42 0.50038874
57 42 0.50060827
58 42 0.5006798
59 42 0.5008302
60 42 0.5009432
0 43 0.50461465
1 43 0.5044877
2 43 0.5037731
3 43 0.50316346
4 43 0.50263196
5 43 0.50217074
6 43 0.50163144
7 43 0.50123715
8 43 0.5009378
9 43 0.5006861
10 43 0.5006053
11 43 0.5004061
12 43 0.5003265
13 43 0.50030255
14 43 0.50025815
15 43 0.50020367
16 43 0.5001197
17 43 0.50009555
18 43 0.5000628
19 43 0.50015634
20 43 0.50043464
21 43 0.50060874
22 43 0.5006793
23 43 0.5008685
24 43 0.50108653
25 43 0.50118953
26 43 0.5015204
27 43 0.50162166
28 43 0.50180674
29 43 0.50204676
30 43 0.50219715
31 43 0.50252676
32 43 0.50263244
33 43 0.502849
34 43 0.5030995
35 43 0.5032958
36 43 0.5035929
37 43 0.50378966
38 43 0.50401527
39 43 0.5042729
40 43 0.5045316
41 43 0.50463784
42 43 0.5048136
43 43 0.5051176
44 43 0.5053735
45 43 0.50560784
46 43 0.5055807
47 43 0.50582343
48 43 0.50606924
49 43 0.5062414
50 43 0.5064655
51 43 0.5065222
52 43 0.5066401
53 43 0.5068212
54 43 0.50688815
55 43 0.5069521
56 43 0.507102
57 43 0.50713325
58 43 0.5071909
59 43 0.5073112
60 43 0.50744426
0 44 0.5100671
1 44 0.50986254
2 44 0.5092368
3 44 0.5088989
4 44 0.50857174
5 44 0.5079648
6 44 0.5076235
7 44 0.5072587
8 44 0.50711834
9 44 0.5069907
10 44 0.50682366
11 44 0.50663495
12 44 0.50661564
13 44 0.50661343
14 44 0.5066103
15 44 0.50657564
16 44 0.5063471
17 44 0.5061264
18 44 0.506101
19 44 0.50603604
20 44 0.50619596
21 44 0.5064091
22 44 0.50656193
23 44 0.5066679
24 44 0.5068542
25 44 0.5069853
26 44 0.5071186
27 44 0.5072392
28 44 0.5075253
29 44 0.5076257
30 44 0.50781757
31 44 0.50801975
32 44 0.50817966
33 44 0.5084287
34 44 0.508625
35 44 0.50875336
36 44 0.5089546
37 44 0.5091272
38 44 0.5093132
39 44 0.50963306
40 44 0.50932324
41 44 0.5098884
42 44 0.51003027
43 44 0.5101782
44 44 0.5105068
45 44 0.5106255
46 44 0.51063865
47 44 0.51073146
48 44 0.51082766
49 44 0.5109126
50 44 0.51104933
51 44 0.51112723
52 44 0.5111311
53 44 0.5110669
54 44 0.5111631
55 44 0.51124537
56 44 0.5113262
57 44 0.5114812
58 44 0.51151615
59 44 0.5115991
60 44 0.5116182
0 45 0.51356936
1 45 0.513511
2 45 0.5131441
3 45 0.51286334
4 45 0.512627
5 45 0.5121468
6 45 0.5118579
7 45 0.511615
8 45 0.51127344
9 45 0.5110986
10 45 0.51088625
11 45 0.51087475
12 45 0.5108787
13 45 0.5108533
14 45 0.51084304
15 45 0.510834
16 45 0.51076126
17 45 0.51062965
18 45 0.5105479
19 45 0.5104666
20 45 0.5106255
21 45 0.5107969
22 45 0.5110149
23 45 0.5111521
24 45 0.511334
25 45 0.511575
26 45 0.51164037
27 45 0.5117698
28 45 0.51191336
29 45 0.512084
30 45 0.51215625
31 45 0.5123594
32 45 0.5126099
33 45 0.51268214
34 45 0.51279765
35 45 0.51295316
36 45 0.51315874
37 45 0.51330227
38 45 0.51355374
39 45 0.51366997
40 45 0.51386356
41 45 0.51406646
42 45 0.5141768
43 45 0.5143592
44 45 0.5146307
45 45 0.5147735
46 45 0.5149114
47 45 0.51509136
48 45 0.51472884
49 45 0.51519316
50 45 0.5154056
51 45 0.5154967
52 45 0.5156158
53 45 0.5156558
54 45 0.5156617
55 45 0.51577544
56 45 0.51584554
57 45 0.51588386
58 45 0.5159422
59 45 0.5160213
60 45 0.5160665
0 46 0.51686066
1 46 0.51694465
2 46 0.51688874
3 46 0.5168165
4 46 0.51669616
5 46 0.51653135
6 46 0.51614827
7 46 0.5159078
8 46 0.5156446
9 46 0.5154283
10 46 0.5151356
11 46 0.5149512
12 46 0.5148655
13 46 0.5148301
14 46 0.5147481
15 46 0.5146661
16 46 0.51456255
17 46 0.5142027
18 46 0.51402104
19 46 0.51386184
20 46 0.5139749
21 46 0.51416093
22 46 0.51428497
23 46 0.5145052
24 46 0.51463777
25 46 0.51465803
26 46 0.514878
27 46 0.51505107
28 46 0.5151524
29 46 0.5152496
30 46 0.5154141
31 46 0.51560456
32 46 0.5156512
33 46 0.5157894
34 46 0.51590705
35 46 0.5161402
36 46 0.51623785
37 46 0.5164127
38 46 0.51664513
39 46 0.51676816
40 46 0.5168844
41 46 0.5171134
42 46 0.51724154
43 46 0.51740974
44 46 0.5176317
45 46 0.5178033
46 46 0.5179979
47 46 0.51814413
48 46 0.51823425
49 46 0.51838976
50 46 0.51859194
51 46 0.5186483
52 46 0.5187003
53 46 0.51874524
54 46 0.5186918
55 46 0.5189203
56 46 0.5190575
57 46 0.51913196
58 46 0.51916397
59 46 0.51920426
60 46 0.51923937
0 47 0.521214
1 47 0.5213844
2 47 0.5213874
3 47 0.52111834
4 47 0.5206325
5 47 0.52014786
6 47 0.51974916
7 47 0.5194286
8 47 0.5191571
9 47 0.5189139
10 47 0.51873034
11 47 0.5186283
12 47 0.51831996
13 47 0.5181764
14 47 0.5180431
15 47 0.517879
16 47 0.5177171
17 47 0.5175367
18 47 0.51728576
19 47 0.517151
20 47 0.5172032
21 47 0.517421
22 47 0.5175582
23 47 0.51764
24 47 0.5176788
25 47 0.5178314
26 47 0.51790977
27 47 0.5180316
28 47 0.518171
29 47 0.51838243
30 47 0.51856947
31 47 0.5186444
32 47 0.5187032
33 47 0.51880676
34 47 0.5188827
35 47 0.5190182
36 47 0.5191456
37 47 0.51923305
38 47 0.51937366
39 47 0.51958996
40 47 0.5196561
41 47 0.5197621
42 47 0.51991665
43 47 0.5200507
44 47 0.52014905
45 47 0.5202448
46 47 0.52034634
47 47 0.5206244
48 47 0.52065545
49 47 0.5206762
50 47 0.52074844
51 47 0.5209045
52 47 0.5209823
53 47 0.5211115
54 47 0.5211464
55 47 0.52117157
56 47 0.52122086
57 47 0.5212553
58 47 0.52132463
59 47 0.521342
60 47 0.521359
0 48 0.5232385
1 48 0.5232734
2 48 0.52306634
3 48 0.52267253
4 48 0.5222514
5 48 0.52190006
6 48 0.52144253
7 48 0.5211447
8 48 0.5208664
9 48 0.52065104
10 48 0.5204374
11 48 0.52029777
12 48 0.5201325
13 48 0.51990885
14 48 0.51973695
15 48 0.51964223
16 48 0.5194408
17 48 0.519152
18 48 0.51892567
19 48 0.5187506
20 48 0.51888317
21 48 0.5190765
22 48 0.5191537
23 48 0.5192645
24 48 0.5193368
25 48 0.5195304
26 48 0.51964366
27 48 0.51969767
28 48 0.5198449
29 48 0.5199664
30 48 0.5201071
31 48 0.520183
32 48 0.5202619
33 48 0.5204054
34 48 0.5205814
35 48 0.52065057
36 48 0.52070594
37 48 0.5208661
38 48 0.5209191
39 48 0.5211381
40 48 0.5212372
41 48 0.5213588
42 48 0.5215336
43 48 0.5216376
44 48 0.52168524
45 48 0.5218171
46 48 0.521861
47 48 0.52197576
48 48 0.52214813
49 48 0.5221979
50 48 0.5222868
51 48 0.5223654
52 48 0.5224631
53 48 0.52254826
54 48 0.5226242
55 48 0.52263546
56 48 0.5226464
57 48 0.52266717
58 48 0.5226689
59 48 0.5226774
60 48 0.52270037
0 49 0.52516574
1 49 0.52509886
2 49 0.5247468
3 49 0.5243005
4 49 0.52389544
5 49 0.5235312
6 49 0.52312785
7 49 0.52283907
8 49 0.52264374
9 49 0.52234954
10 49 0.52217084
11 49 0.5220651
12 49 0.5218976
13 49 0.5217485
14 49 0.5216486
15 49 0.5214623
16 49 0.52119964
17 49 0.52094495
18 49 0.52080536
19 49 0.5208654
20 49 0.52110904
21 49 0.5212218
22 49 0.5213207
23 49 0.521111
24 49 0.5215534
25 49 0.5216706
26 49 0.52181655
27 49 0.52192986
28 49 0.52204776
29 49 0.5221528
30 49 0.5222299
31 49 0.52234
32 49 0.5224836
33 49 0.522591
34 49 0.5226455
35 49 0.52268916
36 49 0.52278364
37 49 0.5229372
38 49 0.52294064
39 49 0.5230512
40 49 0.523144
41 49 0.5231848
42 49 0.5232739
43 49 0.523385
44 49 0.5235051
45 49 0.52360564
46 49 0.523654
47 49 0.5236896
48 49 0.52367157
49 49 0.52383685
50 49 0.52394235
51 49 0.5240588
52 49 0.52415204
53 49 0.5241936
54 49 0.524279
55 49 0.5243608
56 49 0.52443403
57 49 0.52451485
58 49 0.52458835
59 49 0.5246352
60 49 0.524653
0 50 0.52650857
1 50 0.5264011
2 50 0.5261614
3 50 0.5258384
4 50 0.52555054
5 50 0.5251191
6 50 0.52473754
7 50 0.52448165
8 50 0.52428365
9 50 0.5241003
10 50 0.52393943
11 50 0.5238398
12 50 0.52368474
13 50 0.5236423
14 50 0.52354854
15 50 0.52346843
16 50 0.52337664
17 50 0.52319014
18 50 0.52313155
19 50 0.5230739
20 50 0.52325094
21 50 0.5234316
22 50 0.5236706
23 50 0.523812
24 50 0.52390647
25 50 0.52405244
26 50 0.52415013
27 50 0.52421165
28 50 0.5243403
29 50 0.52448237
30 50 0.52463764
31 50 0.52467114
32 50 0.5247951
33 50 0.5248933
34 50 0.524979
35 50 0.5251047
36 50 0.5251697
37 50 0.5252512
38 50 0.52535814
39 50 0.5254846
40 50 0.52562374
41 50 0.52566797
42 50 0.5257431
43 50 0.5258987
44 50 0.5260237
45 50 0.5261384
46 50 0.5261777
47 50 0.52624685
48 50 0.52636915
49 50 0.5264763
50 50 0.5266194
51 50 0.5266585
52 50 0.52668166
53 50 0.5267432
54 50 0.5268357
55 50 0.5268967
56 50 0.5269412
57 50 0.5270105
58 50 0.52699953
59 50 0.5270628
60 50 0.52699953
0 51 0.52771145
1 51 0.5277522
2 51 0.52765065
3 51 0.52722436
4 51 0.5268994
5 51 0.5266548
6 51 0.52639526
7 51 0.52617407
8 51 0.5260215
9 51 0.52581614
10 51 0.5256516
11 51 0.52546656
12 51 0.5252644
13 51 0.52514744
14 51 0.5250666
15 51 0.5249634
16 51 0.524884
17 51 0.5247541
18 51 0.52466136
19 51 0.52461326
20 51 0.5246318
21 51 0.52479756
22 51 0.5249216
23 51 0.52510595
24 51 0.5251308
25 51 0.52056116
26 51 0.5238679
27 51 0.52470845
28 51 0.524937
29 51 0.5214245
30 51 0.52295965
31 51 0.5241985
32 51 0.5248127
33 51 0.52382785
34 51 0.52518916
35 51 0.52560645
36 51 0.5257297
37 51 0.5258938
38 51 0.5261157
39 51 0.52621657
40 51 0.526387
41 51 0.5266125
42 51 0.5266697
43 51 0.52678394
44 51 0.5269326
45 51 0.5270835
46 51 0.5271638
47 51 0.5272532
48 51 0.52734816
49 51 0.5274658
50 51 0.527573
51 51 0.52764285
52 51 0.5276155
53 51 0.5276685
54 51 0.5276792
55 51 0.5276963
56 51 0.52772
57 51 0.5277434
58 51 0.52774733
59 51 0.5277464
60 51 0.5277307
0 52 0.5288079
1 52 0.52890944
2 52 0.52887726
3 52 0.5286802
4 52 0.5284866
5 52 0.52810353
6 52 0.52766186
7 52 0.52731836
8 52 0.52716213
9 52 0.5270535
10 52 0.526948
11 52 0.52690774
12 52 0.5268357
13 52 0.52672046
14 52 0.5266951
15 52 0.5266514
16 52 0.5265264
17 52 0.5262112
18 52 0.52608764
19 52 0.5259094
20 52 0.5257148
21 52 0.5257893
22 52 0.5258555
23 52 0.5258828
24 52 0.52594995
25 52 0.5259834
26 52 0.5260979
27 52 0.52615136
28 52 0.5261687
29 52 0.52619946
30 52 0.52626634
31 52 0.5263665
32 52 0.5264465
33 52 0.52657205
34 52 0.52652466
35 52 0.5266626
36 52 0.52671164
37 52 0.52681446
38 52 0.526916
39 52 0.5270247
40 52 0.52710766
41 52 0.52714723
42 52 0.5271858
43 52 0.5272942
44 52 0.5274297
45 52 0.5275735
46 52 0.52763504
47 52 0.5276575
48 52 0.5276863
49 52 0.5277527
50 52 0.5277903
51 52 0.52786696
52 52 0.5278928
53 52 0.5279168
54 52 0.5279387
55 52 0.5279556
56 52 0.5279812
57 52 0.52799976
58 52 0.52801347
59 52 0.5279895
60 52 0.5279717
0 53 0.5212013
1 53 0.52151823
2 53 0.5215966
3 53 0.521371
4 53 0.52123183
5 53 0.5211476
6 53 0.52122307
7 53 0.5215046
8 53 0.52165616
9 53 0.52183247
10 53 0.5219799
11 53 0.5221515
12 53 0.5225744
13 53 0.5227106
14 53 0.52287763
15 53 0.5230649
16 53 0.5232158
17 53 0.5234082
18 53 0.5237163
19 53 0.5240197
20 53 0.52424115
21 53 0.5247534
22 53 0.5251533
23 53 0.5255339
24 53 0.5257888
25 53 0.5261064
26 53 0.5263721
27 53 0.5266619
28 53 0.52689403
29 53 0.52716434
30 53 0.5274395
31 53 0.52765995
32 53 0.5278106
33 53 0.52795875
34 53 0.5281565
35 53 0.52827126
36 53 0.52848125
37 53 0.52863526
38 53 0.5286836
39 53 0.52877325
40 53 0.52895707
41 53 0.5290789
42 53 0.5291702
43 53 0.52921784
44 53 0.52934307
45 53 0.52945805
46 53 0.5295491
47 53 0.52963823
48 53 0.5296592
49 53 0.52966875
50 53 0.52968585
51 53 0.529699
52 53 0.529638
53 53 0.5296888
54 53 0.5296805
55 53 0.52974665
56 53 0.5297215
57 53 0.52981424
58 53 0.5298826
59 53 0.5298682
60 53 0.5298274
0 54 0.5316773
1 54 0.53170514
2 54 0.5316434
3 54 0.53126204
4 54 0.53096735
5 54 0.53066754
6 54 0.5302928
7 54 0.53003204
8 54 0.52968293
9 54 0.52939093
10 54 0.5291663
11 54 0.52911794
12 54 0.5289261
13 54 0.5287786
14 54 0.5287835
15 54 0.5288152
16 54 0.5286787
17 54 0.5286238
18 54 0.5285374
19 54 0.5284016
20 54 0.5283111
21 54 0.5286648
22 54 0.5288189
23 54 0.52900857
24 54 0.5291678
25 54 0.52927375
26 54 0.5294844
27 54 0.5296443
28 54 0.5296912
29 54 0.5298352
30 54 0.5299456
31 54 0.53011966
32 54 0.530178
33 54 0.53021854
34 54 0.53041244
35 54 0.53053665
36 54 0.53064483
37 54 0.53066874
38 54 0.5307259
39 54 0.5308006
40 54 0.5309266
41 54 0.5310152
42 54 0.53113824
43 54 0.5311778
44 54 0.5312137
45 54 0.53126764
46 54 0.5313409
47 54 0.5313797
48 54 0.5314559
49 54 0.5314959
50 54 0.5315125
51 54 0.5315174
52 54 0.53156793
53 54 0.531589
54 54 0.53161675
55 54 0.53163165
56 54 0.5316483
57 54 0.531639
58 54 0.53163165
59 54 0.5315606
60 54 0.53157115
0 55 0.5335917
1 55 0.5333399
2 55 0.53287244
3 55 0.5324508
4 55 0.5319212
5 55 0.5314852
6 55 0.53114825
7 55 0.53089994
8 55 0.53072006
9 55 0.53064877
10 55 0.5305831
11 55 0.5303294
12 55 0.53022003
13 55 0.530408
14 55 0.53021806
15 55 0.5300784
16 55 0.52992195
17 55 0.5298599
18 55 0.529857
19 55 0.5297234
20 55 0.52964383
21 55 0.5297591
22 55 0.5192765
23 55 0.5265388
24 55 0.5282263
25 55 0.5288704
26 55 0.52917314
27 55 0.5296624
28 55 0.5298714
29 55 0.530148
30 55 0.5302769
31 55 0.5305821
32 55 0.5307486
33 55 0.5308929
34 55 0.53104305
35 55 0.5311558
36 55 0.5312054
37 55 0.5313343
38 55 0.53150713
39 55 0.5316302
40 55 0.53167194
41 55 0.53171563
42 55 0.5317772
43 55 0.5319112
44 55 0.531931
45 55 0.5320223
46 55 0.5321268
47 55 0.5321629
48 55 0.53216827
49 55 0.5321737
50 55 0.532182
51 55 0.5322091
52 55 0.5322266
53 55 0.5322613
54 55 0.53228253
55 55 0.53227866
56 55 0.53231037
57 55 0.5323138
58 55 0.53231335
59 55 0.5322933
60 55 0.5322747
0 56 0.5351842
1 56 0.5349027
2 56 0.5342123
3 56 0.53366196
4 56 0.53305846
5 56 0.5326937
6 56 0.5325672
7 56 0.53239924
8 56 0.5322352
9 56 0.5320987
10 56 0.5318558
11 56 0.53166854
12 56 0.5315416
13 56 0.5311976
14 56 0.5309664
15 56 0.5308404
16 56 0.5306744
17 56 0.53066486
18 56 0.53050935
19 56 0.53032136
20 56 0.5301753
21 56 0.53039974
22 56 0.53068465
23 56 0.53088534
24 56 0.5311224
25 56 0.53120786
26 56 0.5313861
27 56 0.5315687
28 56 0.53165925
29 56 0.5316951
30 56 0.5318145
31 56 0.531909
32 56 0.53201205
33 56 0.53217614
34 56 0.5321932
35 56 0.5323265
36 56 0.5323829
37 56 0.5326019
38 56 0.5326693
39 56 0.5326871
40 56 0.5327398
41 56 0.5328041
42 56 0.53290635
43 56 0.53294885
44 56 0.5330423
45 56 0.53309166
46 56 0.5331483
47 56 0.53317124
48 56 0.5331864
49 56 0.533181
50 56 0.5332115
51 56 0.5332284
52 56 0.53323424
53 56 0.5332289
54 56 0.53323865
55 56 0.53324133
56 56 0.53324354
57 56 0.53323424
58 56 0.53321373
59 56 0.53321594
60 56 0.53319323
0 57 0.5366227
1 57 0.5362948
2 57 0.53574526
3 57 0.5351715
4 57 0.534673
5 57 0.53398913
6 57 0.5336749
7 57 0.5333294
8 57 0.53305113
9 57 0.5326732
10 57 0.5326605
11 57 0.5325497
12 57 0.532347
13 57 0.5321241
14 57 0.53195006
15 57 0.5319027
16 57 0.5319122
17 57 0.5319327
18 57 0.53190464
19 57 0.53168684
20 57 0.5312735
21 57 0.531274
22 57 0.5313345
23 57 0.53134847
24 57 0.53139144
25 57 0.53146124
26 57 0.53146714
27 57 0.5313861
28 57 0.5313758
29 57 0.53143096
30 57 0.53151494
31 57 0.53150666
32 57 0.5315396
33 57 0.5316449
34 57 0.5316612
35 57 0.5316732
36 57 0.5316861
37 57 0.5317205
38 57 0.5317918
39 57 0.53181624
40 57 0.5318812
41 57 0.53191096
42 57 0.53195465
43 57 0.5319849
44 57 0.53199106
45 57 0.53203744
46 57 0.5320789
47 57 0.53210604
48 57 0.53211385
49 57 0.53214777
50 57 0.5321307
51 57 0.5321346
52 57 0.53212506
53 57 0.53211874
54 57 0.532129
55 57 0.53215075
56 57 0.53216
57 57 0.53215367
58 57 0.5321629
59 57 0.5321615
60 57 0.53215265
0 58 0.5226943
1 58 0.52108026
2 58 0.51967126
3 58 0.51864684
4 58 0.5181171
5 58 0.51785535
6 58 0.51798964
7 58 0.5185023
8 58 0.5189591
9 58 0.51958483
10 58 0.5201261
11 58 0.52064955
12 58 0.52102506
13 58 0.5216191
14 58 0.52213126
15 58 0.52266544
16 58 0.523175
17 58 0.5227365
18 58 0.52314055
19 58 0.52395916
20 58 0.5248559
21 58 0.52579147
22 58 0.5267036
23 58 0.5275598
24 58 0.5281802
25 58 0.5287874
26 58 0.52936137
27 58 0.52993584
28 58 0.5303953
29 58 0.53094953
30 58 0.53132695
31 58 0.5316751
32 58 0.5320572
33 58 0.53228253
34 58 0.5326727
35 58 0.5328861
36 58 0.53314465
37 58 0.53331137
38 58 0.5336566
39 58 0.53374547
40 58 0.533986
41 58 0.534182
42 58 0.5343304
43 58 0.5345692
44 58 0.534672
45 58 0.5346879
46 58 0.5348505
47 58 0.53493106
48 58 0.5350231
49 58 0.53514296
50 58 0.53519005
51 58 0.53521717
52 58 0.53530824
53 58 0.5354132
54 58 0.535475
55 58 0.53556925
56 58 0.5354989
57 58 0.5356176
58 58 0.5356608
59 58 0.53567374
60 58 0.5356786
0 59 0.54019797
1 59 0.53997576
2 59 0.5392292
3 59 0.5386176
4 59 0.53797305
5 59 0.5374865
6 59 0.53692424
7 59 0.53668594
8 59 0.5363344
9 59 0.5361227
10 59 0.5358466
11 59 0.5356608
12 59 0.5352882
13 59 0.5349508
14 59 0.53468204
15 59 0.534495
16 59 0.5342496
17 59 0.5341578
18 59 0.5340702
19 59 0.53416175
20 59 0.53412414
21 59 0.5341969
22 59 0.5345926
23 59 0.5346991
24 59 0.53488684
25 59 0.535068
26 59 0.53518593
27 59 0.53533804
28 59 0.53556144
29 59 0.5356749
30 59 0.53577673
31 59 0.53589493
32 59 0.5359555
33 59 0.53613466
34 59 0.5361901
35 59 0.5362763
36 59 0.5362953
37 59 0.5364552
38 59 0.5366537
39 59 0.536682
40 59 0.53669035
41 59 0.53677434
42 59 0.53686196
43 59 0.53692377
44 59 0.5369379
45 59 0.5370329
46 59 0.53708607
47 59 0.537132
48 59 0.53714275
49 59 0.5371657
50 59 0.53718203
51 59 0.5371613
52 59 0.5371918
53 59 0.53719914
54 59 0.53720254
55 59 0.53720206
56 59 0.5372123
57 59 0.5372016
58 59 0.5372045
59 59 0.53720206
60 59 0.53719425
0 60 0.54131347
1 60 0.5410217
2 60 0.54034764
3 60 0.5396872
4 60 0.5391259
5 60 0.5385761
6 60 0.53799725
7 60 0.53769815
8 60 0.53748894
9 60 0.53718156
10 60 0.5368981
11 60 0.5366801
12 60 0.53627723
13 60 0.5359555
14 60 0.5356862
15 60 0.5355297
16 60 0.5353561
17 60 0.53520983
18 60 0.53510046
19 60 0.53491735
20 60 0.5348114
21 60 0.5349262
22 60 0.535214
23 60 0.53555655
24 60 0.5356854
25 60 0.53584313
26 60 0.53598183
27 60 0.5361659
28 60 0.5362511
29 60 0.53642374
30 60 0.5366056
31 60 0.5366772
32 60 0.536706
33 60 0.536776
34 60 0.53688467
35 60 0.5369733
36 60 0.537058
37 60 0.537141
38 60 0.53724796
39 60 0.537361
40 60 0.53741497
41 60 0.5376125
42 60 0.53766423
43 60 0.53765154
44 60 0.53768206
45 60 0.5377084
46 60 0.5377113
47 60 0.5377404
48 60 0.53777605
49 60 0.5377824
50 60 0.5377997
51 60 0.5377707
52 60 0.5377697
53 60 0.5377829
54 60 0.5377538
55 60 0.5377331
56 60 0.53771526
57 60 0.53769964
58 60 0.5376896
59 60 0.5376816
60 60 0.53765714
